             t             r           psi            cs            qs                 p               sig             A             V            Q2             S
      0.000000     -0.000000     -1.570796      0.789608      0.000000        -19.470807         12.329407      0.000000     -0.000000     -0.454283      5.029377
      0.009804      0.049295     -1.531703      0.800087      0.000000        -19.477272         12.227255      0.007637      0.000004     -0.454283      5.029377
      0.019608      0.098514     -1.491847      0.816662      0.000000        -19.502279         12.059028      0.030536      0.000059     -0.454283      5.029377
      0.029412      0.147575     -1.451147      0.834419      0.000000        -19.547567         11.895676      0.068662      0.000301     -0.454283      5.029377
      0.039216      0.196395     -1.409533      0.853864      0.000000        -19.616668         11.736456      0.121952      0.000955     -0.454283      5.029377
      0.049020      0.244880     -1.366908      0.875460      0.000000        -19.713930         11.580702      0.190317      0.002341     -0.454283      5.029377
      0.058824      0.292933     -1.323155      0.899757      0.000000        -19.844760         11.427834      0.273639      0.004869     -0.454283      5.029377
      0.068627      0.340450     -1.278123      0.927427      0.000000        -20.015918         11.277385      0.371768      0.009039     -0.454283      5.029377
      0.078431      0.387315     -1.231627      0.959298      0.000000        -20.235886         11.129032      0.484521      0.015439     -0.454283      5.029377
      0.088235      0.433403     -1.183436      0.996396      0.000000        -20.515317         10.982645      0.611675      0.024738     -0.454283      5.029377
      0.098039      0.478575     -1.133261      1.039990      0.000000        -20.867591         10.838366      0.752970      0.037682     -0.454283      5.029377
      0.107843      0.522673     -1.080745      1.091640      0.000000        -21.309435         10.696716      0.908098      0.055084     -0.454283      5.029377
      0.117647      0.565520     -1.025445      1.153224      0.000000        -21.861537         10.558762      1.076699      0.077816     -0.454283      5.029377
      0.127451      0.606910     -0.966820      1.226925      0.000000        -22.548921         10.426376      1.258354      0.106789     -0.454283      5.029377
      0.137255      0.646602     -0.904214      1.315087      0.000000        -23.400530         10.302605      1.452576      0.142936     -0.454283      5.029377
      0.147059      0.684313     -0.836860      1.419793      0.000000        -24.446867         10.192220      1.658796      0.187179     -0.454283      5.029377
      0.156863      0.719707     -0.763914      1.541883      0.000000        -25.713395         10.102482      1.876350      0.240381     -0.454283      5.029377
      0.166667      0.752389     -0.684557      1.678973      0.000000        -27.205751         10.044113      2.104459      0.303276     -0.454283      5.029377
      0.176471      0.781904     -0.598237      1.822038      0.000000        -28.881500         10.032286      2.342216      0.376360     -0.454283      5.029377
      0.186275      0.807760     -0.505103      1.950821      0.000000        -30.606210         10.087017      2.588563      0.459749     -0.454283      5.029377
      0.196078      0.829473     -0.406652      2.030828      0.000000        -32.107906         10.231650      2.842290      0.553009     -0.454283      5.029377
      0.205882      0.846672     -0.306354      2.018526      0.000000        -32.979808         10.487667      3.102052      0.655037     -0.454283      5.029377
      0.215686      0.859222     -0.209678      1.880742      0.000000        -32.803942         10.865489      3.366422      0.764084     -0.454283      5.029377
      0.225490      0.867329     -0.122932      1.619924      0.000000        -31.388383         11.355374      3.633982      0.878014     -0.454283      5.029377
      0.235294      0.871548     -0.051234      1.280347      0.000000        -28.935702         11.926222      3.903432      0.994734     -0.454283      5.029377
      0.245098      0.872663      0.003071      0.924513      0.000000        -25.953833         12.535510      4.173688      1.112566     -0.454283      5.029377
      0.254902      0.871523      0.040510      0.602615      0.000000        -22.989239         13.143541      4.443917      1.230381     -0.454283      5.029377
      0.264706      0.868908      0.063478      0.339673      0.000000        -20.422320         13.722603      4.713547      1.347544     -0.454283      5.029377
      0.274510      0.865455      0.075053      0.140014      0.000000        -18.425022         14.258391      4.982222      1.463759     -0.454283      5.029377
      0.284314      0.861651      0.078218     -0.003056      0.000000        -17.017272         14.746864      5.249762      1.578934     -0.454283      5.029377
      0.294118      0.857845      0.075511     -0.099926      0.000000        -16.139037         15.190200      5.516116      1.693090     -0.454283      5.029377
      0.303922      0.854274      0.068953     -0.160894      0.000000        -15.701374         15.593638      5.781323      1.806304     -0.454283      5.029377
      0.313725      0.851088      0.060089     -0.194753      0.000000        -15.613778         15.963500      6.045480      1.918685     -0.454283      5.029377
      0.323529      0.848371      0.050076     -0.208554      0.000000        -15.795715         16.306132      6.308721      2.030351     -0.454283      5.029377
      0.333333      0.846157      0.039761     -0.207801      0.000000        -16.179766         16.627399      6.571198      2.141426     -0.454283      5.029377
      0.343137      0.844446      0.029752     -0.196762      0.000000        -16.711073         16.932505      6.833067      2.252033     -0.454283      5.029377
      0.352941      0.843212      0.020471     -0.178754      0.000000        -17.345494         17.225952      7.094481      2.362287     -0.454283      5.029377
      0.362745      0.842411      0.012196     -0.156372      0.000000        -18.047592         17.511577      7.355581      2.472297     -0.454283      5.029377
      0.372549      0.841990      0.005089     -0.131654      0.000000        -18.788874         17.792607      7.616493      2.582159     -0.454283      5.029377
      0.382353      0.841888     -0.000775     -0.106202      0.000000        -19.546420         18.071715      7.877326      2.691958     -0.454283      5.029377
      0.392157      0.842046     -0.005393     -0.081262      0.000000        -20.301875         18.351070      8.138169      2.801766     -0.454283      5.029377
      0.401961      0.842401     -0.008813     -0.057781      0.000000        -21.040747         18.632386      8.399092      2.911639     -0.454283      5.029377
      0.411765      0.842896     -0.011126     -0.036448      0.000000        -21.751930         18.916958      8.660149      3.021622     -0.454283      5.029377
      0.421569      0.843482     -0.012451     -0.017724      0.000000        -22.427375         19.205694      8.921375      3.131745     -0.454283      5.029377
      0.431373      0.844110     -0.012922     -0.001871      0.000000        -23.061844         19.499159      9.182790      3.242026     -0.454283      5.029377
      0.441176      0.844744     -0.012684      0.011029      0.000000        -23.652680         19.797605      9.444401      3.352473     -0.454283      5.029377
      0.450980      0.845352     -0.011881      0.021042      0.000000        -24.199572         20.101010      9.706206      3.463083     -0.454283      5.029377
      0.460784      0.845909     -0.010653      0.028359      0.000000        -24.704273         20.409129      9.968191      3.573848     -0.454283      5.029377
      0.470588      0.846397     -0.009125      0.033263      0.000000        -25.170280         20.721527     10.230339      3.684752     -0.454283      5.029377
      0.480392      0.846805     -0.007407      0.036108      0.000000        -25.602479         21.037633     10.492626      3.795775     -0.454283      5.029377
      0.490196      0.847126     -0.005591      0.037286      0.000000        -26.006769         21.356779     10.755025      3.906896     -0.454283      5.029377
      0.500000      0.847356     -0.003750      0.037204      0.000000        -26.389705         21.678237     11.017511      4.018090     -0.454283      5.029377
      0.509804      0.847496     -0.001936      0.036267      0.000000        -26.758173         22.001256     11.280053      4.129333     -0.454283      5.029377
      0.519608      0.847548     -0.000182      0.034864      0.000000        -27.119113         22.325085     11.542625      4.240602     -0.454283      5.029377
      0.529412      0.847516      0.001500      0.033351      0.000000        -27.479324         22.648992     11.805201      4.351873     -0.454283      5.029377
      0.539216      0.847402      0.003111      0.032056      0.000000        -27.845333         22.972275     12.067753      4.463125     -0.454283      5.029377
      0.549020      0.847210      0.004670      0.031268      0.000000        -28.223343         23.294266     12.330258      4.574336     -0.454283      5.029377
      0.558824      0.846941      0.006207      0.031248      0.000000        -28.619249         23.614321     12.592691      4.685485     -0.454283      5.029377
      0.568627      0.846597      0.007768      0.032230      0.000000        -29.038708         23.931817     12.855030      4.796554     -0.454283      5.029377
      0.578431      0.846174      0.009405      0.034426      0.000000        -29.487251         24.246135     13.117250      4.907520     -0.454283      5.029377
      0.588235      0.845667      0.011186      0.038038      0.000000        -29.970438         24.556638     13.379326      5.018363     -0.454283      5.029377
      0.598039      0.845068      0.013183      0.043264      0.000000        -30.494011         24.862654     13.641231      5.129059     -0.454283      5.029377
      0.607843      0.844362      0.015482      0.050308      0.000000        -31.064063         25.163450     13.902934      5.239581     -0.454283      5.029377
      0.617647      0.843534      0.018178      0.059382      0.000000        -31.687183         25.458210     14.164400      5.349899     -0.454283      5.029377
      0.627451      0.842562      0.021375      0.070719      0.000000        -32.370575         25.746010     14.425588      5.459976     -0.454283      5.029377
      0.637255      0.841416      0.025193      0.084570      0.000000        -33.122116         26.025799     14.686448      5.569769     -0.454283      5.029377
      0.647059      0.840065      0.029761      0.101208      0.000000        -33.950335         26.296379     14.946923      5.679226     -0.454283      5.029377
      0.656863      0.838467      0.035224      0.120927      0.000000        -34.864289         26.556396     15.206942      5.788284     -0.454283      5.029377
      0.666667      0.836575      0.041742      0.144030      0.000000        -35.873294         26.804334     15.466422      5.896868     -0.454283      5.029377
      0.676471      0.834332      0.049488      0.170822      0.000000        -36.986489         27.038529     15.725263      6.004884     -0.454283      5.029377
      0.686275      0.831673      0.058653      0.201586      0.000000        -38.212214         27.257188     15.983346      6.112225     -0.454283      5.029377
      0.696078      0.828525      0.069437      0.236565      0.000000        -39.557198         27.458432     16.240532      6.218757     -0.454283      5.029377
      0.705882      0.824802      0.082054      0.275930      0.000000        -41.025582         27.640360     16.496655      6.324325     -0.454283      5.029377
      0.715686      0.820409      0.096721      0.319746      0.000000        -42.617850         27.801129     16.751524      6.428743     -0.454283      5.029377
      0.725490      0.815241      0.113658      0.367944      0.000000        -44.329789         27.939051     17.004915      6.531795     -0.454283      5.029377
      0.735294      0.809185      0.133074      0.420290      0.000000        -46.151626         28.052710     17.256571      6.633229     -0.454283      5.029377
      0.745098      0.802114      0.155166      0.476366      0.000000        -48.067549         28.141067     17.506196      6.732756     -0.454283      5.029377
      0.754902      0.793899      0.180103      0.535572      0.000000        -50.055778         28.203560     17.753457      6.830046     -0.454283      5.029377
      0.764706      0.784403      0.208021      0.597139      0.000000        -52.089296         28.240182     17.997978      6.924734     -0.454283      5.029377
      0.774510      0.773487      0.239014      0.660167      0.000000        -54.137259         28.251507     18.239340      7.016419     -0.454283      5.029377
      0.784314      0.761011      0.273131      0.723676      0.000000        -56.166951         28.238684     18.477083      7.104670     -0.454283      5.029377
      0.794118      0.746842      0.310371      0.786673      0.000000        -58.146022         28.203369     18.710701      7.189038     -0.454283      5.029377
      0.803922      0.730852      0.350685      0.848216      0.000000        -60.044705         28.147627     18.939651      7.269065     -0.454283      5.029377
      0.813725      0.712927      0.393980      0.907475      0.000000        -61.837672         28.073798     19.163350      7.344303     -0.454283      5.029377
      0.823529      0.692966      0.440127      0.963771      0.000000        -63.505307         27.984354     19.381183      7.414333     -0.454283      5.029377
      0.833333      0.670887      0.488966      1.016604      0.000000        -65.034280         27.881766     19.592505      7.478782     -0.454283      5.029377
      0.843137      0.646628      0.540318      1.065658      0.000000        -66.417467         27.768385     19.796651      7.537347     -0.454283      5.029377
      0.852941      0.620149      0.593991      1.110785      0.000000        -67.653322         27.646351     19.992938      7.589813     -0.454283      5.029377
      0.862745      0.591435      0.649793      1.151990      0.000000        -68.744928         27.517534     20.180676      7.636068     -0.454283      5.029377
      0.872549      0.560492      0.707533      1.189393      0.000000        -69.698880         27.383499     20.359172      7.676120     -0.454283      5.029377
      0.882353      0.527353      0.767026      1.223205      0.000000        -70.524186         27.245502     20.527740      7.710098     -0.454283      5.029377
      0.892157      0.492076      0.828105      1.253698      0.000000        -71.231280         27.104493     20.685708      7.738258     -0.454283      5.029377
      0.901961      0.454739      0.890611      1.281176      0.000000        -71.831211         26.961140     20.832426      7.760974     -0.454283      5.029377
      0.911765      0.415445      0.954404      1.305962      0.000000        -72.335025         26.815852     20.967270      7.778727     -0.454283      5.029377
      0.921569      0.374316      1.019359      1.328381      0.000000        -72.753326         26.668809     21.089653      7.792087     -0.454283      5.029377
      0.931373      0.331498      1.085369      1.348750      0.000000        -73.095993         26.519989     21.199029      7.801688     -0.454283      5.029377
      0.941176      0.287151      1.152338      1.367371      0.000000        -73.372021         26.369196     21.294897      7.808198     -0.454283      5.029377
      0.950980      0.241454      1.220188      1.384531      0.000000        -73.589454         26.216079     21.376813      7.812290     -0.454283      5.029377
      0.960784      0.194602      1.288854      1.400502      0.000000        -73.755383         26.060160     21.444387      7.814608     -0.454283      5.029377
      0.970588      0.146804      1.358284      1.415539      0.000000        -73.875990         25.900845     21.497294      7.815735     -0.454283      5.029377
      0.980392      0.098281      1.428437      1.429895      0.000000        -73.956628         25.737450     21.535274      7.816162     -0.454283      5.029377
      0.990196      0.049266      1.499287      1.443916      0.000000        -74.001932         25.569213     21.558140      7.816262     -0.454283      5.029377
      1.000000     -0.000000      1.570796      1.453128      0.000000        -74.013789         25.467059     21.565774      7.816269     -0.454283      5.029377
