             t             r           psi            cs            qs                 p               sig             A             V            Q2             S
      0.000000      0.000000     -1.570796      0.816776      0.000000        -12.908312          7.901991      0.000000     -0.000000     -0.600868      3.810016
      0.009804      0.037347     -1.540206      0.825803      0.000000        -12.911328          7.849975      0.004383      0.000001     -0.600868      3.810016
      0.019608      0.074659     -1.509035      0.843198      0.000000        -12.924737          7.739734      0.017528      0.000020     -0.600868      3.810016
      0.029412      0.111898     -1.477204      0.861287      0.000000        -12.948512          7.632613      0.039422      0.000103     -0.600868      3.810016
      0.039216      0.149025     -1.444676      0.880600      0.000000        -12.983935          7.528387      0.070043      0.000326     -0.600868      3.810016
      0.049020      0.185997     -1.411399      0.901410      0.000000        -13.032477          7.426860      0.109361      0.000800     -0.600868      3.810016
      0.058824      0.222768     -1.377313      0.923996      0.000000        -13.095846          7.327874      0.157333      0.001668     -0.600868      3.810016
      0.068627      0.259292     -1.342345      0.948666      0.000000        -13.176031          7.231313      0.213907      0.003104     -0.600868      3.810016
      0.078431      0.295516     -1.306411      0.975774      0.000000        -13.275351          7.137113      0.279019      0.005316     -0.600868      3.810016
      0.088235      0.331383     -1.269413      1.005723      0.000000        -13.396500          7.045273      0.352592      0.008545     -0.600868      3.810016
      0.098039      0.366833     -1.231237      1.038968      0.000000        -13.542608          6.955866      0.434536      0.013062     -0.600868      3.810016
      0.107843      0.401800     -1.191749      1.076022      0.000000        -13.717285          6.869061      0.524744      0.019169     -0.600868      3.810016
      0.117647      0.436211     -1.150797      1.117452      0.000000        -13.924665          6.785144      0.623094      0.027197     -0.600868      3.810016
      0.127451      0.469986     -1.108206      1.163870      0.000000        -14.169427          6.704549      0.729448      0.037502     -0.600868      3.810016
      0.137255      0.503035     -1.063778      1.215913      0.000000        -14.456760          6.627892      0.843646      0.050462     -0.600868      3.810016
      0.147059      0.535259     -1.017292      1.274195      0.000000        -14.792255          6.556027      0.965505      0.066474     -0.600868      3.810016
      0.156863      0.566547     -0.968504      1.339226      0.000000        -15.181643          6.490098      1.094819      0.085946     -0.600868      3.810016
      0.166667      0.596776     -0.917156      1.411285      0.000000        -15.630298          6.431618      1.231355      0.109288     -0.600868      3.810016
      0.176471      0.625806     -0.862986      1.490205      0.000000        -16.142371          6.382553      1.374848      0.136903     -0.600868      3.810016
      0.186275      0.653482     -0.805754      1.575070      0.000000        -16.719399          6.345411      1.524998      0.169169     -0.600868      3.810016
      0.196078      0.679636     -0.745270      1.663782      0.000000        -17.358196          6.323331      1.681468      0.206417     -0.600868      3.810016
      0.205882      0.704083     -0.681457      1.752555      0.000000        -18.047957          6.320133      1.843881      0.248911     -0.600868      3.810016
      0.215686      0.726631     -0.614416      1.835394      0.000000        -18.766725          6.340296      2.011811      0.296812     -0.600868      3.810016
      0.225490      0.747087     -0.544520      1.903818      0.000000        -19.477940          6.388793      2.184792      0.350149     -0.600868      3.810016
      0.235294      0.765274     -0.472501      1.947186      0.000000        -20.128668          6.470714      2.362311      0.408785     -0.600868      3.810016
      0.245098      0.781046     -0.399509      1.954015      0.000000        -20.651880          6.590622      2.543817      0.472399     -0.600868      3.810016
      0.254902      0.794313     -0.327104      1.914453      0.000000        -20.975113          6.751684      2.728732      0.540486     -0.600868      3.810016
      0.264706      0.805057     -0.257133      1.823344      0.000000        -21.035652          6.954731      2.916464      0.612384     -0.600868      3.810016
      0.274510      0.813349     -0.191509      1.682622      0.000000        -20.798320          7.197575      3.106428      0.687333     -0.600868      3.810016
      0.284314      0.819342     -0.131934      1.501636      0.000000        -20.268319          7.474890      3.298065      0.764547     -0.600868      3.810016
      0.294118      0.823262     -0.079648      1.294996      0.000000        -19.492364          7.778819      3.490859      0.843288     -0.600868      3.810016
      0.303922      0.825382     -0.035306      1.078926      0.000000        -18.547134          8.100136      3.684357      0.922919     -0.600868      3.810016
      0.313725      0.825998      0.001018      0.867827      0.000000        -17.520733          8.429577      3.878170      1.002929     -0.600868      3.810016
      0.323529      0.825401      0.029721      0.672243      0.000000        -16.495172          8.758931      4.071980      1.082939     -0.600868      3.810016
      0.333333      0.823864      0.051511      0.498430      0.000000        -15.535238          9.081682      4.265534      1.162682     -0.600868      3.810016
      0.343137      0.821630      0.067261      0.348991      0.000000        -14.684689          9.393199      4.458641      1.241983     -0.600868      3.810016
      0.352941      0.818907      0.077887      0.223939      0.000000        -13.967784          9.690587      4.651163      1.320736     -0.600868      3.810016
      0.362745      0.815870      0.084275      0.121717      0.000000        -13.393432          9.972380      4.843006      1.398883     -0.600868      3.810016
      0.372549      0.812661      0.087236      0.039991      0.000000        -12.959868         10.238182      5.034113      1.476402     -0.600868      3.810016
      0.382353      0.809395      0.087486     -0.023832      0.000000        -12.658736         10.488338      5.224459      1.553294     -0.600868      3.810016
      0.392157      0.806159      0.085647     -0.072292      0.000000        -12.478179         10.723671      5.414040      1.629576     -0.600868      3.810016
      0.401961      0.803023      0.082247     -0.107723      0.000000        -12.404953         10.945279      5.602872      1.705273     -0.600868      3.810016
      0.411765      0.800036      0.077735     -0.132190      0.000000        -12.425765         11.154390      5.790985      1.780419     -0.600868      3.810016
      0.421569      0.797231      0.072486     -0.147475      0.000000        -12.528047         11.352266      5.978417      1.855051     -0.600868      3.810016
      0.431373      0.794631      0.066813     -0.155102      0.000000        -12.700347         11.540144      6.165215      1.929209     -0.600868      3.810016
      0.441176      0.792245      0.060978     -0.156358      0.000000        -12.932485         11.719190      6.351428      2.002930     -0.600868      3.810016
      0.450980      0.790077      0.055198     -0.152330      0.000000        -13.215575         11.890482      6.537107      2.076256     -0.600868      3.810016
      0.460784      0.788121      0.049653     -0.143929      0.000000        -13.541959         12.054995      6.722302      2.149222     -0.600868      3.810016
      0.470588      0.786365      0.044491     -0.131921      0.000000        -13.905119         12.213598      6.907061      2.221865     -0.600868      3.810016
      0.480392      0.784792      0.039834     -0.116948      0.000000        -14.299575         12.367051      7.091430      2.294218     -0.600868      3.810016
      0.490196      0.783382      0.035784     -0.099543      0.000000        -14.720777         12.516004      7.275449      2.366309     -0.600868      3.810016
      0.500000      0.782111      0.032423     -0.080145      0.000000        -15.165019         12.661003      7.459155      2.438164     -0.600868      3.810016
      0.509804      0.780951      0.029817     -0.059115      0.000000        -15.629356         12.802490      7.642575      2.509803     -0.600868      3.810016
      0.519608      0.779873      0.028023     -0.036738      0.000000        -16.111536         12.940804      7.825734      2.581242     -0.600868      3.810016
      0.529412      0.778847      0.027087     -0.013234      0.000000        -16.609943         13.076185      8.008646      2.652492     -0.600868      3.810016
      0.539216      0.777839      0.027046      0.011234      0.000000        -17.123546         13.208776      8.191321      2.723558     -0.600868      3.810016
      0.549020      0.776815      0.027936      0.036559      0.000000        -17.651852         13.338623      8.373757      2.794438     -0.600868      3.810016
      0.558824      0.775740      0.029787      0.062683      0.000000        -18.194863         13.465681      8.555948      2.865125     -0.600868      3.810016
      0.568627      0.774578      0.032629      0.089594      0.000000        -18.753024         13.589815      8.737877      2.935603     -0.600868      3.810016
      0.578431      0.773290      0.036491      0.117317      0.000000        -19.327174         13.710803      8.919520      3.005852     -0.600868      3.810016
      0.588235      0.771839      0.041404      0.145914      0.000000        -19.918477         13.828342      9.100842      3.075842     -0.600868      3.810016
      0.598039      0.770185      0.047403      0.175473      0.000000        -20.528345         13.942055      9.281800      3.145536     -0.600868      3.810016
      0.607843      0.768285      0.054526      0.206107      0.000000        -21.158347         14.051495      9.462342      3.214888     -0.600868      3.810016
      0.617647      0.766099      0.062816      0.237939      0.000000        -21.810102         14.156160      9.642405      3.283843     -0.600868      3.810016
      0.627451      0.763581      0.072319      0.271100      0.000000        -22.485149         14.255504      9.821917      3.352338     -0.600868      3.810016
      0.637255      0.760685      0.083087      0.305717      0.000000        -23.184818         14.348944     10.000795      3.420300     -0.600868      3.810016
      0.647059      0.757365      0.095177      0.341902      0.000000        -23.910076         14.435887     10.178944      3.487645     -0.600868      3.810016
      0.656863      0.753569      0.108650      0.379747      0.000000        -24.661385         14.515737     10.356259      3.554280     -0.600868      3.810016
      0.666667      0.749246      0.123568      0.419311      0.000000        -25.438559         14.587921     10.532623      3.620099     -0.600868      3.810016
      0.676471      0.744343      0.139996      0.460614      0.000000        -26.240641         14.651906     10.707905      3.684986     -0.600868      3.810016
      0.686275      0.738803      0.158000      0.503626      0.000000        -27.065804         14.707217     10.881962      3.748815     -0.600868      3.810016
      0.696078      0.732569      0.177641      0.548270      0.000000        -27.911303         14.753457     11.054639      3.811447     -0.600868      3.810016
      0.705882      0.725582      0.198978      0.594413      0.000000        -28.773459         14.790323     11.225766      3.872733     -0.600868      3.810016
      0.715686      0.717782      0.222064      0.641870      0.000000        -29.647714         14.817619     11.395158      3.932515     -0.600868      3.810016
      0.725490      0.709108      0.246943      0.690407      0.000000        -30.528735         14.835264     11.562619      3.990625     -0.600868      3.810016
      0.735294      0.699500      0.273651      0.739748      0.000000        -31.410571         14.843296     11.727935      4.046889     -0.600868      3.810016
      0.745098      0.688899      0.302213      0.789584      0.000000        -32.286855         14.841873     11.890882      4.101129     -0.600868      3.810016
      0.754902      0.677246      0.332640      0.839586      0.000000        -33.151041         14.831265     12.051217      4.153164     -0.600868      3.810016
      0.764706      0.664487      0.364933      0.889416      0.000000        -33.996647         14.811842     12.208690      4.202816     -0.600868      3.810016
      0.774510      0.650568      0.399079      0.938739      0.000000        -34.817493         14.784062     12.363032      4.249912     -0.600868      3.810016
      0.784314      0.635443      0.435052      0.987238      0.000000        -35.607922         14.748451     12.513967      4.294291     -0.600868      3.810016
      0.794118      0.619069      0.472818      1.034624      0.000000        -36.362972         14.705583     12.661207      4.335806     -0.600868      3.810016
      0.803922      0.601411      0.512328      1.080643      0.000000        -37.078513         14.656061     12.804453      4.374332     -0.600868      3.810016
      0.813725      0.582439      0.553529      1.125081      0.000000        -37.751315         14.600495     12.943402      4.409767     -0.600868      3.810016
      0.823529      0.562133      0.596357      1.167774      0.000000        -38.379078         14.539488     13.077742      4.442043     -0.600868      3.810016
      0.833333      0.540479      0.640745      1.208601      0.000000        -38.960401         14.473614     13.207158      4.471123     -0.600868      3.810016
      0.843137      0.517475      0.686623      1.247491      0.000000        -39.494729         14.403408     13.331333      4.497010     -0.600868      3.810016
      0.852941      0.493124      0.733916      1.284412      0.000000        -39.982252         14.329359     13.449952      4.519749     -0.600868      3.810016
      0.862745      0.467444      0.782552      1.319373      0.000000        -40.423800         14.251896     13.562698      4.539425     -0.600868      3.810016
      0.872549      0.440460      0.832457      1.352418      0.000000        -40.820724         14.171386     13.669265      4.556164     -0.600868      3.810016
      0.882353      0.412206      0.883563      1.383618      0.000000        -41.174779         14.088134     13.769348      4.570133     -0.600868      3.810016
      0.892157      0.382728      0.935801      1.413069      0.000000        -41.488007         14.002378     13.862655      4.581536     -0.600868      3.810016
      0.901961      0.352082      0.989107      1.440887      0.000000        -41.762645         13.914293     13.948906      4.590608     -0.600868      3.810016
      0.911765      0.320332      1.043425      1.467202      0.000000        -42.001027         13.823990     14.027834      4.597611     -0.600868      3.810016
      0.921569      0.287552      1.098700      1.492155      0.000000        -42.205519         13.731524     14.099187      4.602824     -0.600868      3.810016
      0.931373      0.253827      1.154883      1.515895      0.000000        -42.378455         13.636892     14.162735      4.606533     -0.600868      3.810016
      0.941176      0.219247      1.211933      1.538579      0.000000        -42.522095         13.540040     14.218265      4.609028     -0.600868      3.810016
      0.950980      0.183914      1.269813      1.560368      0.000000        -42.638590         13.440869     14.265589      4.610585     -0.600868      3.810016
      0.960784      0.147937      1.328493      1.581427      0.000000        -42.729963         13.339232     14.304543      4.611463     -0.600868      3.810016
      0.970588      0.111430      1.387949      1.601934      0.000000        -42.798097         13.234950     14.334988      4.611887     -0.600868      3.810016
      0.980392      0.074518      1.448163      1.622104      0.000000        -42.844737         13.127807     14.356815      4.612048     -0.600868      3.810016
      0.990196      0.037329      1.509132      1.642509      0.000000        -42.871510         13.017560     14.369945      4.612085     -0.600868      3.810016
      1.000000      0.000000      1.570796      1.653521      0.000000        -42.877602         12.965543     14.374326      4.612088     -0.600868      3.810016
