             t             r           psi            cs            qs                 p               sig             A             V            Q2             S
      0.000000      0.000000     -1.570796      0.851979      0.000000        -18.248003         10.709187      0.000000      0.000000     -0.550749      3.909681
      0.009804      0.038323     -1.538065      0.859713      0.000000        -18.251482         10.650769      0.004615      0.000001     -0.550749      3.909681
      0.019608      0.076605     -1.504837      0.874110      0.000000        -18.266595         10.531220      0.018456      0.000023     -0.550749      3.909681
      0.029412      0.114802     -1.471048      0.889038      0.000000        -18.293408         10.414902      0.041507      0.000118     -0.550749      3.909681
      0.039216      0.152869     -1.436671      0.904914      0.000000        -18.333386         10.301532      0.073743      0.000375     -0.550749      3.909681
      0.049020      0.190758     -1.401662      0.921963      0.000000        -18.388216         10.190855      0.115125      0.000918     -0.550749      3.909681
      0.058824      0.228418     -1.365975      0.940415      0.000000        -18.459863         10.082654      0.165607      0.001910     -0.550749      3.909681
      0.068627      0.265798     -1.329549      0.960527      0.000000        -18.550631          9.976755      0.225126      0.003546     -0.550749      3.909681
      0.078431      0.302840     -1.292315      0.982595      0.000000        -18.663213          9.873034      0.293607      0.006058     -0.550749      3.909681
      0.088235      0.339484     -1.254193      1.006956      0.000000        -18.800765          9.771430      0.370963      0.009711     -0.550749      3.909681
      0.098039      0.375668     -1.215087      1.033998      0.000000        -18.966973          9.671959      0.457090      0.014804     -0.550749      3.909681
      0.107843      0.411322     -1.174887      1.064160      0.000000        -19.166129          9.574731      0.551869      0.021662     -0.550749      3.909681
      0.117647      0.446373     -1.133462      1.097938      0.000000        -19.403198          9.479977      0.655164      0.030639     -0.550749      3.909681
      0.127451      0.480739     -1.090665      1.135885      0.000000        -19.683872          9.388080      0.766819      0.042114     -0.550749      3.909681
      0.137255      0.514335     -1.046324      1.178594      0.000000        -20.014579          9.299615      0.886660      0.056483     -0.550749      3.909681
      0.147059      0.547062     -1.000245      1.226679      0.000000        -20.402410          9.215407      1.014490      0.074156     -0.550749      3.909681
      0.156863      0.578815     -0.952210      1.280720      0.000000        -20.854895          9.136598      1.150086      0.095551     -0.550749      3.909681
      0.166667      0.609476     -0.901982      1.341178      0.000000        -21.379524          9.064736      1.293201      0.121082     -0.550749      3.909681
      0.176471      0.638914     -0.849310      1.408240      0.000000        -21.982851          9.001885      1.443555      0.151152     -0.550749      3.909681
      0.186275      0.666984     -0.793945      1.481575      0.000000        -22.668943          8.950748      1.600838      0.186136     -0.550749      3.909681
      0.196078      0.693527     -0.735667      1.559985      0.000000        -23.436920          8.914799      1.764700      0.226361     -0.550749      3.909681
      0.205882      0.718369     -0.674323      1.640911      0.000000        -24.277303          8.898405      1.934753      0.272088     -0.550749      3.909681
      0.215686      0.741329     -0.609898      1.719859      0.000000        -25.167138          8.906877      2.110567      0.323478     -0.550749      3.909681
      0.225490      0.762217     -0.542591      1.789878      0.000000        -26.064456          8.946382      2.291664      0.380568     -0.550749      3.909681
      0.235294      0.780856     -0.472920      1.841407      0.000000        -26.903801          9.023605      2.477525      0.443231     -0.550749      3.909681
      0.245098      0.797090     -0.401811      1.862959      0.000000        -27.596145          9.145057      2.667587      0.511162     -0.550749      3.909681
      0.254902      0.810810     -0.330636      1.843078      0.000000        -28.037436          9.315970      2.861258      0.583863     -0.550749      3.909681
      0.264706      0.821977     -0.261158      1.773464      0.000000        -28.128374          9.538952      3.057926      0.660668     -0.550749      3.909681
      0.274510      0.830634     -0.195344      1.652265      0.000000        -27.802176          9.812759      3.256979      0.740790     -0.550749      3.909681
      0.284314      0.836917     -0.135076      1.485801      0.000000        -27.049505         10.131741      3.457828      0.823397     -0.550749      3.909681
      0.294118      0.841041     -0.081851      1.287448      0.000000        -25.927149         10.486339      3.659925      0.907689     -0.550749      3.909681
      0.303922      0.843283     -0.036571      1.074081      0.000000        -24.544502         10.864587      3.862783      0.992970     -0.550749      3.909681
      0.313725      0.843948      0.000505      0.861881      0.000000        -23.034651         11.254052      4.065984      1.078676     -0.550749      3.909681
      0.323529      0.843346      0.029678      0.663361      0.000000        -21.524200         11.643563      4.269187      1.164388     -0.550749      3.909681
      0.333333      0.841766      0.051635      0.486309      0.000000        -20.113056         12.024280      4.472121      1.249813     -0.550749      3.909681
      0.343137      0.839470      0.067279      0.334238      0.000000        -18.867171         12.390026      4.674584      1.334761     -0.550749      3.909681
      0.352941      0.836681      0.077583      0.207542      0.000000        -17.821052         12.737089      4.876431      1.419121     -0.550749      3.909681
      0.362745      0.833584      0.083494      0.104701      0.000000        -16.984974         13.063755      5.077565      1.502835     -0.550749      3.909681
      0.372549      0.830332      0.085882      0.023235      0.000000        -16.353006         13.369762      5.277932      1.585884     -0.550749      3.909681
      0.382353      0.827044      0.085513     -0.039652      0.000000        -15.909790         13.655825      5.477510      1.668273     -0.550749      3.909681
      0.392157      0.823811      0.083045     -0.086710      0.000000        -15.635481         13.923248      5.676300      1.750024     -0.550749      3.909681
      0.401961      0.820704      0.079035     -0.120451      0.000000        -15.508961         14.173645      5.874327      1.831169     -0.550749      3.909681
      0.411765      0.817773      0.073953     -0.143080      0.000000        -15.509748         14.408757      6.071625      1.911748     -0.550749      3.909681
      0.421569      0.815049      0.068185     -0.156492      0.000000        -15.618992         14.630319      6.268241      1.991803     -0.550749      3.909681
      0.431373      0.812554      0.062053     -0.162287      0.000000        -15.819905         14.839996      6.464229      2.071379     -0.550749      3.909681
      0.441176      0.810296      0.055824     -0.161810      0.000000        -16.097856         15.039332      6.659644      2.150522     -0.550749      3.909681
      0.450980      0.808275      0.049714     -0.156187      0.000000        -16.440287         15.229733      6.854545      2.229275     -0.550749      3.909681
      0.460784      0.806483      0.043904     -0.146359      0.000000        -16.836540         15.412457      7.048986      2.307682     -0.550749      3.909681
      0.470588      0.804905      0.038538     -0.133108      0.000000        -17.277663         15.588609      7.243022      2.385780     -0.550749      3.909681
      0.480392      0.803522      0.033735     -0.117088      0.000000        -17.756215         15.759150      7.436702      2.463608     -0.550749      3.909681
      0.490196      0.802311      0.029590     -0.098838      0.000000        -18.266095         15.924893      7.630070      2.541197     -0.550749      3.909681
      0.500000      0.801245      0.026181     -0.078801      0.000000        -18.802389         16.086516      7.823164      2.618576     -0.550749      3.909681
      0.509804      0.800294      0.023568     -0.057333      0.000000        -19.361249         16.244556      8.016016      2.695766     -0.550749      3.909681
      0.519608      0.799427      0.021800     -0.034714      0.000000        -19.939794         16.399425      8.208650      2.772786     -0.550749      3.909681
      0.529412      0.798612      0.020919     -0.011156      0.000000        -20.536028         16.551401      8.401081      2.849647     -0.550749      3.909681
      0.539216      0.797812      0.020955      0.013192      0.000000        -21.148773         16.700640      8.593319      2.926353     -0.550749      3.909681
      0.549020      0.796993      0.021939      0.038243      0.000000        -21.777612         16.847174      8.785363      3.002904     -0.550749      3.909681
      0.558824      0.796118      0.023895      0.063958      0.000000        -22.422826         16.990917      8.977204      3.079291     -0.550749      3.909681
      0.568627      0.795149      0.026851      0.090352      0.000000        -23.085339         17.131664      9.168823      3.155497     -0.550749      3.909681
      0.578431      0.794047      0.030831      0.117479      0.000000        -23.766636         17.269102      9.360194      3.231498     -0.550749      3.909681
      0.588235      0.792772      0.035867      0.145434      0.000000        -24.468679         17.402811      9.551279      3.307262     -0.550749      3.909681
      0.598039      0.791284      0.041992      0.174340      0.000000        -25.193788         17.532277      9.742033      3.382748     -0.550749      3.909681
      0.607843      0.789540      0.049246      0.204344      0.000000        -25.944508         17.656898      9.932398      3.457905     -0.550749      3.909681
      0.617647      0.787495      0.057674      0.235606      0.000000        -26.723439         17.776001     10.122307      3.532674     -0.550749      3.909681
      0.627451      0.785105      0.067326      0.268288      0.000000        -27.533052         17.888858     10.311684      3.606986     -0.550749      3.909681
      0.637255      0.782322      0.078261      0.302545      0.000000        -28.375467         17.994704     10.500439      3.680758     -0.550749      3.909681
      0.647059      0.779095      0.090541      0.338509      0.000000        -29.252238         18.092763     10.688471      3.753900     -0.550749      3.909681
      0.656863      0.775373      0.104234      0.376283      0.000000        -30.164121         18.182267     10.875667      3.826308     -0.550749      3.909681
      0.666667      0.771100      0.119411      0.415926      0.000000        -31.110862         18.262488     11.061901      3.897865     -0.550749      3.909681
      0.676471      0.766221      0.136143      0.457444      0.000000        -32.091024         18.332761     11.247035      3.968443     -0.550749      3.909681
      0.686275      0.760676      0.154502      0.500784      0.000000        -33.101851         18.392514     11.430915      4.037900     -0.550749      3.909681
      0.696078      0.754403      0.174555      0.545830      0.000000        -34.139218         18.441288     11.613373      4.106083     -0.550749      3.909681
      0.705882      0.747341      0.196365      0.592400      0.000000        -35.197650         18.478761     11.794226      4.172825     -0.550749      3.909681
      0.715686      0.739425      0.219985      0.640249      0.000000        -36.270442         18.504763     11.973277      4.237949     -0.550749      3.909681
      0.725490      0.730591      0.245459      0.689082      0.000000        -37.349863         18.519282     12.150312      4.301265     -0.550749      3.909681
      0.735294      0.720775      0.272819      0.738556      0.000000        -38.427436         18.522467     12.325103      4.362578     -0.550749      3.909681
      0.745098      0.709914      0.302081      0.788302      0.000000        -39.494281         18.514623     12.497405      4.421688     -0.550749      3.909681
      0.754902      0.697948      0.333249      0.837935      0.000000        -40.541484         18.496197     12.666960      4.478391     -0.550749      3.909681
      0.764706      0.684819      0.366311      0.887074      0.000000        -41.560467         18.467756     12.833494      4.532486     -0.550749      3.909681
      0.774510      0.670473      0.401241      0.935353      0.000000        -42.543324         18.429965     12.996720      4.583781     -0.550749      3.909681
      0.784314      0.654863      0.438000      0.982439      0.000000        -43.483107         18.383561     13.156340      4.632094     -0.550749      3.909681
      0.794118      0.637947      0.476537      1.028042      0.000000        -44.374028         18.329320     13.312044      4.677262     -0.550749      3.909681
      0.803922      0.619688      0.516788      1.071921      0.000000        -45.211582         18.268036     13.463513      4.719147     -0.550749      3.909681
      0.813725      0.600062      0.558686      1.113889      0.000000        -45.992588         18.200489     13.610420      4.757638     -0.550749      3.909681
      0.823529      0.579048      0.602153      1.153814      0.000000        -46.715153         18.127428     13.752434      4.792661     -0.550749      3.909681
      0.833333      0.556638      0.647111      1.191619      0.000000        -47.378575         18.049551     13.889219      4.824182     -0.550749      3.909681
      0.843137      0.532833      0.693476      1.227273      0.000000        -47.983202         17.967489     14.020439      4.852207     -0.550749      3.909681
      0.852941      0.507641      0.741167      1.260791      0.000000        -48.530267         17.881805     14.145758      4.876790     -0.550749      3.909681
      0.862745      0.481084      0.790102      1.292226      0.000000        -49.021712         17.792976     14.264846      4.898031     -0.550749      3.909681
      0.872549      0.453191      0.840204      1.321659      0.000000        -49.460013         17.701401     14.377376      4.916074     -0.550749      3.909681
      0.882353      0.424004      0.891397      1.349197      0.000000        -49.848019         17.607396     14.483031      4.931108     -0.550749      3.909681
      0.892157      0.393572      0.943611      1.374964      0.000000        -50.188807         17.511197     14.581506      4.943361     -0.550749      3.909681
      0.901961      0.361955      0.996781      1.399100      0.000000        -50.485562         17.412963     14.672508      4.953093     -0.550749      3.909681
      0.911765      0.329222      1.050848      1.421750      0.000000        -50.741477         17.312782     14.755760      4.960593     -0.550749      3.909681
      0.921569      0.295453      1.105756      1.443066      0.000000        -50.959675         17.210673     14.831002      4.966166     -0.550749      3.909681
      0.931373      0.260734      1.161459      1.463205      0.000000        -51.143154         17.106595     14.897995      4.970126     -0.550749      3.909681
      0.941176      0.225159      1.217913      1.482321      0.000000        -51.294743         17.000450     14.956521      4.972785     -0.550749      3.909681
      0.950980      0.188832      1.275083      1.500570      0.000000        -51.417079         16.892088     15.006387      4.974443     -0.550749      3.909681
      0.960784      0.151864      1.332938      1.518110      0.000000        -51.512595         16.781314     15.047425      4.975375     -0.550749      3.909681
      0.970588      0.114370      1.391455      1.535100      0.000000        -51.583517         16.667893     15.079494      4.975826     -0.550749      3.909681
      0.980392      0.076475      1.450615      1.551729      0.000000        -51.631876         16.551554     15.102482      4.975996     -0.550749      3.909681
      0.990196      0.038307      1.510411      1.568446      0.000000        -51.659534         16.431999     15.116308      4.976036     -0.550749      3.909681
      1.000000     -0.000000      1.570796      1.577723      0.000000        -51.665963         16.373581     15.120922      4.976039     -0.550749      3.909681
