             t             r           psi            cs            qs                 p               sig             A             V            Q2             S
      0.000000      0.000000     -1.570796     -0.830534      0.000000        -12.923334          7.780135     -0.000000      0.000000      0.196102      3.317751
      0.009804      0.032523     -1.543736     -0.837444      0.000000        -12.925357          7.742611      0.003324      0.000001      0.196102      3.317751
      0.019608      0.065022     -1.516245     -0.852852      0.000000        -12.935486          7.647751      0.013292      0.000012      0.196102      3.317751
      0.029412      0.097472     -1.488250     -0.868553      0.000000        -12.953303          7.555310      0.029898      0.000060      0.196102      3.317751
      0.039216      0.129845     -1.459733     -0.885100      0.000000        -12.979621          7.465141      0.053128      0.000190      0.196102      3.317751
      0.049020      0.162115     -1.430660     -0.902689      0.000000        -13.015347          7.377113      0.082964      0.000466      0.196102      3.317751
      0.058824      0.194251     -1.400996     -0.921496      0.000000        -13.061513          7.291115      0.119383      0.000971      0.196102      3.317751
      0.068627      0.226223     -1.370698     -0.941709      0.000000        -13.119288          7.207059      0.162353      0.001806      0.196102      3.317751
      0.078431      0.257996     -1.339717     -0.963536      0.000000        -13.190008          7.124885      0.211837      0.003093      0.196102      3.317751
      0.088235      0.289535     -1.307996     -0.987209      0.000000        -13.275194          7.044562      0.267791      0.004972      0.196102      3.317751
      0.098039      0.320803     -1.275472     -1.012985      0.000000        -13.376575          6.966096      0.330165      0.007600      0.196102      3.317751
      0.107843      0.351759     -1.242071     -1.041151      0.000000        -13.496115          6.889538      0.398897      0.011155      0.196102      3.317751
      0.117647      0.382359     -1.207712     -1.072023      0.000000        -13.636031          6.814990      0.473921      0.015832      0.196102      3.317751
      0.127451      0.412555     -1.172299     -1.105945      0.000000        -13.798812          6.742617      0.555157      0.021840      0.196102      3.317751
      0.137255      0.442297     -1.135728     -1.143285      0.000000        -13.987232          6.672661      0.642520      0.029407      0.196102      3.317751
      0.147059      0.471529     -1.097883     -1.184427      0.000000        -14.204336          6.605455      0.735910      0.038773      0.196102      3.317751
      0.156863      0.500190     -1.058631     -1.229755      0.000000        -14.453415          6.541446      0.835217      0.050190      0.196102      3.317751
      0.166667      0.528213     -1.017833     -1.279625      0.000000        -14.737920          6.481218      0.940317      0.063920      0.196102      3.317751
      0.176471      0.555524     -0.975334     -1.334322      0.000000        -15.061320          6.425519      1.051073      0.080228      0.196102      3.317751
      0.186275      0.582042     -0.930976     -1.393998      0.000000        -15.426857          6.375300      1.167331      0.099385      0.196102      3.317751
      0.196078      0.607679     -0.884596     -1.458570      0.000000        -15.837152          6.331748      1.288920      0.121652      0.196102      3.317751
      0.205882      0.632338     -0.836042     -1.527593      0.000000        -16.293610          6.296331      1.415651      0.147283      0.196102      3.317751
      0.215686      0.655912     -0.785182     -1.600080      0.000000        -16.795579          6.270836      1.547312      0.176509      0.196102      3.317751
      0.225490      0.678289     -0.731931     -1.674281      0.000000        -17.339196          6.257401      1.683671      0.209529      0.196102      3.317751
      0.235294      0.699347     -0.676274     -1.747454      0.000000        -17.915961          6.258522      1.824470      0.246497      0.196102      3.317751
      0.245098      0.718964     -0.618306     -1.815646      0.000000        -18.511131          6.277025      1.969428      0.287506      0.196102      3.317751
      0.254902      0.737016     -0.558270     -1.873617      0.000000        -19.102274          6.315977      2.118237      0.332572      0.196102      3.317751
      0.264706      0.753388     -0.496600     -1.914991      0.000000        -19.658532          6.378505      2.270566      0.381624      0.196102      3.317751
      0.274510      0.767981     -0.433948     -1.932811      0.000000        -20.141403          6.467523      2.426060      0.434486      0.196102      3.317751
      0.284314      0.780721     -0.371190     -1.920525      0.000000        -20.507826          6.585346      2.584348      0.490880      0.196102      3.317751
      0.294118      0.791572     -0.309390     -1.873321      0.000000        -20.715912          6.733273      2.745048      0.550434      0.196102      3.317751
      0.303922      0.800538     -0.249722     -1.789450      0.000000        -20.732601          6.911186      2.907772      0.612697      0.196102      3.317751
      0.313725      0.807674     -0.193355     -1.671052      0.000000        -20.541279          7.117309      3.072140      0.677177      0.196102      3.317751
      0.323529      0.813079     -0.141324     -1.524082      0.000000        -20.146712          7.348218      3.237787      0.743367      0.196102      3.317751
      0.333333      0.816889     -0.094423     -1.357285      0.000000        -19.575268          7.599130      3.404374      0.810787      0.196102      3.317751
      0.343137      0.819271     -0.053135     -1.180569      0.000000        -18.870210          7.864410      3.571590      0.879006      0.196102      3.317751
      0.352941      0.820406     -0.017626     -1.003375      0.000000        -18.083813          8.138183      3.739162      0.947660      0.196102      3.317751
      0.362745      0.820479      0.012219     -0.833485      0.000000        -17.268983          8.414886      3.906855      1.016455      0.196102      3.317751
      0.372549      0.819669      0.036736     -0.676473      0.000000        -16.472636          8.689679      4.074470      1.085165      0.196102      3.317751
      0.382353      0.818142      0.056403     -0.535716      0.000000        -15.731883          8.958659      4.241843      1.153625      0.196102      3.317751
      0.392157      0.816048      0.071779     -0.412734      0.000000        -15.072896          9.218915      4.408843      1.221714      0.196102      3.317751
      0.401961      0.813517      0.083448     -0.307681      0.000000        -14.511684          9.468457      4.575369      1.289352      0.196102      3.317751
      0.411765      0.810660      0.091981     -0.219804      0.000000        -14.055884          9.706079      4.741343      1.356485      0.196102      3.317751
      0.421569      0.807570      0.097919     -0.147830      0.000000        -13.706854          9.931198      4.906707      1.423084      0.196102      3.317751
      0.431373      0.804323      0.101754     -0.090241      0.000000        -13.461626         10.143697      5.071423      1.489129      0.196102      3.317751
      0.441176      0.800979      0.103929     -0.045466      0.000000        -13.314532         10.343789      5.235465      1.554615      0.196102      3.317751
      0.450980      0.797587      0.104834     -0.011985      0.000000        -13.258426         10.531901      5.398817      1.619542      0.196102      3.317751
      0.460784      0.794182      0.104816      0.011601      0.000000        -13.285565         10.708592      5.561474      1.683914      0.196102      3.317751
      0.470588      0.790788      0.104173      0.026550      0.000000        -13.388185         10.874482      5.723436      1.747740      0.196102      3.317751
      0.480392      0.787421      0.103170      0.033967      0.000000        -13.558876         11.030212      5.884708      1.811028      0.196102      3.317751
      0.490196      0.784090      0.102035      0.034812      0.000000        -13.790783         11.176405      6.045294      1.873787      0.196102      3.317751
      0.500000      0.780794      0.100968      0.029913      0.000000        -14.077705         11.313649      6.205204      1.936025      0.196102      3.317751
      0.509804      0.777530      0.100144      0.019977      0.000000        -14.414132         11.442481      6.364443      1.997748      0.196102      3.317751
      0.519608      0.774286      0.099716      0.005607      0.000000        -14.795215         11.563376      6.523017      2.058961      0.196102      3.317751
      0.529412      0.771048      0.099821     -0.012685      0.000000        -15.216733         11.676749      6.680929      2.119665      0.196102      3.317751
      0.539216      0.767796      0.100579     -0.034467      0.000000        -15.675026         11.782950      6.838179      2.179858      0.196102      3.317751
      0.549020      0.764508      0.102097     -0.059373      0.000000        -16.166924         11.882265      6.994761      2.239533      0.196102      3.317751
      0.558824      0.761157      0.104472     -0.087092      0.000000        -16.689677         11.974919      7.150664      2.298682      0.196102      3.317751
      0.568627      0.757714      0.107791     -0.117363      0.000000        -17.240879         12.061082      7.305874      2.357287      0.196102      3.317751
      0.578431      0.754147      0.112132     -0.149962      0.000000        -17.818387         12.140872      7.460368      2.415330      0.196102      3.317751
      0.588235      0.750422      0.117569     -0.184698      0.000000        -18.420255         12.214359      7.614118      2.472782      0.196102      3.317751
      0.598039      0.746504      0.124169     -0.221404      0.000000        -19.044651         12.281574      7.767087      2.529613      0.196102      3.317751
      0.607843      0.742352      0.131992     -0.259930      0.000000        -19.689796         12.342518      7.919232      2.585782      0.196102      3.317751
      0.617647      0.737928      0.141097     -0.300140      0.000000        -20.353892         12.397163      8.070502      2.641244      0.196102      3.317751
      0.627451      0.733190      0.151535     -0.341905      0.000000        -21.035062         12.445467      8.220836      2.695946      0.196102      3.317751
      0.637255      0.728093      0.163354     -0.385095      0.000000        -21.731293         12.487379      8.370166      2.749828      0.196102      3.317751
      0.647059      0.722595      0.176601     -0.429580      0.000000        -22.440400         12.522848      8.518414      2.802822      0.196102      3.317751
      0.656863      0.716649      0.191313     -0.475223      0.000000        -23.159982         12.551831      8.665493      2.854854      0.196102      3.317751
      0.666667      0.710210      0.207527     -0.521877      0.000000        -23.887410         12.574303      8.811308      2.905842      0.196102      3.317751
      0.676471      0.703230      0.225272     -0.569385      0.000000        -24.619822         12.590259      8.955752      2.955697      0.196102      3.317751
      0.686275      0.695663      0.244575     -0.617577      0.000000        -25.354136         12.599728      9.098710      3.004324      0.196102      3.317751
      0.696078      0.687462      0.265454     -0.666272      0.000000        -26.087079         12.602770      9.240058      3.051625      0.196102      3.317751
      0.705882      0.678581      0.287922     -0.715278      0.000000        -26.815232         12.599484      9.379661      3.097493      0.196102      3.317751
      0.715686      0.668974      0.311986     -0.764395      0.000000        -27.535095         12.590009      9.517376      3.141823      0.196102      3.317751
      0.725490      0.658598      0.337648     -0.813418      0.000000        -28.243152         12.574521      9.653049      3.184504      0.196102      3.317751
      0.735294      0.647410      0.364899     -0.862142      0.000000        -28.935951         12.553235      9.786520      3.225429      0.196102      3.317751
      0.745098      0.635370      0.393728     -0.910363      0.000000        -29.610185         12.526400      9.917617      3.264490      0.196102      3.317751
      0.754902      0.622441      0.424114     -0.957887      0.000000        -30.262763         12.494293     10.046164      3.301587      0.196102      3.317751
      0.764706      0.608589      0.456033     -1.004532      0.000000        -30.890882         12.457214     10.171975      3.336626      0.196102      3.317751
      0.774510      0.593783      0.489452     -1.050131      0.000000        -31.492086         12.415480     10.294858      3.369521      0.196102      3.317751
      0.784314      0.577996      0.524335     -1.094538      0.000000        -32.064305         12.369418     10.414614      3.400202      0.196102      3.317751
      0.794118      0.561208      0.560642     -1.137628      0.000000        -32.605884         12.319354     10.531043      3.428610      0.196102      3.317751
      0.803922      0.543400      0.598327     -1.179301      0.000000        -33.115595         12.265612     10.643936      3.454706      0.196102      3.317751
      0.813725      0.524563      0.637344     -1.219482      0.000000        -33.592629         12.208505     10.753085      3.478471      0.196102      3.317751
      0.823529      0.504688      0.677642     -1.258118      0.000000        -34.036581         12.148326     10.858279      3.499906      0.196102      3.317751
      0.833333      0.483777      0.719172     -1.295185      0.000000        -34.447418         12.085349     10.959304      3.519037      0.196102      3.317751
      0.843137      0.461836      0.761882     -1.330679      0.000000        -34.825443         12.019821     11.055951      3.535913      0.196102      3.317751
      0.852941      0.438877      0.805721     -1.364619      0.000000        -35.171248         11.951961     11.148008      3.550606      0.196102      3.317751
      0.862745      0.414918      0.850639     -1.397041      0.000000        -35.485669         11.881958     11.235272      3.563213      0.196102      3.317751
      0.872549      0.389985      0.896588     -1.428000      0.000000        -35.769736         11.809966     11.317538      3.573853      0.196102      3.317751
      0.882353      0.364110      0.943521     -1.457566      0.000000        -36.024630         11.736108     11.394612      3.582667      0.196102      3.317751
      0.892157      0.337329      0.991394     -1.485820      0.000000        -36.251638         11.660475     11.466305      3.589811      0.196102      3.317751
      0.901961      0.309689      1.040167     -1.512857      0.000000        -36.452115         11.583124     11.532436      3.595459      0.196102      3.317751
      0.911765      0.281239      1.089800     -1.538777      0.000000        -36.627449         11.504082     11.592834      3.599793      0.196102      3.317751
      0.921569      0.252036      1.140259     -1.563690      0.000000        -36.779032         11.423343     11.647340      3.603002      0.196102      3.317751
      0.931373      0.222144      1.191514     -1.587711      0.000000        -36.908236         11.340877     11.695806      3.605274      0.196102      3.317751
      0.941176      0.191629      1.243538     -1.610962      0.000000        -37.016395         11.256624     11.738098      3.606796      0.196102      3.317751
      0.950980      0.160568      1.296307     -1.633570      0.000000        -37.104789         11.170499     11.774096      3.607743      0.196102      3.317751
      0.960784      0.129038      1.349802     -1.655668      0.000000        -37.174637         11.082397     11.803697      3.608275      0.196102      3.317751
      0.970588      0.097125      1.404010     -1.677407      0.000000        -37.227090         10.992190     11.826814      3.608532      0.196102      3.317751
      0.980392      0.064918      1.458923     -1.699002      0.000000        -37.263236         10.899734     11.843377      3.608629      0.196102      3.317751
      0.990196      0.032510      1.514543     -1.721228      0.000000        -37.284114         10.804870     11.853335      3.608651      0.196102      3.317751
      1.000000      0.000000      1.570796     -1.731547      0.000000        -37.288327         10.767346     11.856658      3.608653      0.196102      3.317751
