             t             r           psi            cs            qs                 p               sig             A             V            Q2             S
      0.000000      0.000000     -1.570796     -0.990136      0.000000      -2343.310895       1183.328225      0.000000      0.000000      0.017765      3.798229
      0.009804      0.037229     -1.533925     -0.990252      0.000000      -2343.315467       1183.244423      0.004356      0.000001      0.017765      3.798229
      0.019608      0.074408     -1.497046     -0.990470      0.000000      -2343.335876       1183.065267      0.017417      0.000024      0.017765      3.798229
      0.029412      0.111485     -1.460160     -0.990691      0.000000      -2343.372149       1182.888822      0.039166      0.000121      0.017765      3.798229
      0.039216      0.148411     -1.423265     -0.990920      0.000000      -2343.426286       1182.714447      0.069574      0.000380      0.017765      3.798229
      0.049020      0.185134     -1.386361     -0.991161      0.000000      -2343.500601       1182.541497      0.108598      0.000924      0.017765      3.798229
      0.058824      0.221606     -1.349448     -0.991417      0.000000      -2343.597813       1182.369316      0.156186      0.001907      0.017765      3.798229
      0.068627      0.257776     -1.312525     -0.991690      0.000000      -2343.721145       1182.197243      0.212273      0.003513      0.017765      3.798229
      0.078431      0.293594     -1.275591     -0.991986      0.000000      -2343.874428       1182.024598      0.276782      0.005953      0.017765      3.798229
      0.088235      0.329013     -1.238646     -0.992308      0.000000      -2344.062244       1181.850684      0.349626      0.009463      0.017765      3.798229
      0.098039      0.363983     -1.201689     -0.992661      0.000000      -2344.290092       1181.674777      0.430706      0.014300      0.017765      3.798229
      0.107843      0.398456     -1.164717     -0.993051      0.000000      -2344.564599       1181.496123      0.519910      0.020740      0.017765      3.798229
      0.117647      0.432386     -1.127730     -0.993486      0.000000      -2344.893795       1181.313925      0.617117      0.029072      0.017765      3.798229
      0.127451      0.465725     -1.090727     -0.993974      0.000000      -2345.287455       1181.127336      0.722195      0.039594      0.017765      3.798229
      0.137255      0.498427     -1.053703     -0.994525      0.000000      -2345.757550       1180.935446      0.834999      0.052612      0.017765      3.798229
      0.147059      0.530448     -1.016658     -0.995153      0.000000      -2346.318826       1180.737270      0.955376      0.068431      0.017765      3.798229
      0.156863      0.561743     -0.979588     -0.995872      0.000000      -2346.989566       1180.531726      1.083160      0.087354      0.017765      3.798229
      0.166667      0.592268     -0.942489     -0.996703      0.000000      -2347.792606       1180.317624      1.218178      0.109678      0.017765      3.798229
      0.176471      0.621981     -0.905357     -0.997671      0.000000      -2348.756684       1180.093635      1.360243      0.135687      0.017765      3.798229
      0.186275      0.650839     -0.868186     -0.998805      0.000000      -2349.918266       1179.858267      1.509161      0.165648      0.017765      3.798229
      0.196078      0.678803     -0.830968     -1.000146      0.000000      -2351.324043       1179.609830      1.664728      0.199810      0.017765      3.798229
      0.205882      0.705832     -0.793697     -1.001744      0.000000      -2353.034374       1179.346400      1.826728      0.238398      0.017765      3.798229
      0.215686      0.731888     -0.756359     -1.003667      0.000000      -2355.128110       1179.065771      1.994939      0.281607      0.017765      3.798229
      0.225490      0.756930     -0.718943     -1.006002      0.000000      -2357.709424       1178.765399      2.169129      0.329604      0.017765      3.798229
      0.235294      0.780924     -0.681431     -1.008866      0.000000      -2360.917615       1178.442347      2.349056      0.382519      0.017765      3.798229
      0.245098      0.803830     -0.643799     -1.012419      0.000000      -2364.941409       1178.093217      2.534470      0.440449      0.017765      3.798229
      0.254902      0.825614     -0.606019     -1.016880      0.000000      -2370.040075       1177.714091      2.725114      0.503447      0.017765      3.798229
      0.264706      0.846239     -0.568052     -1.022551      0.000000      -2376.575092       1177.300488      2.920719      0.571529      0.017765      3.798229
      0.274510      0.865669     -0.529845     -1.029866      0.000000      -2385.058253       1176.847389      3.121010      0.644668      0.017765      3.798229
      0.284314      0.883867     -0.491325     -1.039443      0.000000      -2396.225453       1176.349408      3.325704      0.722791      0.017765      3.798229
      0.294118      0.900793     -0.452393     -1.052186      0.000000      -2411.150242       1175.801289      3.534508      0.805782      0.017765      3.798229
      0.303922      0.916407     -0.412908     -1.069429      0.000000      -2431.416443       1175.199154      3.747120      0.893481      0.017765      3.798229
      0.313725      0.930661     -0.372667     -1.093143      0.000000      -2459.367939       1174.543368      3.963226      0.985681      0.017765      3.798229
      0.323529      0.943503     -0.331380     -1.126188      0.000000      -2498.416646       1173.845019      4.182504      1.082128      0.017765      3.798229
      0.333333      0.954867     -0.288630     -1.172440      0.000000      -2553.205357       1173.140376      4.404614      1.182520      0.017765      3.798229
      0.343137      0.964671     -0.243847     -1.235971      0.000000      -2628.709940       1172.522546      4.629203      1.286503      0.017765      3.798229
      0.352941      0.972810     -0.196363     -1.316541      0.000000      -2725.070549       1172.206219      4.855893      1.393658      0.017765      3.798229
      0.362745      0.979158     -0.145810     -1.394382      0.000000      -2819.984195       1172.633212      5.084281      1.503485      0.017765      3.798229
      0.372549      0.983601     -0.093381     -1.400398      0.000000      -2833.703893       1174.523438      5.313932      1.615373      0.017765      3.798229
      0.382353      0.986133     -0.043833     -1.223025      0.000000      -2635.257460       1178.499372      5.544398      1.728606      0.017765      3.798229
      0.392157      0.986995     -0.004821     -0.849956      0.000000      -2206.256614       1184.173260      5.775253      1.842459      0.017765      3.798229
      0.401961      0.986683      0.019073     -0.443383      0.000000      -1733.666246       1190.136034      6.006162      1.956395      0.017765      3.798229
      0.411765      0.985742      0.029570     -0.142369      0.000000      -1382.210299       1195.280578      6.236914      2.070147      0.017765      3.798229
      0.421569      0.984590      0.031223      0.035516      0.000000      -1174.927934       1199.347150      6.467414      2.183634      0.017765      3.798229
      0.431373      0.983477      0.028026      0.124492      0.000000      -1072.533190       1202.514416      6.697647      2.296861      0.017765      3.798229
      0.441176      0.982530      0.022629      0.158388      0.000000      -1035.287093       1205.038503      6.927636      2.409863      0.017765      3.798229
      0.450980      0.981799      0.016629      0.159815      0.000000      -1036.422585       1207.132310      7.157429      2.522686      0.017765      3.798229
      0.460784      0.981287      0.010958      0.142510      0.000000      -1059.644103       1208.951442      7.387077      2.635378      0.017765      3.798229
      0.470588      0.980972      0.006144      0.114766      0.000000      -1095.128099       1210.605942      7.616629      2.747982      0.017765      3.798229
      0.480392      0.980816      0.002475      0.081718      0.000000      -1136.822031       1212.172840      7.846127      2.860536      0.017765      3.798229
      0.490196      0.980772      0.000084      0.046599      0.000000      -1180.942257       1213.704606      8.075601      2.973069      0.017765      3.798229
      0.500000      0.980793     -0.000994      0.011348      0.000000      -1225.240880       1215.233768      8.305075      3.085600      0.017765      3.798229
      0.509804      0.980830     -0.000771     -0.023147      0.000000      -1268.721081       1216.774869      8.534556      3.198139      0.017765      3.798229
      0.519608      0.980835      0.000722     -0.057005      0.000000      -1311.580748       1218.324989      8.764042      3.310683      0.017765      3.798229
      0.529412      0.980760      0.003480     -0.091340      0.000000      -1355.209190       1219.863921      8.993522      3.423220      0.017765      3.798229
      0.539216      0.980559      0.007555     -0.128173      0.000000      -1402.078672       1221.355057      9.222970      3.535725      0.017765      3.798229
      0.549020      0.980180      0.013089     -0.170132      0.000000      -1455.394402       1222.747879      9.452352      3.648161      0.017765      3.798229
      0.558824      0.979563      0.020323     -0.219906      0.000000      -1518.422455       1223.982860      9.681618      3.760473      0.017765      3.798229
      0.568627      0.978641      0.029589     -0.279464      0.000000      -1593.530529       1224.999210      9.910705      3.872592      0.017765      3.798229
      0.578431      0.977330      0.041264     -0.349218      0.000000      -1681.161472       1225.745127     10.139533      3.984421      0.017765      3.798229
      0.588235      0.975535      0.055703     -0.427475      0.000000      -1779.156052       1226.188745     10.368000      4.095837      0.017765      3.798229
      0.598039      0.973147      0.073160     -0.510533      0.000000      -1882.875635       1226.326351     10.595980      4.206678      0.017765      3.798229
      0.607843      0.970053      0.093724     -0.593529      0.000000      -1986.266228       1226.184142     10.823320      4.316743      0.017765      3.798229
      0.617647      0.966140      0.117303     -0.671717      0.000000      -2083.452542       1225.812102     11.049843      4.425790      0.017765      3.798229
      0.627451      0.961303      0.143646     -0.741582      0.000000      -2170.106702       1225.272377     11.275344      4.533537      0.017765      3.798229
      0.637255      0.955450      0.172406     -0.801317      0.000000      -2244.039616       1224.626980     11.499596      4.639667      0.017765      3.798229
      0.647059      0.948504      0.203195     -0.850677      0.000000      -2304.999292       1223.928978     11.722353      4.743842      0.017765      3.798229
      0.656863      0.940404      0.235641     -0.890479      0.000000      -2354.041619       1223.218556     11.943350      4.845712      0.017765      3.798229
      0.666667      0.931104      0.269412     -0.922063      0.000000      -2392.863577       1222.523035     12.162312      4.944921      0.017765      3.798229
      0.676471      0.920572      0.304228     -0.946901      0.000000      -2423.309866       1221.859033     12.378955      5.041123      0.017765      3.798229
      0.686275      0.908789      0.339865     -0.966359      0.000000      -2447.090444       1221.235260     12.592988      5.133988      0.017765      3.798229
      0.696078      0.895743      0.376146     -0.981607      0.000000      -2465.660270       1220.655073     12.804116      5.223207      0.017765      3.798229
      0.705882      0.881432      0.412930     -0.993591      0.000000      -2480.196582       1220.118471     13.012044      5.308503      0.017765      3.798229
      0.715686      0.865859      0.450112     -1.003055      0.000000      -2491.623656       1219.623506     13.216476      5.389630      0.017765      3.798229
      0.725490      0.849034      0.487609     -1.010575      0.000000      -2500.654582       1219.167223     13.417117      5.466380      0.017765      3.798229
      0.735294      0.830972      0.525356     -1.016592      0.000000      -2507.834426       1218.746242     13.613677      5.538584      0.017765      3.798229
      0.745098      0.811690      0.563305     -1.021441      0.000000      -2513.578244       1218.357116     13.805868      5.606117      0.017765      3.798229
      0.754902      0.791211      0.601417     -1.025378      0.000000      -2518.202044       1217.996519     13.993406      5.668896      0.017765      3.798229
      0.764706      0.769560      0.639661     -1.028599      0.000000      -2521.946989       1217.661354     14.176016      5.726880      0.017765      3.798229
      0.774510      0.746765      0.678015     -1.031254      0.000000      -2524.997855       1217.348787     14.353426      5.780073      0.017765      3.798229
      0.784314      0.722857      0.716458     -1.033457      0.000000      -2527.496926       1217.056259     14.525371      5.828519      0.017765      3.798229
      0.794118      0.697868      0.754977     -1.035300      0.000000      -2529.554394       1216.781475     14.691596      5.872304      0.017765      3.798229
      0.803922      0.671833      0.793559     -1.036852      0.000000      -2531.256112       1216.522382     14.851850      5.911553      0.017765      3.798229
      0.813725      0.644790      0.832194     -1.038167      0.000000      -2532.669391       1216.277143     15.005895      5.946425      0.017765      3.798229
      0.823529      0.616779      0.870874     -1.039289      0.000000      -2533.847335       1216.044115     15.153498      5.977113      0.017765      3.798229
      0.833333      0.587839      0.909593     -1.040253      0.000000      -2534.832101       1215.821823     15.294438      6.003838      0.017765      3.798229
      0.843137      0.558013      0.948345     -1.041087      0.000000      -2535.657359       1215.608938     15.428503      6.026846      0.017765      3.798229
      0.852941      0.527346      0.987127     -1.041812      0.000000      -2536.350157       1215.404254     15.555490      6.046405      0.017765      3.798229
      0.862745      0.495883      1.025933     -1.042448      0.000000      -2536.932352       1215.206673     15.675208      6.062800      0.017765      3.798229
      0.872549      0.463671      1.064762     -1.043008      0.000000      -2537.421698       1215.015187     15.787476      6.076325      0.017765      3.798229
      0.882353      0.430758      1.103611     -1.043505      0.000000      -2537.832691       1214.828864     15.892124      6.087283      0.017765      3.798229
      0.892157      0.397194      1.142476     -1.043948      0.000000      -2538.177229       1214.646834     15.988994      6.095979      0.017765      3.798229
      0.901961      0.363028      1.181358     -1.044347      0.000000      -2538.465119       1214.468281     16.077940      6.102714      0.017765      3.798229
      0.911765      0.328312      1.220254     -1.044709      0.000000      -2538.704482       1214.292430     16.158827      6.107782      0.017765      3.798229
      0.921569      0.293100      1.259162     -1.045039      0.000000      -2538.902068       1214.118543     16.231532      6.111466      0.017765      3.798229
      0.931373      0.257442      1.298083     -1.045343      0.000000      -2539.063514       1213.945909     16.295945      6.114030      0.017765      3.798229
      0.941176      0.221395      1.337014     -1.045624      0.000000      -2539.193537       1213.773838     16.351969      6.115720      0.017765      3.798229
      0.950980      0.185012      1.375956     -1.045887      0.000000      -2539.296106       1213.601656     16.399519      6.116756      0.017765      3.798229
      0.960784      0.148347      1.414906     -1.046135      0.000000      -2539.374565       1213.428702     16.438522      6.117330      0.017765      3.798229
      0.970588      0.111458      1.453866     -1.046371      0.000000      -2539.431751       1213.254326     16.468919      6.117604      0.017765      3.798229
      0.980392      0.074400      1.492835     -1.046598      0.000000      -2539.470084       1213.077880     16.490664      6.117706      0.017765      3.798229
      0.990196      0.037228      1.531812     -1.046823      0.000000      -2539.491659       1212.898723     16.503725      6.117730      0.017765      3.798229
      1.000000      0.000000      1.570796     -1.046943      0.000000      -2539.496493       1212.814921     16.508080      6.117732      0.017765      3.798229
