             t             r           psi            cs            qs                 p               sig             A             V            Q2             S
      0.000000      0.000000     -1.570796      0.013229      0.000000         -0.037492          1.417025      0.000000      0.000000     -0.641014      4.798976
      0.009804      0.047049     -1.570157      0.014458      0.000000         -0.037581          1.339895      0.006954      0.000000     -0.641014      4.798976
      0.019608      0.094098     -1.569424      0.016800      0.000000         -0.037947          1.209057      0.027817      0.000001     -0.641014      4.798976
      0.029412      0.141146     -1.568565      0.019873      0.000000         -0.038648          1.083065      0.062588      0.000005     -0.641014      4.798976
      0.039216      0.188195     -1.567537      0.024058      0.000000         -0.039790          0.961590      0.111267      0.000016     -0.641014      4.798976
      0.049020      0.235243     -1.566274      0.029956      0.000000         -0.041527          0.844404      0.173855      0.000042     -0.641014      4.798976
      0.058824      0.282291     -1.564675      0.038591      0.000000         -0.044085          0.731413      0.250350      0.000095     -0.641014      4.798976
      0.068627      0.329339     -1.562572      0.051817      0.000000         -0.047817          0.622695      0.340754      0.000194     -0.641014      4.798976
      0.078431      0.376386     -1.559673      0.073203      0.000000         -0.053285          0.518564      0.445066      0.000372     -0.641014      4.798976
      0.088235      0.423430     -1.555444      0.110166      0.000000         -0.061450          0.419675      0.563286      0.000684     -0.641014      4.798976
      0.098039      0.470471     -1.548809      0.179612      0.000000         -0.074054          0.327177      0.695412      0.001231     -0.641014      4.798976
      0.107843      0.517502     -1.537394      0.324553      0.000000         -0.094540          0.242980      0.841442      0.002217     -0.641014      4.798976
      0.117647      0.564506     -1.515269      0.668218      0.000000         -0.130463          0.170200      1.001373      0.004098     -0.641014      4.798976
      0.127451      0.611412     -1.465802      1.588426      0.000000         -0.200532          0.113949      1.175188      0.008049     -0.641014      4.798976
      0.137255      0.657852     -1.342966      3.943691      0.000000         -0.354589          0.082712      1.362818      0.017455     -0.641014      4.798976
      0.147059      0.701967     -1.079467      7.049099      0.000000         -0.696044          0.090147      1.563916      0.040841     -0.641014      4.798976
      0.156863      0.738791     -0.730624      7.200682      0.000000         -1.260995          0.153616      1.777122      0.088249     -0.641014      4.798976
      0.166667      0.764269     -0.433809      5.306219      0.000000         -1.840231          0.283398      1.999575      0.158329     -0.641014      4.798976
      0.176471      0.779247     -0.230104      3.429930      0.000000         -2.213247          0.472977      2.227942      0.241808     -0.641014      4.798976
      0.186275      0.786787     -0.102552      2.080884      0.000000         -2.354262          0.703773      2.459560      0.331315     -0.641014      4.798976
      0.196078      0.789669     -0.026988      1.196646      0.000000         -2.353835          0.955857      2.692660      0.423023     -0.641014      4.798976
      0.205882      0.789845      0.015107      0.636156      0.000000         -2.309511          1.214201      2.926173      0.515244     -0.641014      4.798976
      0.215686      0.788575      0.036177      0.287609      0.000000         -2.285233          1.469707      3.159501      0.607290     -0.641014      4.798976
      0.225490      0.786643      0.044302      0.075852      0.000000         -2.311984          1.717889      3.392340      0.698910     -0.641014      4.798976
      0.235294      0.784528      0.044690     -0.047626      0.000000         -2.399069          1.957219      3.624572      0.790037     -0.641014      4.798976
      0.245098      0.782507      0.040709     -0.114071      0.000000         -2.544061          2.187848      3.856188      0.880689     -0.641014      4.798976
      0.254902      0.780732      0.034528     -0.143845      0.000000         -2.739207          2.410763      4.087240      0.970919     -0.641014      4.798976
      0.264706      0.779271      0.027535     -0.150416      0.000000         -2.975009          2.627293      4.317814      1.060796     -0.641014      4.798976
      0.274510      0.778141      0.020595     -0.142810      0.000000         -3.242039          2.838834      4.548004      1.150392     -0.641014      4.798976
      0.284314      0.777325      0.014223     -0.127125      0.000000         -3.531761          3.046699      4.777907      1.239777     -0.641014      4.798976
      0.294118      0.776789      0.008694     -0.107480      0.000000         -3.836841          3.252051      5.007611      1.329015     -0.641014      4.798976
      0.303922      0.776491      0.004128     -0.086629      0.000000         -4.151208          3.455872      5.237193      1.418163     -0.641014      4.798976
      0.313725      0.776385      0.000533     -0.066365      0.000000         -4.469991          3.658963      5.466717      1.507267     -0.641014      4.798976
      0.323529      0.776427     -0.002144     -0.047794      0.000000         -4.789412          3.861948      5.696232      1.596364     -0.641014      4.798976
      0.333333      0.776574     -0.004000     -0.031536      0.000000         -5.106661          4.065292      5.925776      1.685483     -0.641014      4.798976
      0.343137      0.776792     -0.005152     -0.017859      0.000000         -5.419773          4.269322      6.155375      1.774644     -0.641014      4.798976
      0.352941      0.777050     -0.005722     -0.006793      0.000000         -5.727497          4.474241      6.385044      1.863860     -0.641014      4.798976
      0.362745      0.777323     -0.005830      0.001800      0.000000         -6.029180          4.680154      6.614793      1.953138     -0.641014      4.798976
      0.372549      0.777593     -0.005588      0.008156      0.000000         -6.324652          4.887086      6.844623      2.042478     -0.641014      4.798976
      0.382353      0.777845     -0.005093      0.012573      0.000000         -6.614121          5.095000      7.074530      2.131878     -0.641014      4.798976
      0.392157      0.778070     -0.004430      0.015368      0.000000         -6.898073          5.303814      7.304507      2.221334     -0.641014      4.798976
      0.401961      0.778260     -0.003667      0.016862      0.000000         -7.177195          5.513412      7.534546      2.310838     -0.641014      4.798976
      0.411765      0.778414     -0.002859      0.017356      0.000000         -7.452293          5.723664      7.764636      2.400381     -0.641014      4.798976
      0.421569      0.778529     -0.002046      0.017128      0.000000         -7.724237          5.934426      7.994766      2.489956     -0.641014      4.798976
      0.431373      0.778607     -0.001255      0.016420      0.000000         -7.993916          6.145554      8.224924      2.579553     -0.641014      4.798976
      0.441176      0.778648     -0.000505      0.015443      0.000000         -8.262199          6.356908      8.455100      2.669164     -0.641014      4.798976
      0.450980      0.778655      0.000197      0.014373      0.000000         -8.529918          6.568352      8.685283      2.758781     -0.641014      4.798976
      0.460784      0.778630      0.000849      0.013358      0.000000         -8.797851          6.779763      8.915463      2.848395     -0.641014      4.798976
      0.470588      0.778576      0.001456      0.012515      0.000000         -9.066721          6.991022      9.145632      2.938000     -0.641014      4.798976
      0.480392      0.778494      0.002031      0.011941      0.000000         -9.337202          7.202020      9.375780      3.027589     -0.641014      4.798976
      0.490196      0.778385      0.002585      0.011715      0.000000         -9.609926          7.412656      9.605900      3.117157     -0.641014      4.798976
      0.500000      0.778251      0.003139      0.011901      0.000000         -9.885500          7.622830      9.835984      3.206696     -0.641014      4.798976
      0.509804      0.778089      0.003713      0.012556      0.000000        -10.164524          7.832445     10.066024      3.296201     -0.641014      4.798976
      0.519608      0.777901      0.004329      0.013728      0.000000        -10.447610          8.041400     10.296013      3.385665     -0.641014      4.798976
      0.529412      0.777681      0.005013      0.015469      0.000000        -10.735410          8.249586     10.525941      3.475083     -0.641014      4.798976
      0.539216      0.777427      0.005794      0.017829      0.000000        -11.028638          8.456886     10.755800      3.564446     -0.641014      4.798976
      0.549020      0.777134      0.006702      0.020866      0.000000        -11.328096          8.663164     10.985578      3.653745     -0.641014      4.798976
      0.558824      0.776794      0.007769      0.024644      0.000000        -11.634702          8.868267     11.215262      3.742972     -0.641014      4.798976
      0.568627      0.776400      0.009033      0.029241      0.000000        -11.949517          9.072013     11.444838      3.832113     -0.641014      4.798976
      0.578431      0.775940      0.010535      0.034746      0.000000        -12.273773          9.274191     11.674289      3.921156     -0.641014      4.798976
      0.588235      0.775404      0.012319      0.041265      0.000000        -12.608898          9.474554     11.903592      4.010083     -0.641014      4.798976
      0.598039      0.774776      0.014436      0.048920      0.000000        -12.956542          9.672810     12.132724      4.098875     -0.641014      4.798976
      0.607843      0.774040      0.016942      0.057852      0.000000        -13.318599          9.868622     12.361654      4.187508     -0.641014      4.798976
      0.617647      0.773175      0.019902      0.068224      0.000000        -13.697224         10.061597     12.590348      4.275954     -0.641014      4.798976
      0.627451      0.772159      0.023387      0.080218      0.000000        -14.094838         10.251282     12.818765      4.364180     -0.641014      4.798976
      0.637255      0.770965      0.027479      0.094035      0.000000        -14.514133         10.437160     13.046856      4.452147     -0.641014      4.798976
      0.647059      0.769562      0.032268      0.109896      0.000000        -14.958050         10.618645     13.274564      4.539807     -0.641014      4.798976
      0.656863      0.767917      0.037856      0.128040      0.000000        -15.429744         10.795077     13.501822      4.627107     -0.641014      4.798976
      0.666667      0.765987      0.044356      0.148717      0.000000        -15.932520         10.965725     13.728553      4.713983     -0.641014      4.798976
      0.676471      0.763728      0.051893      0.172185      0.000000        -16.469739         11.129784     13.954666      4.800358     -0.641014      4.798976
      0.686275      0.761088      0.060606      0.198702      0.000000        -17.044691         11.286388     14.180056      4.886146     -0.641014      4.798976
      0.696078      0.758008      0.070642      0.228514      0.000000        -17.660421         11.434609     14.404603      4.971244     -0.641014      4.798976
      0.705882      0.754423      0.082164      0.261843      0.000000        -18.319521         11.573483     14.628166      5.055534     -0.641014      4.798976
      0.715686      0.750260      0.095339      0.298872      0.000000        -19.023881         11.702025     14.850585      5.138879     -0.641014      4.798976
      0.725490      0.745437      0.110347      0.339732      0.000000        -19.774417         11.819256     15.071678      5.221122     -0.641014      4.798976
      0.735294      0.739866      0.127368      0.384477      0.000000        -20.570791         11.924239     15.291238      5.302083     -0.641014      4.798976
      0.745098      0.733451      0.146586      0.433074      0.000000        -21.411148         12.016114     15.509028      5.381560     -0.641014      4.798976
      0.754902      0.726086      0.168178      0.485384      0.000000        -22.291907         12.094137     15.724784      5.459324     -0.641014      4.798976
      0.764706      0.717662      0.192313      0.541155      0.000000        -23.207638         12.157725     15.938210      5.535122     -0.641014      4.798976
      0.774510      0.708062      0.219147      0.600016      0.000000        -24.151065         12.206487     16.148974      5.608675     -0.641014      4.798976
      0.784314      0.697165      0.248814      0.661482      0.000000        -25.113216         12.240253     16.356711      5.679681     -0.641014      4.798976
      0.794118      0.684849      0.281423      0.724970      0.000000        -26.083723         12.259095     16.561021      5.747822     -0.641014      4.798976
      0.803922      0.670992      0.317054      0.789817      0.000000        -27.051279         12.263327     16.761464      5.812764     -0.641014      4.798976
      0.813725      0.655473      0.355753      0.855316      0.000000        -28.004181         12.253496     16.957569      5.874171     -0.641014      4.798976
      0.823529      0.638181      0.397536      0.920745      0.000000        -28.930945         12.230353     17.148827      5.931714     -0.641014      4.798976
      0.833333      0.619011      0.442381      0.985408      0.000000        -29.820884         12.194816     17.334697      5.985081     -0.641014      4.798976
      0.843137      0.597871      0.490238      1.048665      0.000000        -30.664627         12.147919     17.514612      6.033998     -0.641014      4.798976
      0.852941      0.574684      0.541027      1.109962      0.000000        -31.454493         12.090764     17.687976      6.078238     -0.641014      4.798976
      0.862745      0.549393      0.594645      1.168852      0.000000        -32.184718         12.024464     17.854176      6.117644     -0.641014      4.798976
      0.872549      0.521960      0.650970      1.225003      0.000000        -32.851511         11.950099     18.012584      6.152138     -0.641014      4.798976
      0.882353      0.492373      0.709868      1.278202      0.000000        -33.452970         11.868671     18.162563      6.181734     -0.641014      4.798976
      0.892157      0.460642      0.771198      1.328351      0.000000        -33.988884         11.781077     18.303479      6.206549     -0.641014      4.798976
      0.901961      0.426804      0.834815      1.375457      0.000000        -34.460459         11.688079     18.434702      6.226805     -0.641014      4.798976
      0.911765      0.390925      0.900579      1.419613      0.000000        -34.870013         11.590299     18.555619      6.242823     -0.641014      4.798976
      0.921569      0.353097      0.968354      1.460991      0.000000        -35.220666         11.488205     18.665638      6.255019     -0.641014      4.798976
      0.931373      0.313438      1.038014      1.499820      0.000000        -35.516054         11.382115     18.764200      6.263883     -0.641014      4.798976
      0.941176      0.272094      1.109447      1.536377      0.000000        -35.760086         11.272201     18.850786      6.269958     -0.641014      4.798976
      0.950980      0.229239      1.182553      1.570977      0.000000        -35.956740         11.158498     18.924922      6.273817     -0.641014      4.798976
      0.960784      0.185070      1.257247      1.603960      0.000000        -36.109914         11.040912     18.986190      6.276024     -0.641014      4.798976
      0.970588      0.139807      1.333462      1.635695      0.000000        -36.223313         10.919237     19.034234      6.277106     -0.641014      4.798976
      0.980392      0.093695      1.411149      1.666597      0.000000        -36.300395         10.793166     19.068765      6.277519     -0.641014      4.798976
      0.990196      0.046998      1.490282      1.697372      0.000000        -36.344352         10.662308     19.089572      6.277616     -0.641014      4.798976
      1.000000      0.000000      1.570796      1.717296      0.000000        -36.355764         10.585176     19.096522      6.277623     -0.641014      4.798976
