             t             r           psi            cs            qs                 p               sig             A             V            Q2             S
      0.000000      0.000000     -1.570796     -0.393211      0.000000         -5.143147          6.539936      0.000000      0.000000      0.108217      7.919910
      0.009804      0.077634     -1.539641     -0.414384      0.000000         -5.152935          6.317739      0.018939      0.000011      0.108217      7.919910
      0.019608      0.155188     -1.506299     -0.445389      0.000000         -5.189021          6.028786      0.075737      0.000187      0.108217      7.919910
      0.029412      0.232568     -1.470291     -0.483545      0.000000         -5.259846          5.748644      0.170333      0.000972      0.108217      7.919910
      0.039216      0.309652     -1.430932     -0.532450      0.000000         -5.378908          5.473810      0.302613      0.003164      0.108217      7.919910
      0.049020      0.386284     -1.387185     -0.597724      0.000000         -5.567150          5.201071      0.472396      0.007975      0.108217      7.919910
      0.058824      0.462250     -1.337452     -0.688620      0.000000         -5.858268          4.927668      0.679414      0.017127      0.108217      7.919910
      0.068627      0.537244     -1.279183     -0.821063      0.000000         -6.308689          4.651746      0.923271      0.033004      0.108217      7.919910
      0.078431      0.610789     -1.208152     -1.023624      0.000000         -7.016966          4.373507      1.203385      0.058889      0.108217      7.919910
      0.088235      0.682096     -1.117082     -1.348867      0.000000         -8.161532          4.098277      1.518876      0.099368      0.108217      7.919910
      0.098039      0.749735     -0.993149     -1.889412      0.000000        -10.064730          3.844813      1.868338      0.160928      0.108217      7.919910
      0.107843      0.810943     -0.815056     -2.756585      0.000000        -13.213121          3.667967      2.249383      0.252488      0.108217      7.919910
      0.117647      0.860494     -0.560379     -3.761769      0.000000        -17.605977          3.709528      2.657720      0.383763      0.108217      7.919910
      0.127451      0.891284     -0.259309     -3.676801      0.000000        -20.054432          4.211994      3.085913      0.555634      0.108217      7.919910
      0.137255      0.901738     -0.033406     -2.017829      0.000000        -16.290547          5.211006      3.523998      0.750122      0.108217      7.919910
      0.147059      0.899925      0.061076     -0.552524      0.000000        -10.520121          6.331104      3.963777      0.948211      0.108217      7.919910
      0.156863      0.894371      0.073443      0.124228      0.000000         -7.234694          7.301409      4.401500      1.144075      0.108217      7.919910
      0.166667      0.889328      0.054028      0.323084      0.000000         -6.480200          8.103083      4.836540      1.337629      0.108217      7.919910
      0.176471      0.886126      0.028677      0.308646      0.000000         -7.206700          8.795117      5.269551      1.529623      0.108217      7.919910
      0.186275      0.884748      0.008024      0.217541      0.000000         -8.609627          9.433260      5.701459      1.720774      0.108217      7.919910
      0.196078      0.884676     -0.004868      0.116156      0.000000        -10.198711         10.056038      6.133039      1.911667      0.108217      7.919910
      0.205882      0.885316     -0.010550      0.034834      0.000000        -11.697696         10.686301      6.564780      2.102697      0.108217      7.919910
      0.215686      0.886181     -0.011064     -0.016501      0.000000        -12.976669         11.334621      6.996904      2.294061      0.108217      7.919910
      0.225490      0.886960     -0.008717     -0.039837      0.000000        -14.010069         12.002728      7.429439      2.485790      0.108217      7.919910
      0.235294      0.887510     -0.005402     -0.042936      0.000000        -14.839554         12.686984      7.862300      2.677815      0.108217      7.919910
      0.245098      0.887806     -0.002341     -0.034720      0.000000        -15.537174         13.381552      8.295368      2.870026      0.108217      7.919910
      0.254902      0.887895     -0.000112     -0.022487      0.000000        -16.175200         14.080747      8.728526      3.062319      0.108217      7.919910
      0.264706      0.887848      0.001170     -0.010902      0.000000        -16.808460         14.780312      9.161692      3.254619      0.108217      7.919910
      0.274510      0.887734      0.001657     -0.002197      0.000000        -17.469107         15.477754      9.594816      3.446881      0.108217      7.919910
      0.284314      0.887605      0.001600      0.003115      0.000000        -18.169533         16.172105     10.027879      3.639089      0.108217      7.919910
      0.294118      0.887493      0.001250      0.005491      0.000000        -18.908602         16.863447     10.460883      3.831244      0.108217      7.919910
      0.303922      0.887413      0.000802      0.005774      0.000000        -19.677945         17.552424     10.893839      4.023358      0.108217      7.919910
      0.313725      0.887368      0.000384      0.004836      0.000000        -20.466817         18.239874     11.326765      4.215444      0.108217      7.919910
      0.323529      0.887351      0.000064      0.003387      0.000000        -21.265197         18.926579     11.759676      4.407518      0.108217      7.919910
      0.333333      0.887355     -0.000141      0.001916      0.000000        -22.065355         19.613145     12.192584      4.599589      0.108217      7.919910
      0.343137      0.887370     -0.000241      0.000701      0.000000        -22.862313         20.299961     12.625497      4.791664      0.108217      7.919910
      0.352941      0.887390     -0.000260     -0.000148      0.000000        -23.653610         20.987221     13.058419      4.983747      0.108217      7.919910
      0.362745      0.887409     -0.000227     -0.000634      0.000000        -24.438722         21.674965     13.491351      5.175839      0.108217      7.919910
      0.372549      0.887425     -0.000169     -0.000820      0.000000        -25.218380         22.363136     13.924291      5.367938      0.108217      7.919910
      0.382353      0.887435     -0.000105     -0.000798      0.000000        -25.993949         23.051626     14.357238      5.560043      0.108217      7.919910
      0.392157      0.887441     -0.000048     -0.000654      0.000000        -26.766953         23.740318     14.790188      5.752152      0.108217      7.919910
      0.401961      0.887443     -0.000005     -0.000461      0.000000        -27.538762         24.429103     15.223141      5.944262      0.108217      7.919910
      0.411765      0.887442      0.000024     -0.000268      0.000000        -28.310426         25.117899     15.656093      6.136373      0.108217      7.919910
      0.421569      0.887440      0.000038     -0.000107      0.000000        -29.082634         25.806652     16.089045      6.328482      0.108217      7.919910
      0.431373      0.887437      0.000041      0.000011      0.000000        -29.855737         26.495336     16.521996      6.520591      0.108217      7.919910
      0.441176      0.887434      0.000037      0.000083      0.000000        -30.629827         27.183943     16.954945      6.712698      0.108217      7.919910
      0.450980      0.887431      0.000029      0.000116      0.000000        -31.404814         27.872479     17.387892      6.904804      0.108217      7.919910
      0.460784      0.887429      0.000020      0.000120      0.000000        -32.180512         28.560960     17.820838      7.096908      0.108217      7.919910
      0.470588      0.887428      0.000011      0.000104      0.000000        -32.956697         29.249402     18.253784      7.289013      0.108217      7.919910
      0.480392      0.887427      0.000004      0.000079      0.000000        -33.733160         29.937823     18.686729      7.481116      0.108217      7.919910
      0.490196      0.887427     -0.000001      0.000050      0.000000        -34.509727         30.626236     19.119674      7.673220      0.108217      7.919910
      0.500000      0.887428     -0.000004      0.000023      0.000000        -35.286278         31.314650     19.552619      7.865324      0.108217      7.919910
      0.509804      0.887428     -0.000005     -0.000000      0.000000        -36.062743         32.003070     19.985565      8.057428      0.108217      7.919910
      0.519608      0.887428     -0.000004     -0.000019      0.000000        -36.839102         32.691499     20.418510      8.249531      0.108217      7.919910
      0.529412      0.887428     -0.000002     -0.000034      0.000000        -37.615373         33.379935     20.851455      8.441636      0.108217      7.919910
      0.539216      0.887428      0.000002     -0.000047      0.000000        -38.391606         34.068374     21.284401      8.633740      0.108217      7.919910
      0.549020      0.887428      0.000006     -0.000061      0.000000        -39.167880         34.756810     21.717347      8.825844      0.108217      7.919910
      0.558824      0.887428      0.000011     -0.000077      0.000000        -39.944294         35.445234     22.150292      9.017948      0.108217      7.919910
      0.568627      0.887426      0.000018     -0.000101      0.000000        -40.720980         36.133638     22.583237      9.210051      0.108217      7.919910
      0.578431      0.887425      0.000027     -0.000136      0.000000        -41.498105         36.822007     23.016181      9.402154      0.108217      7.919910
      0.588235      0.887422      0.000039     -0.000187      0.000000        -42.275892         37.510324     23.449124      9.594256      0.108217      7.919910
      0.598039      0.887418      0.000057     -0.000263      0.000000        -43.054646         38.198565     23.882066      9.786356      0.108217      7.919910
      0.607843      0.887413      0.000081     -0.000373      0.000000        -43.834790         38.886698     24.315005      9.978455      0.108217      7.919910
      0.617647      0.887406      0.000116     -0.000531      0.000000        -44.616925         39.574675     24.747941     10.170551      0.108217      7.919910
      0.627451      0.887395      0.000165     -0.000755      0.000000        -45.401899         40.262430     25.180873     10.362643      0.108217      7.919910
      0.637255      0.887379      0.000236     -0.001073      0.000000        -46.190920         40.949868     25.613799     10.554729      0.108217      7.919910
      0.647059      0.887357      0.000335     -0.001523      0.000000        -46.985705         41.636855     26.046715     10.746808      0.108217      7.919910
      0.656863      0.887326      0.000477     -0.002156      0.000000        -47.788683         42.323199     26.479619     10.938875      0.108217      7.919910
      0.666667      0.887282      0.000677     -0.003045      0.000000        -48.603290         43.008632     26.912505     11.130926      0.108217      7.919910
      0.676471      0.887219      0.000959     -0.004291      0.000000        -49.434359         43.692772     27.345364     11.322953      0.108217      7.919910
      0.686275      0.887130      0.001356     -0.006034      0.000000        -50.288670         44.375086     27.778187     11.514948      0.108217      7.919910
      0.696078      0.887004      0.001914     -0.008465      0.000000        -51.175683         45.054822     28.210958     11.706897      0.108217      7.919910
      0.705882      0.886827      0.002695     -0.011847      0.000000        -52.108523         45.730938     28.643656     11.898781      0.108217      7.919910
      0.715686      0.886578      0.003787     -0.016537      0.000000        -53.105264         46.401982     29.076251     12.090573      0.108217      7.919910
      0.725490      0.886228      0.005309     -0.023013      0.000000        -54.190559         47.065955     29.508701     12.282236      0.108217      7.919910
      0.735294      0.885738      0.007423     -0.031914      0.000000        -55.397596         47.720127     29.940948     12.473717      0.108217      7.919910
      0.745098      0.885054      0.010349     -0.044076      0.000000        -56.770276         48.360802     30.372911     12.664943      0.108217      7.919910
      0.754902      0.884102      0.014380     -0.060566      0.000000        -58.365261         48.983057     30.804479     12.855811      0.108217      7.919910
      0.764706      0.882783      0.019901     -0.082703      0.000000        -60.253195         49.580462     31.235497     13.046181      0.108217      7.919910
      0.774510      0.880961      0.027410     -0.112047      0.000000        -62.517814         50.144839     31.665755     13.235856      0.108217      7.919910
      0.784314      0.878459      0.037532     -0.150307      0.000000        -65.251043         50.666161     32.094967     13.424562      0.108217      7.919910
      0.794118      0.875047      0.051026     -0.199158      0.000000        -68.541761         51.132747     32.522747     13.611927      0.108217      7.919910
      0.803922      0.870429      0.068768     -0.259908      0.000000        -72.456545         51.531938     32.948582     13.797442      0.108217      7.919910
      0.813725      0.864243      0.091709     -0.333051      0.000000        -77.013388         51.851391     33.371797     13.980421      0.108217      7.919910
      0.823529      0.856051      0.120790     -0.417795      0.000000        -82.154553         52.080993     33.791524     14.159962      0.108217      7.919910
      0.833333      0.845355      0.156830     -0.511760      0.000000        -87.730497         52.215016     34.206665     14.334901      0.108217      7.919910
      0.843137      0.831610      0.200402     -0.611075      0.000000        -93.508094         52.253867     34.615867     14.503796      0.108217      7.919910
      0.852941      0.814256      0.251740     -0.710965      0.000000        -99.208114         52.204634     35.017505     14.664934      0.108217      7.919910
      0.862745      0.792757      0.310700     -0.806679      0.000000       -104.561245         52.080048     35.409687     14.816399      0.108217      7.919910
      0.872549      0.766635      0.376802     -0.894392      0.000000       -109.360056         51.896173     35.790270     14.956195      0.108217      7.919910
      0.882353      0.735509      0.449323     -0.971743      0.000000       -113.486936         51.669661     36.156901     15.082417      0.108217      7.919910
      0.892157      0.699117      0.527415     -1.037878      0.000000       -116.912761         51.415494     36.507071     15.193454      0.108217      7.919910
      0.901961      0.657329      0.610215     -1.093143      0.000000       -119.675350         51.145661     36.838173     15.288194      0.108217      7.919910
      0.911765      0.610151      0.696919     -1.138634      0.000000       -121.851562         50.868780     37.147570     15.366177      0.108217      7.919910
      0.921569      0.557720      0.786821     -1.175786      0.000000       -123.533235         50.590347     37.432661     15.427694      0.108217      7.919910
      0.931373      0.500292      0.879332     -1.206090      0.000000       -124.811007         50.313279     37.690941     15.473802      0.108217      7.919910
      0.941176      0.438236      0.973976     -1.230927      0.000000       -125.765676         50.038513     37.920058     15.506241      0.108217      7.919910
      0.950980      0.372015      1.070376     -1.251499      0.000000       -126.464951         49.765519     38.117863     15.527287      0.108217      7.919910
      0.960784      0.302181      1.168240     -1.268817      0.000000       -126.963355         49.492687     38.282457     15.539526      0.108217      7.919910
      0.970588      0.229355      1.267351     -1.283719      0.000000       -127.303651         49.217617     38.412224     15.545602      0.108217      7.919910
      0.980392      0.154221      1.367547     -1.296904      0.000000       -127.518794         48.937305     38.505870     15.547940      0.108217      7.919910
      0.990196      0.077511      1.468721     -1.308980      0.000000       -127.633925         48.648293     38.562445     15.548493      0.108217      7.919910
      1.000000     -0.000000      1.570796     -1.318156      0.000000       -127.666297         48.426091     38.581369     15.548531      0.108217      7.919910
