             t             r           psi            cs            qs                 p               sig             A             V            Q2             S
      0.000000      0.000000     -1.570796      0.921644      0.000000        -48.563223         26.345968      0.000000     -0.000000     -0.408327      3.668253
      0.009804      0.035957     -1.537622      0.925071      0.000000        -48.566554         26.287603      0.004063      0.000001     -0.408327      3.668253
      0.019608      0.071874     -1.504232      0.931821      0.000000        -48.581801         26.157671      0.016247      0.000019     -0.408327      3.668253
      0.029412      0.107710     -1.470598      0.938675      0.000000        -48.608747         26.030528      0.036538      0.000098     -0.408327      3.668253
      0.039216      0.143425     -1.436713      0.945839      0.000000        -48.648734         25.905836      0.064915      0.000311     -0.408327      3.668253
      0.049020      0.178977     -1.402563      0.953403      0.000000        -48.703295         25.783275      0.101344      0.000758     -0.408327      3.668253
      0.058824      0.214322     -1.368132      0.961452      0.000000        -48.774201         25.662541      0.145784      0.001570     -0.408327      3.668253
      0.068627      0.249417     -1.333402      0.970080      0.000000        -48.863511         25.543348      0.198183      0.002904     -0.408327      3.668253
      0.078431      0.284216     -1.298349      0.979391      0.000000        -48.973624         25.425434      0.258480      0.004941     -0.408327      3.668253
      0.088235      0.318675     -1.262948      0.989504      0.000000        -49.107343         25.308565      0.326603      0.007888     -0.408327      3.668253
      0.098039      0.352746     -1.227166      1.000557      0.000000        -49.267947         25.192537      0.402469      0.011974     -0.408327      3.668253
      0.107843      0.386380     -1.190968      1.012706      0.000000        -49.459270         25.077182      0.485986      0.017447     -0.408327      3.668253
      0.117647      0.419529     -1.154311      1.026134      0.000000        -49.685805         24.962381      0.577048      0.024573     -0.408327      3.668253
      0.127451      0.452141     -1.117144      1.041048      0.000000        -49.952807         24.848073      0.675542      0.033632     -0.408327      3.668253
      0.137255      0.484162     -1.079411      1.057692      0.000000        -50.266422         24.734270      0.781339      0.044916     -0.408327      3.668253
      0.147059      0.515538     -1.041044      1.076344      0.000000        -50.633816         24.621077      0.894300      0.058726     -0.408327      3.668253
      0.156863      0.546210     -1.001965      1.097320      0.000000        -51.063307         24.508724      1.014272      0.075366     -0.408327      3.668253
      0.166667      0.576117     -0.962085      1.120983      0.000000        -51.564481         24.397594      1.141089      0.095140     -0.408327      3.668253
      0.176471      0.605195     -0.921300      1.147732      0.000000        -52.148257         24.288284      1.274573      0.118351     -0.408327      3.668253
      0.186275      0.633375     -0.879491      1.178002      0.000000        -52.826847         24.181658      1.414526      0.145289     -0.408327      3.668253
      0.196078      0.660583     -0.836523      1.212244      0.000000        -53.613516         24.078945      1.560739      0.176233     -0.408327      3.668253
      0.205882      0.686740     -0.792245      1.250887      0.000000        -54.521982         23.981842      1.712983      0.211440     -0.408327      3.668253
      0.215686      0.711760     -0.746494      1.294268      0.000000        -55.565214         23.892665      1.871011      0.251141     -0.408327      3.668253
      0.225490      0.735551     -0.699095      1.342521      0.000000        -56.753256         23.814529      2.034555      0.295531     -0.408327      3.668253
      0.235294      0.758012     -0.649875      1.395390      0.000000        -58.089558         23.751563      2.203326      0.344759     -0.408327      3.668253
      0.245098      0.779036     -0.598684      1.451946      0.000000        -59.565193         23.709141      2.377013      0.398921     -0.408327      3.668253
      0.254902      0.798508     -0.545421      1.510194      0.000000        -61.150390         23.694107      2.555277      0.458040     -0.408327      3.668253
      0.264706      0.816310     -0.490083      1.566592      0.000000        -62.783359         23.714886      2.737755      0.522059     -0.408327      3.668253
      0.274510      0.832325     -0.432830      1.615574      0.000000        -64.357918         23.781373      2.924056      0.590820     -0.408327      3.668253
      0.284314      0.846445     -0.374062      1.649331      0.000000        -65.714291         23.904376      3.113763      0.664054     -0.408327      3.668253
      0.294118      0.858583     -0.314496      1.658258      0.000000        -66.641364         24.094425      3.306439      0.741372     -0.408327      3.668253
      0.303922      0.868685     -0.255206      1.632475      0.000000        -66.900813         24.359854      3.501627      0.822271     -0.408327      3.668253
      0.313725      0.876749     -0.197586      1.564486      0.000000        -66.278748         24.704413      3.698868      0.906153     -0.408327      3.668253
      0.323529      0.882835     -0.143212      1.452195      0.000000        -64.654878         25.125144      3.897706      0.992366     -0.408327      3.668253
      0.333333      0.887067     -0.093607      1.300735      0.000000        -62.059569         25.611535      4.097706      1.080252     -0.408327      3.668253
      0.343137      0.889627     -0.049986      1.121772      0.000000        -58.684455         26.146659      4.298470      1.169206     -0.408327      3.668253
      0.352941      0.890740     -0.013070      0.930415      0.000000        -54.835309         26.710085      4.499644      1.258710     -0.408327      3.668253
      0.362745      0.890650      0.016964      0.741328      0.000000        -50.850994         27.281427      4.700929      1.348357     -0.408327      3.668253
      0.372549      0.889599      0.040416      0.565857      0.000000        -47.028395         27.843254      4.902081      1.437849     -0.408327      3.668253
      0.382353      0.887815      0.057913      0.410978      0.000000        -43.580105         28.382624      5.102909      1.526982     -0.408327      3.668253
      0.392157      0.885498      0.070260      0.279693      0.000000        -40.627354         28.891290      5.303269      1.615626     -0.408327      3.668253
      0.401961      0.882817      0.078315      0.172126      0.000000        -38.215419         29.365036      5.503062      1.703707     -0.408327      3.668253
      0.411765      0.879912      0.082906      0.086676      0.000000        -36.336897         29.802671      5.702222      1.791188     -0.408327      3.668253
      0.421569      0.876893      0.084786      0.020912      0.000000        -34.953427         30.205032      5.900711      1.878057     -0.408327      3.668253
      0.431373      0.873846      0.084614     -0.027830      0.000000        -34.012023         30.574170      6.098512      1.964321     -0.408327      3.668253
      0.441176      0.870832      0.082957     -0.062115      0.000000        -33.455732         30.912751      6.295628      2.049994     -0.408327      3.668253
      0.450980      0.867898      0.080292     -0.084247      0.000000        -33.229804         31.223657      6.492071      2.135099     -0.408327      3.668253
      0.460784      0.865071      0.077019     -0.096215      0.000000        -33.284768         31.509734      6.687863      2.219661     -0.408327      3.668253
      0.470588      0.862367      0.073473     -0.099696      0.000000        -33.577607         31.773646      6.883030      2.303706     -0.408327      3.668253
      0.480392      0.859791      0.069933     -0.096077      0.000000        -34.071864         32.017796      7.077600      2.387259     -0.408327      3.668253
      0.490196      0.857338      0.066634     -0.086500      0.000000        -34.737195         32.244292      7.271603      2.470346     -0.408327      3.668253
      0.500000      0.854996      0.063772     -0.071894      0.000000        -35.548699         32.454942      7.465063      2.552987     -0.408327      3.668253
      0.509804      0.852747      0.061514     -0.053012      0.000000        -36.486184         32.651253      7.658006      2.635199     -0.408327      3.668253
      0.519608      0.850565      0.060003     -0.030461      0.000000        -37.533457         32.834453      7.850449      2.716995     -0.408327      3.668253
      0.529412      0.848423      0.059361     -0.004726      0.000000        -38.677674         33.005499      8.042403      2.798383     -0.408327      3.668253
      0.539216      0.846287      0.059697      0.023808      0.000000        -39.908754         33.165107      8.233875      2.879362     -0.408327      3.668253
      0.549020      0.844119      0.061104      0.054836      0.000000        -41.218853         33.313760      8.424861      2.959927     -0.408327      3.668253
      0.558824      0.841881      0.063668      0.088122      0.000000        -42.601878         33.451742      8.615350      3.040063     -0.408327      3.668253
      0.568627      0.839528      0.067467      0.123481      0.000000        -44.053034         33.579151      8.805322      3.119748     -0.408327      3.668253
      0.578431      0.837016      0.072572      0.160766      0.000000        -45.568390         33.695928      8.994744      3.198949     -0.408327      3.668253
      0.588235      0.834296      0.079052      0.199857      0.000000        -47.144447         33.801886      9.183577      3.277624     -0.408327      3.668253
      0.598039      0.831319      0.086968      0.240648      0.000000        -48.777727         33.896737      9.371767      3.355720     -0.408327      3.668253
      0.607843      0.828031      0.096380      0.283035      0.000000        -50.464367         33.980126      9.559250      3.433172     -0.408327      3.668253
      0.617647      0.824379      0.107343      0.326905      0.000000        -52.199748         34.051670      9.745949      3.509902     -0.408327      3.668253
      0.627451      0.820306      0.119909      0.372124      0.000000        -53.978178         34.110991      9.931778      3.585821     -0.408327      3.668253
      0.637255      0.815756      0.134123      0.418533      0.000000        -55.792639         34.157757     10.116633      3.660826     -0.408327      3.668253
      0.647059      0.810668      0.150025      0.465938      0.000000        -57.634655         34.191712     10.300400      3.734799     -0.408327      3.668253
      0.656863      0.804985      0.167646      0.514109      0.000000        -59.494266         34.212715     10.482951      3.807612     -0.408327      3.668253
      0.666667      0.798647      0.187009      0.562781      0.000000        -61.360151         34.220760     10.664146      3.879122     -0.408327      3.668253
      0.676471      0.791593      0.208127      0.611657      0.000000        -63.219889         34.215997     10.843828      3.949174     -0.408327      3.668253
      0.686275      0.783765      0.231002      0.660418      0.000000        -65.060337         34.198735     11.021830      4.017603     -0.408327      3.668253
      0.696078      0.775106      0.255623      0.708733      0.000000        -66.868102         34.169447     11.197971      4.084234     -0.408327      3.668253
      0.705882      0.765561      0.281969      0.756268      0.000000        -68.630067         34.128755     11.372055      4.148887     -0.408327      3.668253
      0.715686      0.755076      0.310006      0.802706      0.000000        -70.333907         34.077408     11.543878      4.211376     -0.408327      3.668253
      0.725490      0.743603      0.339688      0.847750      0.000000        -71.968559         34.016263     11.713221      4.271515     -0.408327      3.668253
      0.735294      0.731096      0.370962      0.891143      0.000000        -73.524607         33.946244     11.879855      4.329122     -0.408327      3.668253
      0.745098      0.717516      0.403763      0.932669      0.000000        -74.994544         33.868319     12.043542      4.384021     -0.408327      3.668253
      0.754902      0.702827      0.438021      0.972159      0.000000        -76.372904         33.783464     12.204037      4.436048     -0.408327      3.668253
      0.764706      0.687000      0.473661      1.009495      0.000000        -77.656274         33.692636     12.361084      4.485055     -0.408327      3.668253
      0.774510      0.670011      0.510604      1.044609      0.000000        -78.843190         33.596747     12.514423      4.530916     -0.408327      3.668253
      0.784314      0.651844      0.548769      1.077476      0.000000        -79.933952         33.496645     12.663791      4.573525     -0.408327      3.668253
      0.794118      0.632489      0.588076      1.108114      0.000000        -80.930377         33.393099     12.808920      4.612810     -0.408327      3.668253
      0.803922      0.611942      0.628446      1.136573      0.000000        -81.835524         33.286793     12.949541      4.648726     -0.408327      3.668253
      0.813725      0.590207      0.669801      1.162932      0.000000        -82.653412         33.178317     13.085385      4.681263     -0.408327      3.668253
      0.823529      0.567293      0.712067      1.187292      0.000000        -83.388752         33.068167     13.216183      4.710447     -0.408327      3.668253
      0.833333      0.543217      0.755176      1.209769      0.000000        -84.046699         32.956749     13.341672      4.736340     -0.408327      3.668253
      0.843137      0.518002      0.799061      1.230488      0.000000        -84.632646         32.844382     13.461592      4.759038     -0.408327      3.668253
      0.852941      0.491678      0.843661      1.249580      0.000000        -85.152044         32.731302     13.575688      4.778673     -0.408327      3.668253
      0.862745      0.464280      0.888921      1.267179      0.000000        -85.610270         32.617670     13.683714      4.795409     -0.408327      3.668253
      0.872549      0.435849      0.934789      1.283417      0.000000        -86.012520         32.503577     13.785431      4.809440     -0.408327      3.668253
      0.882353      0.406433      0.981218      1.298423      0.000000        -86.363731         32.389051     13.880612      4.820982     -0.408327      3.668253
      0.892157      0.376084      1.028166      1.312321      0.000000        -86.668540         32.274067     13.969039      4.830276     -0.408327      3.668253
      0.901961      0.344858      1.075597      1.325230      0.000000        -86.931247         32.158546     14.050509      4.837572     -0.408327      3.668253
      0.911765      0.312819      1.123475      1.337263      0.000000        -87.155806         32.042364     14.124829      4.843134     -0.408327      3.668253
      0.921569      0.280032      1.171772      1.348527      0.000000        -87.345826         31.925358     14.191824      4.847225     -0.408327      3.668253
      0.931373      0.246567      1.220462      1.359121      0.000000        -87.504578         31.807328     14.251332      4.850104     -0.408327      3.668253
      0.941176      0.212499      1.269522      1.369141      0.000000        -87.635009         31.688043     14.303209      4.852020     -0.408327      3.668253
      0.950980      0.177907      1.318934      1.378676      0.000000        -87.739765         31.567241     14.347327      4.853205     -0.408327      3.668253
      0.960784      0.142870      1.368681      1.387812      0.000000        -87.821211         31.444636     14.383576      4.853867     -0.408327      3.668253
      0.970588      0.107473      1.418750      1.396635      0.000000        -87.881458         31.319920     14.411867      4.854185     -0.408327      3.668253
      0.980392      0.071802      1.469133      1.405243      0.000000        -87.922395         31.192766     14.432126      4.854305     -0.408327      3.668253
      0.990196      0.035948      1.519825      1.413897      0.000000        -87.945730         31.062831     14.444302      4.854333     -0.408327      3.668253
      1.000000      0.000000      1.570796      1.418358      0.000000        -87.950851         31.004466     14.448365      4.854335     -0.408327      3.668253
