             t             r           psi            cs            qs                 p               sig             A             V            Q2             S
      0.000000     -0.000000     -1.570796     -0.705494      0.000000         -5.508646          3.904108      0.000000     -0.000000      0.228838      3.453956
      0.009804      0.033859     -1.546825     -0.716773      0.000000         -5.510489          3.867904      0.003602      0.000001      0.228838      3.453956
      0.019608      0.067698     -1.522139     -0.741253      0.000000         -5.519410          3.781185      0.014407      0.000012      0.228838      3.453956
      0.029412      0.101496     -1.496610     -0.766900      0.000000         -5.535196          3.697125      0.032407      0.000060      0.228838      3.453956
      0.039216      0.135228     -1.470178     -0.794598      0.000000         -5.558673          3.615619      0.057591      0.000193      0.228838      3.453956
      0.049020      0.168869     -1.442768     -0.824757      0.000000         -5.590778          3.536585      0.089943      0.000477      0.228838      3.453956
      0.058824      0.202388     -1.414289     -0.857780      0.000000         -5.632589          3.459975      0.129441      0.001001      0.228838      3.453956
      0.068627      0.235754     -1.384638     -0.894110      0.000000         -5.685344          3.385772      0.176054      0.001877      0.228838      3.453956
      0.078431      0.268930     -1.353693     -0.934247      0.000000         -5.750472          3.314001      0.229747      0.003239      0.228838      3.453956
      0.088235      0.301875     -1.321317     -0.978750      0.000000         -5.829615          3.244736      0.290475      0.005249      0.228838      3.453956
      0.098039      0.334542     -1.287351     -1.028240      0.000000         -5.924650          3.178111      0.358183      0.008093      0.228838      3.453956
      0.107843      0.366878     -1.251616     -1.083394      0.000000         -6.037712          3.114329      0.432807      0.011984      0.228838      3.453956
      0.117647      0.398824     -1.213907     -1.144930      0.000000         -6.171204          3.053678      0.514271      0.017164      0.228838      3.453956
      0.127451      0.430311     -1.173996     -1.213572      0.000000         -6.327789          2.996553      0.602485      0.023901      0.228838      3.453956
      0.137255      0.461258     -1.131630     -1.289999      0.000000         -6.510350          2.943473      0.697342      0.032493      0.228838      3.453956
      0.147059      0.491576     -1.086537     -1.374749      0.000000         -6.721899          2.895110      0.798718      0.043260      0.228838      3.453956
      0.156863      0.521159     -1.038429     -1.468073      0.000000         -6.965396          2.852324      0.906468      0.056546      0.228838      3.453956
      0.166667      0.549885     -0.987018     -1.569718      0.000000         -7.243447          2.816189      1.020424      0.072714      0.228838      3.453956
      0.176471      0.577618     -0.932038     -1.678632      0.000000         -7.557814          2.788037      1.140389      0.092129      0.228838      3.453956
      0.186275      0.604202     -0.873276     -1.792571      0.000000         -7.908697          2.769484      1.266134      0.115154      0.228838      3.453956
      0.196078      0.629465     -0.810623     -1.907660      0.000000         -8.293732          2.762445      1.397399      0.142124      0.228838      3.453956
      0.205882      0.653219     -0.744133     -2.017993      0.000000         -8.706755          2.769128      1.533881      0.173326      0.228838      3.453956
      0.215686      0.675272     -0.674100     -2.115442      0.000000         -9.136478          2.791970      1.675240      0.208964      0.228838      3.453956
      0.225490      0.695431     -0.601124     -2.189955      0.000000         -9.565470          2.833508      1.821093      0.249132      0.228838      3.453956
      0.235294      0.713521     -0.526168     -2.230584      0.000000         -9.970054          2.896155      1.971018      0.293782      0.228838      3.453956
      0.245098      0.729405     -0.450555     -2.227340      0.000000        -10.321842          2.981895      2.124559      0.342705      0.228838      3.453956
      0.254902      0.742995     -0.375895     -2.173561      0.000000        -10.591339          3.091917      2.281236      0.395535      0.228838      3.453956
      0.264706      0.754273     -0.303938     -2.068008      0.000000        -10.753267          3.226282      2.440558      0.451773      0.228838      3.453956
      0.274510      0.763294     -0.236369     -1.915760      0.000000        -10.792168          3.383716      2.602039      0.510828      0.228838      3.453956
      0.284314      0.770185     -0.174603     -1.727373      0.000000        -10.706278          3.561611      2.765209      0.572079      0.228838      3.453956
      0.294118      0.775128     -0.119637     -1.516591      0.000000        -10.508091          3.756273      2.929635      0.634926      0.228838      3.453956
      0.303922      0.778347     -0.071985     -1.297553      0.000000        -10.221465          3.963344      3.094924      0.698834      0.228838      3.453956
      0.313725      0.780081     -0.031714     -1.082507      0.000000         -9.876565          4.178291      3.260736      0.763356      0.228838      3.453956
      0.323529      0.780573      0.001476     -0.880561      0.000000         -9.504515          4.396840      3.426781      0.828138      0.228838      3.453956
      0.333333      0.780055      0.028136     -0.697458      0.000000         -9.133246          4.615285      3.592819      0.892916      0.228838      3.453956
      0.343137      0.778734      0.048957     -0.536028      0.000000         -8.785125          4.830642      3.758658      0.957497      0.228838      3.453956
      0.352941      0.776798      0.064690     -0.396922      0.000000         -8.476239          5.040684      3.924148      1.021751      0.228838      3.453956
      0.362745      0.774405      0.076082     -0.279354      0.000000         -8.216802          5.243877      4.089174      1.085591      0.228838      3.453956
      0.372549      0.771691      0.083835     -0.181714      0.000000         -8.012162          5.439282      4.253655      1.148964      0.228838      3.453956
      0.382353      0.768768      0.088591     -0.102003      0.000000         -7.863972          5.626428      4.417534      1.211842      0.228838      3.453956
      0.392157      0.765727      0.090921     -0.038122      0.000000         -7.771291          5.805200      4.580778      1.274213      0.228838      3.453956
      0.401961      0.762640      0.091328      0.011955      0.000000         -7.731496          5.975738      4.743368      1.336079      0.228838      3.453956
      0.411765      0.759567      0.090246      0.050097      0.000000         -7.740989          6.138354      4.905302      1.397449      0.228838      3.453956
      0.421569      0.756549      0.088051      0.077973      0.000000         -7.795702          6.293465      5.066588      1.458337      0.228838      3.453956
      0.431373      0.753620      0.085065      0.097046      0.000000         -7.891444          6.441552      5.227240      1.518763      0.228838      3.453956
      0.441176      0.750801      0.081564      0.108587      0.000000         -8.024133          6.583115      5.387281      1.578745      0.228838      3.453956
      0.450980      0.748105      0.077784      0.113685      0.000000         -8.189930          6.718656      5.546735      1.638306      0.228838      3.453956
      0.460784      0.745539      0.073927      0.113273      0.000000         -8.385321          6.848656      5.705629      1.697467      0.228838      3.453956
      0.470588      0.743102      0.070165      0.108144      0.000000         -8.607153          6.973564      5.863990      1.756250      0.228838      3.453956
      0.480392      0.740789      0.066648      0.098973      0.000000         -8.852645          7.093791      6.021847      1.814673      0.228838      3.453956
      0.490196      0.738588      0.063502      0.086330      0.000000         -9.119382          7.209703      6.179224      1.872754      0.228838      3.453956
      0.500000      0.736485      0.060835      0.070695      0.000000         -9.405300          7.321618      6.336143      1.930508      0.228838      3.453956
      0.509804      0.734464      0.058743      0.052471      0.000000         -9.708665          7.429806      6.492623      1.987949      0.228838      3.453956
      0.519608      0.732502      0.057307      0.031990      0.000000        -10.028051          7.534487      6.648681      2.045085      0.228838      3.453956
      0.529412      0.730577      0.056599      0.009525      0.000000        -10.362314          7.635829      6.804325      2.101923      0.228838      3.453956
      0.539216      0.728662      0.056682     -0.014702      0.000000        -10.710570          7.733954      6.959561      2.158464      0.228838      3.453956
      0.549020      0.726730      0.057613     -0.040519      0.000000        -11.072166          7.828933      7.114388      2.214706      0.228838      3.453956
      0.558824      0.724752      0.059443     -0.067796      0.000000        -11.446658          7.920791      7.268801      2.270643      0.228838      3.453956
      0.568627      0.722696      0.062219     -0.096437      0.000000        -11.833779          8.009506      7.422784      2.326261      0.228838      3.453956
      0.578431      0.720530      0.065988     -0.126381      0.000000        -12.233414          8.095014      7.576319      2.381545      0.228838      3.453956
      0.588235      0.718219      0.070793     -0.157594      0.000000        -12.645566          8.177211      7.729378      2.436471      0.228838      3.453956
      0.598039      0.715727      0.076676     -0.190064      0.000000        -13.070320          8.255954      7.881927      2.491011      0.228838      3.453956
      0.607843      0.713018      0.083679     -0.223797      0.000000        -13.507808          8.331068      8.033924      2.545129      0.228838      3.453956
      0.617647      0.710054      0.091847     -0.258813      0.000000        -13.958163          8.402350      8.185317      2.598785      0.228838      3.453956
      0.627451      0.706793      0.101222     -0.295141      0.000000        -14.421475          8.469570      8.336050      2.651930      0.228838      3.453956
      0.637255      0.703196      0.111850     -0.332811      0.000000        -14.897747          8.532486      8.486053      2.704509      0.228838      3.453956
      0.647059      0.699220      0.123777     -0.371851      0.000000        -15.386841          8.590842      8.635251      2.756459      0.228838      3.453956
      0.656863      0.694820      0.137049     -0.412281      0.000000        -15.888434          8.644379      8.783559      2.807710      0.228838      3.453956
      0.666667      0.689952      0.151714     -0.454108      0.000000        -16.401972          8.692845      8.930882      2.858186      0.228838      3.453956
      0.676471      0.684569      0.167819     -0.497321      0.000000        -16.926631          8.735998      9.077116      2.907800      0.228838      3.453956
      0.686275      0.678624      0.185411     -0.541888      0.000000        -17.461282          8.773620      9.222145      2.956461      0.228838      3.453956
      0.696078      0.672068      0.204533     -0.587751      0.000000        -18.004478          8.805518      9.365845      3.004070      0.228838      3.453956
      0.705882      0.664852      0.225229     -0.634824      0.000000        -18.554441          8.831537      9.508080      3.050522      0.228838      3.453956
      0.715686      0.656926      0.247539     -0.682995      0.000000        -19.109073          8.851562      9.648706      3.095704      0.228838      3.453956
      0.725490      0.648241      0.271496     -0.732123      0.000000        -19.665982          8.865526      9.787566      3.139502      0.228838      3.453956
      0.735294      0.638748      0.297130     -0.782041      0.000000        -20.222524          8.873411      9.924493      3.181796      0.228838      3.453956
      0.745098      0.628397      0.324466     -0.832560      0.000000        -20.775856          8.875250     10.059309      3.222465      0.228838      3.453956
      0.754902      0.617142      0.353520     -0.883472      0.000000        -21.323009          8.871125     10.191828      3.261389      0.228838      3.453956
      0.764706      0.604936      0.384301     -0.934557      0.000000        -21.860963          8.861170     10.321852      3.298449      0.228838      3.453956
      0.774510      0.591737      0.416812     -0.985589      0.000000        -22.386729          8.845560     10.449174      3.333533      0.228838      3.453956
      0.784314      0.577505      0.451046     -1.036340      0.000000        -22.897433          8.824513     10.573579      3.366537      0.228838      3.453956
      0.794118      0.562204      0.486992     -1.086591      0.000000        -23.390388          8.798274     10.694842      3.397367      0.228838      3.453956
      0.803922      0.545802      0.524627     -1.136135      0.000000        -23.863162          8.767118     10.812733      3.425944      0.228838      3.453956
      0.813725      0.528274      0.563926     -1.184782      0.000000        -24.313632          8.731333     10.927015      3.452208      0.228838      3.453956
      0.823529      0.509597      0.604854     -1.232368      0.000000        -24.740022          8.691216     11.037446      3.476117      0.228838      3.453956
      0.833333      0.489759      0.647374     -1.278751      0.000000        -25.140925          8.647066     11.143780      3.497656      0.228838      3.453956
      0.843137      0.468752      0.691442     -1.323823      0.000000        -25.515307          8.599173     11.245768      3.516833      0.228838      3.453956
      0.852941      0.446576      0.737014     -1.367502      0.000000        -25.862503          8.547812     11.343163      3.533686      0.228838      3.453956
      0.862745      0.423239      0.784040     -1.409740      0.000000        -26.182192          8.493240     11.435716      3.548280      0.228838      3.453956
      0.872549      0.398759      0.832471     -1.450516      0.000000        -26.474370          8.435689     11.523182      3.560709      0.228838      3.453956
      0.882353      0.373160      0.882259     -1.489840      0.000000        -26.739311          8.375362     11.605319      3.571095      0.228838      3.453956
      0.892157      0.346477      0.933354     -1.527747      0.000000        -26.977525          8.312431     11.681894      3.579587      0.228838      3.453956
      0.901961      0.318751      0.985710     -1.564298      0.000000        -27.189714          8.247034     11.752680      3.586356      0.228838      3.453956
      0.911765      0.290036      1.039281     -1.599577      0.000000        -27.376734          8.179277     11.817461      3.591592      0.228838      3.453956
      0.921569      0.260392      1.094027     -1.633687      0.000000        -27.539549          8.109230     11.876032      3.595497      0.228838      3.453956
      0.931373      0.229889      1.149910     -1.666752      0.000000        -27.679196          8.036930     11.928204      3.598283      0.228838      3.453956
      0.941176      0.198605      1.206897     -1.698909      0.000000        -27.796756          7.962382     11.973800      3.600161      0.228838      3.453956
      0.950980      0.166629      1.264960     -1.730317      0.000000        -27.893320          7.885558     12.012666      3.601336      0.228838      3.453956
      0.960784      0.134057      1.324076     -1.761149      0.000000        -27.969976          7.806404     12.044663      3.602000      0.228838      3.453956
      0.970588      0.100992      1.384229     -1.791610      0.000000        -28.027785          7.724837     12.069676      3.602323      0.228838      3.453956
      0.980392      0.067546      1.445411     -1.821995      0.000000        -28.067778          7.640754     12.087611      3.602445      0.228838      3.453956
      0.990196      0.033840      1.507632     -1.853331      0.000000        -28.090965          7.554029     12.098400      3.602473      0.228838      3.453956
      1.000000     -0.000000      1.570796     -1.868615      0.000000        -28.095835          7.517825     12.102001      3.602475      0.228838      3.453956
