             t             r           psi            cs            qs                 p               sig             A             V            Q2             S
      0.000000      0.000000     -1.570796      0.882588      0.000000        -96.350658         54.584179      0.000000      0.000000     -0.208921      8.167844
      0.009804      0.080010     -1.499923      0.888977      0.000000        -96.375332         54.325174      0.020136      0.000029     -0.208921      8.167844
      0.019608      0.159616     -1.428399      0.897546      0.000000        -96.464262         53.991335      0.080444      0.000455     -0.208921      8.167844
      0.029412      0.238404     -1.356147      0.907241      0.000000        -96.634711         53.665004      0.180617      0.002295     -0.208921      8.167844
      0.039216      0.315952     -1.283055      0.918661      0.000000        -96.913226         53.341069      0.320136      0.007196     -0.208921      8.167844
      0.049020      0.391827     -1.208953      0.932620      0.000000        -97.338635         53.014436      0.498271      0.017371     -0.208921      8.167844
      0.058824      0.465584     -1.133594      0.950288      0.000000        -97.968922         52.679983      0.714067      0.035500     -0.208921      8.167844
      0.068627      0.536758     -1.056616      0.973414      0.000000        -98.892624         52.332556      0.966344      0.064599     -0.208921      8.167844
      0.078431      0.604859     -0.977481      1.004703      0.000000       -100.248293         51.967129      1.253679      0.107880     -0.208921      8.167844
      0.088235      0.669353     -0.895378      1.048470      0.000000       -102.258311         51.579387      1.574395      0.168586     -0.208921      8.167844
      0.098039      0.729633     -0.809047      1.111765      0.000000       -105.287464         51.167462      1.926527      0.249807     -0.208921      8.167844
      0.107843      0.784977     -0.716500      1.206156      0.000000       -109.937865         50.736699      2.307780      0.354290     -0.208921      8.167844
      0.117647      0.834462     -0.614575      1.349513      0.000000       -117.158431         50.312613      2.715450      0.484194     -0.208921      8.167844
      0.127451      0.876836     -0.498511      1.561710      0.000000       -128.105377         49.975286      3.146290      0.640720     -0.208921      8.167844
      0.137255      0.910374     -0.362976      1.823859      0.000000       -142.364167         49.939409      3.596309      0.823395     -0.208921      8.167844
      0.147059      0.933046     -0.210081      1.937499      0.000000       -151.214366         50.646310      4.060550      1.028637     -0.208921      8.167844
      0.156863      0.943888     -0.067323      1.524830      0.000000       -135.506928         52.483874      4.533206      1.248422     -0.208921      8.167844
      0.166667      0.945207      0.023803      0.743756      0.000000        -99.069370         54.994964      5.008750      1.473044     -0.208921      8.167844
      0.176471      0.941639      0.057407      0.150846      0.000000        -69.396268         57.301413      5.483533      1.696825     -0.208921      8.167844
      0.186275      0.936936      0.056337     -0.134539      0.000000        -55.028557         59.102099      5.956120      1.918387     -0.208921      8.167844
      0.196078      0.932992      0.041038     -0.224579      0.000000        -51.202869         60.499223      6.426484      2.137981     -0.208921      8.167844
      0.205882      0.930435      0.022959     -0.216176      0.000000        -52.917006         61.652797      6.895203      2.356194     -0.208921      8.167844
      0.215686      0.929241      0.007545     -0.164731      0.000000        -57.130333         62.685197      7.362988      2.573626     -0.208921      8.167844
      0.225490      0.929098     -0.003106     -0.100976      0.000000        -62.107793         63.678644      7.830453      2.790785     -0.208921      8.167844
      0.235294      0.929605     -0.008774     -0.042478      0.000000        -66.833030         64.685086      8.298026      3.008041     -0.208921      8.167844
      0.245098      0.930392     -0.010305      0.001360      0.000000        -70.736679         65.733161      8.765939      3.225608     -0.208921      8.167844
      0.254902      0.931181     -0.009039      0.027302      0.000000        -73.593839         66.832808      9.234257      3.443551     -0.208921      8.167844
      0.264706      0.931803     -0.006372      0.036876      0.000000        -75.460567         67.979888      9.702935      3.661834     -0.208921      8.167844
      0.274510      0.932195     -0.003450      0.034576      0.000000        -76.583354         69.161788     10.171869      3.880358     -0.208921      8.167844
      0.284314      0.932368     -0.001007      0.025803      0.000000        -77.282694         70.363217     10.640944      4.099016     -0.208921      8.167844
      0.294118      0.932378      0.000635      0.015202      0.000000        -77.849506         71.570715     11.110061      4.317715     -0.208921      8.167844
      0.303922      0.932289      0.001463      0.005850      0.000000        -78.486280         72.775012     11.579157      4.536393     -0.208921      8.167844
      0.313725      0.932161      0.001645     -0.000793      0.000000        -79.295973         73.971376     12.048195      4.755017     -0.208921      8.167844
      0.323529      0.932036      0.001415     -0.004495      0.000000        -80.301357         75.158723     12.517168      4.973582     -0.208921      8.167844
      0.333333      0.931939      0.000991     -0.005743      0.000000        -81.474916         76.338287     12.986085      5.192093     -0.208921      8.167844
      0.343137      0.931878      0.000540     -0.005319      0.000000        -82.766368         77.512374     13.454962      5.410568     -0.208921      8.167844
      0.352941      0.931851      0.000163     -0.004007      0.000000        -84.122560         78.683447     13.923818      5.629022     -0.208921      8.167844
      0.362745      0.931849     -0.000095     -0.002436      0.000000        -85.499175         79.853568     14.392666      5.847470     -0.208921      8.167844
      0.372549      0.931863     -0.000232     -0.001023      0.000000        -86.865718         81.024158     14.861518      6.065920     -0.208921      8.167844
      0.382353      0.931883     -0.000269      0.000020      0.000000        -88.205801         82.195982     15.330378      6.284380     -0.208921      8.167844
      0.392157      0.931904     -0.000240      0.000641      0.000000        -89.514626         83.369261     15.799250      6.502849     -0.208921      8.167844
      0.401961      0.931921     -0.000177      0.000891      0.000000        -90.795283         84.543850     16.268130      6.721327     -0.208921      8.167844
      0.411765      0.931932     -0.000105      0.000872      0.000000        -92.055025         85.719413     16.737018      6.939812     -0.208921      8.167844
      0.421569      0.931938     -0.000041      0.000696      0.000000        -93.302231         86.895558     17.205911      7.158300     -0.208921      8.167844
      0.431373      0.931939      0.000005      0.000459      0.000000        -94.544366         88.071938     17.674805      7.376791     -0.208921      8.167844
      0.441176      0.931938      0.000033      0.000230      0.000000        -95.786936         89.248298     18.143698      7.595281     -0.208921      8.167844
      0.450980      0.931934      0.000043      0.000049      0.000000        -97.033224         90.424486     18.612591      7.813770     -0.208921      8.167844
      0.460784      0.931931      0.000042     -0.000070      0.000000        -98.284560         91.600439     19.081482      8.032257     -0.208921      8.167844
      0.470588      0.931928      0.000034     -0.000130      0.000000        -99.540840         92.776162     19.550371      8.250743     -0.208921      8.167844
      0.480392      0.931926      0.000022     -0.000143      0.000000       -100.801104         93.951700     20.019258      8.469227     -0.208921      8.167844
      0.490196      0.931924      0.000012     -0.000126      0.000000       -102.064048         95.127113     20.488145      8.687711     -0.208921      8.167844
      0.500000      0.931924      0.000003     -0.000092      0.000000       -103.328389         96.302462     20.957032      8.906194     -0.208921      8.167844
      0.509804      0.931924     -0.000003     -0.000055      0.000000       -104.593088         97.477793     21.425918      9.124677     -0.208921      8.167844
      0.519608      0.931924     -0.000006     -0.000022      0.000000       -105.857444         98.653141     21.894804      9.343160     -0.208921      8.167844
      0.529412      0.931925     -0.000007      0.000003      0.000000       -107.121088         99.828522     22.363691      9.561644     -0.208921      8.167844
      0.539216      0.931925     -0.000006      0.000019      0.000000       -108.383930        101.003940     22.832578      9.780128     -0.208921      8.167844
      0.549020      0.931926     -0.000004      0.000027      0.000000       -109.646072        102.179391     23.301465      9.998612     -0.208921      8.167844
      0.558824      0.931926     -0.000002      0.000030      0.000000       -110.907736        103.354864     23.770352     10.217096     -0.208921      8.167844
      0.568627      0.931926      0.000001      0.000031      0.000000       -112.169196        104.530346     24.239240     10.435580     -0.208921      8.167844
      0.578431      0.931926      0.000003      0.000033      0.000000       -113.430743        105.705824     24.708127     10.654064     -0.208921      8.167844
      0.588235      0.931925      0.000006      0.000038      0.000000       -114.692683        106.881284     25.177014     10.872548     -0.208921      8.167844
      0.598039      0.931925      0.000009      0.000049      0.000000       -115.955349        108.056711     25.645901     11.091032     -0.208921      8.167844
      0.607843      0.931924      0.000014      0.000071      0.000000       -117.219153        109.232084     26.114788     11.309515     -0.208921      8.167844
      0.617647      0.931922      0.000021      0.000108      0.000000       -118.484669        110.407378     26.583674     11.527998     -0.208921      8.167844
      0.627451      0.931920      0.000032      0.000168      0.000000       -119.752750        111.582552     27.052559     11.746480     -0.208921      8.167844
      0.637255      0.931917      0.000049      0.000261      0.000000       -121.024713        112.757546     27.521443     11.964961     -0.208921      8.167844
      0.647059      0.931912      0.000075      0.000405      0.000000       -122.302599        113.932265     27.990325     12.183440     -0.208921      8.167844
      0.656863      0.931905      0.000116      0.000626      0.000000       -123.589578        115.106560     28.459203     12.401916     -0.208921      8.167844
      0.666667      0.931893      0.000179      0.000964      0.000000       -124.890546        116.280205     28.928077     12.620388     -0.208921      8.167844
      0.676471      0.931875      0.000275      0.001480      0.000000       -126.213040        117.452848     29.396944     12.838852     -0.208921      8.167844
      0.686275      0.931848      0.000423      0.002267      0.000000       -127.568611        118.623950     29.865799     13.057307     -0.208921      8.167844
      0.696078      0.931805      0.000649      0.003466      0.000000       -128.974896        119.792687     30.334637     13.275745     -0.208921      8.167844
      0.705882      0.931741      0.000994      0.005288      0.000000       -130.458705        120.957803     30.803449     13.494158     -0.208921      8.167844
      0.715686      0.931641      0.001521      0.008050      0.000000       -132.060570        122.117390     31.272220     13.712534     -0.208921      8.167844
      0.725490      0.931490      0.002321      0.012224      0.000000       -133.841305        123.268568     31.740929     13.930851     -0.208921      8.167844
      0.735294      0.931259      0.003534      0.018502      0.000000       -135.891189        124.407015     32.209543     14.149079     -0.208921      8.167844
      0.745098      0.930907      0.005367      0.027891      0.000000       -138.342164        125.526318     32.678012     14.367172     -0.208921      8.167844
      0.754902      0.930375      0.008122      0.041815      0.000000       -141.382594        126.617087     33.146262     14.585058     -0.208921      8.167844
      0.764706      0.929570      0.012236      0.062222      0.000000       -145.271970        127.665875     33.614180     14.802629     -0.208921      8.167844
      0.774510      0.928362      0.018327      0.091641      0.000000       -150.348397        128.654012     34.081599     15.019721     -0.208921      8.167844
      0.784314      0.926560      0.027234      0.133074      0.000000       -157.014302        129.556774     34.548270     15.236089     -0.208921      8.167844
      0.794118      0.923898      0.040042      0.189581      0.000000       -165.677766        130.343656     35.013831     15.451364     -0.208921      8.167844
      0.803922      0.920011      0.058059      0.263391      0.000000       -176.628183        130.980905     35.477761     15.664999     -0.208921      8.167844
      0.813725      0.914429      0.082693      0.354604      0.000000       -189.854078        131.437311     35.939332     15.876198     -0.208921      8.167844
      0.823529      0.906573      0.115232      0.459983      0.000000       -204.877452        131.692799     36.397548     16.083837     -0.208921      8.167844
      0.833333      0.895785      0.156561      0.572796      0.000000       -220.739189        131.746704     36.851103     16.286393     -0.208921      8.167844
      0.843137      0.881372      0.206933      0.684340      0.000000       -236.223702        131.620829     37.298347     16.481913     -0.208921      8.167844
      0.852941      0.862672      0.265910      0.786579      0.000000       -250.233800        131.354452     37.737287     16.668074     -0.208921      8.167844
      0.862745      0.839117      0.332517      0.874327      0.000000       -262.089187        130.993642     38.165618     16.842323     -0.208921      8.167844
      0.872549      0.810276      0.405501      0.945841      0.000000       -271.595537        130.580721     38.580782     17.002116     -0.208921      8.167844
      0.882353      0.775875      0.483586      1.002027      0.000000       -278.921149        130.148146     38.980045     17.145186     -0.208921      8.167844
      0.892157      0.735797      0.565631      1.045182      0.000000       -284.415112        129.717277     39.360574     17.269800     -0.208921      8.167844
      0.901961      0.690073      0.650699      1.077962      0.000000       -288.464886        129.300107     39.719513     17.374964     -0.208921      8.167844
      0.911765      0.638857      0.738060      1.102814      0.000000       -291.419005        128.901919     40.054056     17.460538     -0.208921      8.167844
      0.921569      0.582418      0.827162      1.121751      0.000000       -293.559643        128.523670     40.361503     17.527269     -0.208921      8.167844
      0.931373      0.521116      0.917597      1.136332      0.000000       -295.102290        128.163743     40.639313     17.576724     -0.208921      8.167844
      0.941176      0.455392      1.009065      1.147729      0.000000       -296.206206        127.819057     40.885148     17.611148     -0.208921      8.167844
      0.950980      0.385752      1.101348      1.156811      0.000000       -296.987053        127.485728     41.096906     17.633263     -0.208921      8.167844
      0.960784      0.312760      1.194288      1.164220      0.000000       -297.528129        127.159417     41.272758     17.646011     -0.208921      8.167844
      0.970588      0.237026      1.287771      1.170437      0.000000       -297.889256        126.835494     41.411169     17.652290     -0.208921      8.167844
      0.980392      0.159199      1.381716      1.175828      0.000000       -298.113414        126.509116     41.510921     17.654691     -0.208921      8.167844
      0.990196      0.079957      1.476070      1.180688      0.000000       -298.231597        126.175253     41.571130     17.655256     -0.208921      8.167844
      1.000000      0.000000      1.570796      1.184377      0.000000       -298.264621        125.916247     41.591259     17.655294     -0.208921      8.167844
