             t             r           psi            cs            qs                 p               sig             A             V            Q2             S
      0.000000      0.000000     -1.570796     -0.854134      0.000000        -15.606884          9.136090      0.000000      0.000000      0.188553      3.008081
      0.009804      0.029488     -1.545583     -0.858931      0.000000        -15.608371          9.107107      0.002732      0.000001      0.188553      3.008081
      0.019608      0.058957     -1.520064     -0.871554      0.000000        -15.616957          9.018399      0.010927      0.000008      0.188553      3.008081
      0.029412      0.088387     -1.494177     -0.884155      0.000000        -15.631986          8.931698      0.024579      0.000041      0.188553      3.008081
      0.039216      0.117759     -1.467910     -0.897281      0.000000        -15.654065          8.846881      0.043679      0.000131      0.188553      3.008081
      0.049020      0.147050     -1.441247     -0.911083      0.000000        -15.683860          8.763838      0.068215      0.000322      0.188553      3.008081
      0.058824      0.176239     -1.414165     -0.925673      0.000000        -15.722118          8.682470      0.098169      0.000670      0.188553      3.008081
      0.068627      0.205302     -1.386640     -0.941168      0.000000        -15.769674          8.602690      0.133520      0.001245      0.188553      3.008081
      0.078431      0.234215     -1.358643     -0.957693      0.000000        -15.827471          8.524431      0.174243      0.002130      0.188553      3.008081
      0.088235      0.262953     -1.330142     -0.975384      0.000000        -15.896566          8.447638      0.220308      0.003419      0.188553      3.008081
      0.098039      0.291488     -1.301100     -0.994394      0.000000        -15.978152          8.372282      0.271680      0.005222      0.188553      3.008081
      0.107843      0.319793     -1.271476     -1.014891      0.000000        -16.073569          8.298354      0.328318      0.007656      0.188553      3.008081
      0.117647      0.347838     -1.241223     -1.037057      0.000000        -16.184321          8.225874      0.390178      0.010855      0.188553      3.008081
      0.127451      0.375590     -1.210290     -1.061096      0.000000        -16.312088          8.154897      0.457207      0.014962      0.188553      3.008081
      0.137255      0.403017     -1.178617     -1.087228      0.000000        -16.458745          8.085514      0.529349      0.020129      0.188553      3.008081
      0.147059      0.430082     -1.146140     -1.115690      0.000000        -16.626370          8.017864      0.606540      0.026520      0.188553      3.008081
      0.156863      0.456747     -1.112786     -1.146734      0.000000        -16.817245          7.952139      0.688710      0.034309      0.188553      3.008081
      0.166667      0.482970     -1.078475     -1.180622      0.000000        -17.033853          7.888599      0.775781      0.043674      0.188553      3.008081
      0.176471      0.508708     -1.043120     -1.217617      0.000000        -17.278854          7.827581      0.867667      0.054802      0.188553      3.008081
      0.186275      0.533913     -1.006625     -1.257971      0.000000        -17.555032          7.769519      0.964273      0.067883      0.188553      3.008081
      0.196078      0.558532     -0.968887     -1.301900      0.000000        -17.865211          7.714956      1.065496      0.083111      0.188553      3.008081
      0.205882      0.582510     -0.929799     -1.349557      0.000000        -18.212106          7.664574      1.171222      0.100677      0.188553      3.008081
      0.215686      0.605785     -0.889250     -1.400986      0.000000        -18.598102          7.619208      1.281327      0.120772      0.188553      3.008081
      0.225490      0.628292     -0.847131     -1.456056      0.000000        -19.024920          7.579882      1.395675      0.143575      0.188553      3.008081
      0.235294      0.649961     -0.803337     -1.514384      0.000000        -19.493152          7.547833      1.514117      0.169258      0.188553      3.008081
      0.245098      0.670714     -0.757784     -1.575222      0.000000        -20.001621          7.524532      1.636491      0.197972      0.188553      3.008081
      0.254902      0.690472     -0.710415     -1.637338      0.000000        -20.546555          7.511711      1.762619      0.229844      0.188553      3.008081
      0.264706      0.709151     -0.661216     -1.698874      0.000000        -21.120595          7.511362      1.892309      0.264968      0.188553      3.008081
      0.274510      0.726663     -0.610243     -1.757229      0.000000        -21.711702          7.525722      2.025354      0.303400      0.188553      3.008081
      0.284314      0.742923     -0.557636     -1.808984      0.000000        -22.302149          7.557217      2.161530      0.345145      0.188553      3.008081
      0.294118      0.757849     -0.503651     -1.849956      0.000000        -22.867906          7.608356      2.300595      0.390151      0.188553      3.008081
      0.303922      0.771366     -0.448675     -1.875414      0.000000        -23.378849          7.681566      2.442297      0.438303      0.188553      3.008081
      0.313725      0.783416     -0.393236     -1.880538      0.000000        -23.800289          7.778961      2.586369      0.489420      0.188553      3.008081
      0.323529      0.793957     -0.337999     -1.861099      0.000000        -24.096160          7.902066      2.732534      0.543256      0.188553      3.008081
      0.333333      0.802974     -0.283734     -1.814261      0.000000        -24.233775          8.051524      2.880511      0.599508      0.188553      3.008081
      0.343137      0.810478     -0.231267     -1.739312      0.000000        -24.189433          8.226852      3.030018      0.657832      0.188553      3.008081
      0.352941      0.816512     -0.181406     -1.638077      0.000000        -23.953502          8.426313      3.180779      0.717860      0.188553      3.008081
      0.362745      0.821147     -0.134867     -1.514834      0.000000        -23.533401          8.646950      3.332527      0.779219      0.188553      3.008081
      0.372549      0.824478     -0.092214     -1.375715      0.000000        -22.953407          8.884787      3.485011      0.841554      0.188553      3.008081
      0.382353      0.826619     -0.053811     -1.227774      0.000000        -22.251221          9.135185      3.638001      0.904541      0.188553      3.008081
      0.392157      0.827693     -0.019815     -1.077994      0.000000        -21.472348          9.393250      3.791286      0.967897      0.188553      3.008081
      0.401961      0.827830      0.009813     -0.932480      0.000000        -20.663911          9.654233      3.944681      1.031387      0.188553      3.008081
      0.411765      0.827155      0.035274     -0.795993      0.000000        -19.869365          9.913843      4.098025      1.094819      0.188553      3.008081
      0.421569      0.825788      0.056884     -0.671811      0.000000        -19.124986         10.168445      4.251178      1.158042      0.188553      3.008081
      0.431373      0.823836      0.075038     -0.561836      0.000000        -18.458279         10.415145      4.404022      1.220940      0.188553      3.008081
      0.441176      0.821396      0.090170     -0.466845      0.000000        -17.887945         10.651781      4.556457      1.283426      0.188553      3.008081
      0.450980      0.818550      0.102721     -0.386782      0.000000        -17.424871         10.876853      4.708402      1.345432      0.188553      3.008081
      0.460784      0.815369      0.113124     -0.321030      0.000000        -17.073600         11.089419      4.859787      1.406911      0.188553      3.008081
      0.470588      0.811909      0.121787     -0.268638      0.000000        -16.833901         11.288984      5.010556      1.467825      0.188553      3.008081
      0.480392      0.808217      0.129089     -0.228483      0.000000        -16.702195         11.475391      5.160662      1.528145      0.188553      3.008081
      0.490196      0.804327      0.135372     -0.199391      0.000000        -16.672739         11.648732      5.310065      1.587850      0.188553      3.008081
      0.500000      0.800264      0.140947     -0.180211      0.000000        -16.738534         11.809263      5.458730      1.646919      0.188553      3.008081
      0.509804      0.796045      0.146088     -0.169857      0.000000        -16.891983         11.957351      5.606629      1.705336      0.188553      3.008081
      0.519608      0.791680      0.151042     -0.167331      0.000000        -17.125346         12.093423      5.753732      1.763083      0.188553      3.008081
      0.529412      0.787170      0.156026     -0.171733      0.000000        -17.431024         12.217935      5.900012      1.820144      0.188553      3.008081
      0.539216      0.782512      0.161231     -0.182255      0.000000        -17.801731         12.331346      6.045443      1.876499      0.188553      3.008081
      0.549020      0.777698      0.166829     -0.198180      0.000000        -18.230577         12.434107      6.189997      1.932127      0.188553      3.008081
      0.558824      0.772713      0.172967     -0.218872      0.000000        -18.711091         12.526646      6.333644      1.987005      0.188553      3.008081
      0.568627      0.767540      0.179779     -0.243762      0.000000        -19.237210         12.609370      6.476349      2.041105      0.188553      3.008081
      0.578431      0.762158      0.187381     -0.272347      0.000000        -19.803248         12.682658      6.618077      2.094397      0.188553      3.008081
      0.588235      0.756544      0.195875     -0.304170      0.000000        -20.403844         12.746866      6.758786      2.146845      0.188553      3.008081
      0.598039      0.750670      0.205349     -0.338821      0.000000        -21.033922         12.802327      6.898432      2.198412      0.188553      3.008081
      0.607843      0.744507      0.215883     -0.375924      0.000000        -21.688640         12.849357      7.036963      2.249052      0.188553      3.008081
      0.617647      0.738025      0.227543     -0.415131      0.000000        -22.363351         12.888256      7.174323      2.298719      0.188553      3.008081
      0.627451      0.731191      0.240386     -0.456118      0.000000        -23.053571         12.919318      7.310449      2.347360      0.188553      3.008081
      0.637255      0.723971      0.254460     -0.498583      0.000000        -23.754959         12.942829      7.445274      2.394918      0.188553      3.008081
      0.647059      0.716332      0.269805     -0.542238      0.000000        -24.463306         12.959075      7.578723      2.441333      0.188553      3.008081
      0.656863      0.708238      0.286451     -0.586808      0.000000        -25.174533         12.968345      7.710715      2.486538      0.188553      3.008081
      0.666667      0.699655      0.304423     -0.632035      0.000000        -25.884700         12.970931      7.841162      2.530468      0.188553      3.008081
      0.676471      0.690547      0.323734     -0.677668      0.000000        -26.590027         12.967132      7.969971      2.573050      0.188553      3.008081
      0.686275      0.680881      0.344394     -0.723473      0.000000        -27.286911         12.957254      8.097041      2.614214      0.188553      3.008081
      0.696078      0.670622      0.366405     -0.769226      0.000000        -27.971960         12.941612      8.222265      2.653885      0.188553      3.008081
      0.705882      0.659739      0.389762     -0.814716      0.000000        -28.642018         12.920524      8.345531      2.691992      0.188553      3.008081
      0.715686      0.648201      0.414455     -0.859751      0.000000        -29.294201         12.894317      8.466721      2.728465      0.188553      3.008081
      0.725490      0.635978      0.440466     -0.904153      0.000000        -29.925914         12.863316      8.585709      2.763234      0.188553      3.008081
      0.735294      0.623045      0.467775     -0.947759      0.000000        -30.534883         12.827850      8.702367      2.796238      0.188553      3.008081
      0.745098      0.609376      0.496357     -0.990430      0.000000        -31.119164         12.788242      8.816561      2.827419      0.188553      3.008081
      0.754902      0.594949      0.526183     -1.032042      0.000000        -31.677158         12.744811      8.928152      2.856728      0.188553      3.008081
      0.764706      0.579747      0.557218     -1.072493      0.000000        -32.207605         12.697863      9.036998      2.884124      0.188553      3.008081
      0.774510      0.563754      0.589428     -1.111702      0.000000        -32.709583         12.647695      9.142954      2.909578      0.188553      3.008081
      0.784314      0.546956      0.622775     -1.149604      0.000000        -33.182494         12.594588      9.245872      2.933074      0.188553      3.008081
      0.794118      0.529348      0.657221     -1.186157      0.000000        -33.626044         12.538803      9.345603      2.954606      0.188553      3.008081
      0.803922      0.510922      0.692724     -1.221336      0.000000        -34.040215         12.480582      9.441995      2.974186      0.188553      3.008081
      0.813725      0.491680      0.729244     -1.255133      0.000000        -34.425242         12.420147      9.534898      2.991839      0.188553      3.008081
      0.823529      0.471624      0.766741     -1.287556      0.000000        -34.781577         12.357694      9.624159      3.007605      0.188553      3.008081
      0.833333      0.450762      0.805173     -1.318627      0.000000        -35.109858         12.293398      9.709629      3.021543      0.188553      3.008081
      0.843137      0.429106      0.844503     -1.348381      0.000000        -35.410881         12.227407      9.791160      3.033723      0.188553      3.008081
      0.852941      0.406671      0.884691     -1.376863      0.000000        -35.685559         12.159846      9.868605      3.044233      0.188553      3.008081
      0.862745      0.383478      0.925701     -1.404130      0.000000        -35.934903         12.090815      9.941823      3.053173      0.188553      3.008081
      0.872549      0.359550      0.967498     -1.430246      0.000000        -36.159987         12.020390     10.010675      3.060656      0.188553      3.008081
      0.882353      0.334918      1.010049     -1.455281      0.000000        -36.361927         11.948624     10.075027      3.066806      0.188553      3.008081
      0.892157      0.309613      1.053323     -1.479312      0.000000        -36.541857         11.875546     10.134752      3.071755      0.188553      3.008081
      0.901961      0.283671      1.097293     -1.502420      0.000000        -36.700913         11.801165     10.189729      3.075640      0.188553      3.008081
      0.911765      0.257134      1.141931     -1.524691      0.000000        -36.840216         11.725469     10.239842      3.078602      0.188553      3.008081
      0.921569      0.230046      1.187215     -1.546213      0.000000        -36.960857         11.648426     10.284987      3.080781      0.188553      3.008081
      0.931373      0.202455      1.233123     -1.567077      0.000000        -37.063894         11.569986     10.325065      3.082317      0.188553      3.008081
      0.941176      0.174413      1.279638     -1.587379      0.000000        -37.150336         11.490084     10.359988      3.083340      0.188553      3.008081
      0.950980      0.145975      1.326745     -1.607215      0.000000        -37.221143         11.408635     10.389677      3.083974      0.188553      3.008081
      0.960784      0.117199      1.374432     -1.626692      0.000000        -37.277226         11.325545     10.414065      3.084329      0.188553      3.008081
      0.970588      0.088147      1.422688     -1.645930      0.000000        -37.319439         11.240705     10.433093      3.084499      0.188553      3.008081
      0.980392      0.058885      1.471511     -1.665126      0.000000        -37.348595         11.153994     10.446719      3.084564      0.188553      3.008081
      0.990196      0.029479      1.520907     -1.685154      0.000000        -37.365471         11.065283     10.454907      3.084579      0.188553      3.008081
      1.000000      0.000000      1.570796     -1.692977      0.000000        -37.368416         11.036301     10.457639      3.084580      0.188553      3.008081
