             t             r           psi            cs            qs                 p               sig             A             V            Q2             S
      0.000000      0.000000     -1.570796     -0.780808      0.000000         -8.694767          5.567799      0.000000      0.000000      0.213017      3.444773
      0.009804      0.033768     -1.544360     -0.790067      0.000000         -8.696846          5.529353      0.003583      0.000001      0.213017      3.444773
      0.019608      0.067513     -1.517341     -0.809970      0.000000         -8.706892          5.437129      0.014329      0.000013      0.213017      3.444773
      0.029412      0.101208     -1.489642     -0.830546      0.000000         -8.724621          5.347526      0.032232      0.000066      0.213017      3.444773
      0.039216      0.134826     -1.461226     -0.852486      0.000000         -8.750904          5.260411      0.057276      0.000209      0.213017      3.444773
      0.049020      0.168337     -1.432043     -0.876078      0.000000         -8.786725          5.175674      0.089443      0.000515      0.213017      3.444773
      0.058824      0.201710     -1.402031     -0.901594      0.000000         -8.833206          5.093229      0.128708      0.001076      0.213017      3.444773
      0.068627      0.234910     -1.371120     -0.929331      0.000000         -8.891633          5.013023      0.175036      0.002007      0.213017      3.444773
      0.078431      0.267899     -1.339230     -0.959622      0.000000         -8.963480          4.935039      0.228387      0.003448      0.213017      3.444773
      0.088235      0.300637     -1.306270     -0.992836      0.000000         -9.050432          4.859303      0.288713      0.005560      0.213017      3.444773
      0.098039      0.333079     -1.272132     -1.029386      0.000000         -9.154414          4.785891      0.355955      0.008528      0.213017      3.444773
      0.107843      0.365174     -1.236698     -1.069727      0.000000         -9.277607          4.714943      0.430046      0.012561      0.213017      3.444773
      0.117647      0.396869     -1.199830     -1.114350      0.000000         -9.422471          4.646670      0.510905      0.017888      0.213017      3.444773
      0.127451      0.428103     -1.161375     -1.163773      0.000000         -9.591744          4.581375      0.598443      0.024765      0.213017      3.444773
      0.137255      0.458808     -1.121163     -1.218519      0.000000         -9.788428          4.519473      0.692553      0.033464      0.213017      3.444773
      0.147059      0.488907     -1.079005     -1.279081      0.000000        -10.015731          4.461511      0.793116      0.044280      0.213017      3.444773
      0.156863      0.518318     -1.034698     -1.345860      0.000000        -10.276955          4.408198      0.899994      0.057520      0.213017      3.444773
      0.166667      0.546943     -0.988027     -1.419069      0.000000        -10.575281          4.360442      1.013032      0.073506      0.213017      3.444773
      0.176471      0.574676     -0.938776     -1.498602      0.000000        -10.913430          4.319383      1.132051      0.092563      0.213017      3.444773
      0.186275      0.601398     -0.886741     -1.583829      0.000000        -11.293121          4.286439      1.256850      0.115013      0.213017      3.444773
      0.196078      0.626978     -0.831749     -1.673343      0.000000        -11.714280          4.263337      1.387200      0.141162      0.213017      3.444773
      0.205882      0.651271     -0.773695     -1.764648      0.000000        -12.173953          4.252147      1.522845      0.171285      0.213017      3.444773
      0.215686      0.674124     -0.712580     -1.853829      0.000000        -12.664939          4.255277      1.663495      0.205610      0.213017      3.444773
      0.225490      0.695377     -0.648564     -1.935315      0.000000        -13.174277          4.275438      1.808827      0.244290      0.213017      3.444773
      0.235294      0.714872     -0.582027     -2.001867      0.000000        -13.681937          4.315528      1.958485      0.287385      0.213017      3.444773
      0.245098      0.732462     -0.513613     -2.045008      0.000000        -14.160337          4.378428      2.112080      0.334836      0.213017      3.444773
      0.254902      0.748023     -0.444260     -2.056058      0.000000        -14.575479          4.466696      2.269195      0.386454      0.213017      3.444773
      0.264706      0.761471     -0.375181     -2.027743      0.000000        -14.890421          4.582173      2.429388      0.441914      0.213017      3.444773
      0.274510      0.772773     -0.307787     -1.956036      0.000000        -15.071095          4.725569      2.592208      0.500770      0.213017      3.444773
      0.284314      0.781953     -0.243545     -1.841599      0.000000        -15.093355          4.896135      2.757199      0.562490      0.213017      3.444773
      0.294118      0.789100     -0.183815     -1.690134      0.000000        -14.949011          5.091535      2.923921      0.626494      0.213017      3.444773
      0.303922      0.794354     -0.129693     -1.511397      0.000000        -14.648498          5.307988      3.091955      0.692208      0.213017      3.444773
      0.313725      0.797902     -0.081902     -1.317217      0.000000        -14.219029          5.540668      3.260920      0.759100      0.213017      3.444773
      0.323529      0.799953     -0.040764     -1.119291      0.000000        -13.699007          5.784258      3.430475      0.826711      0.213017      3.444773
      0.333333      0.800728     -0.006231     -0.927485      0.000000        -13.130874          6.033512      3.600326      0.894667      0.213017      3.444773
      0.343137      0.800445      0.022033     -0.748975      0.000000        -12.554697          6.283704      3.770225      0.962679      0.213017      3.444773
      0.352941      0.799305      0.044559     -0.588166      0.000000        -12.003888          6.530911      3.939970      1.030532      0.213017      3.444773
      0.362745      0.797494      0.061984     -0.447112      0.000000        -11.503342          6.772118      4.109399      1.098073      0.213017      3.444773
      0.372549      0.795171      0.074985     -0.326122      0.000000        -11.069456          7.005190      4.278386      1.165202      0.213017      3.444773
      0.382353      0.792476      0.084228     -0.224366      0.000000        -10.711300          7.228765      4.446839      1.231852      0.213017      3.444773
      0.392157      0.789524      0.090340     -0.140362      0.000000        -10.432234          7.442113      4.614691      1.297984      0.213017      3.444773
      0.401961      0.786411      0.093889     -0.072334      0.000000        -10.231537          7.644984      4.781898      1.363582      0.213017      3.444773
      0.411765      0.783214      0.095385     -0.018436      0.000000        -10.105815          7.837479      4.948434      1.428638      0.213017      3.444773
      0.421569      0.779996      0.095273      0.023105      0.000000        -10.050094          8.019937      5.114289      1.493160      0.213017      3.444773
      0.431373      0.776802      0.093945      0.053919      0.000000        -10.058628          8.192846      5.279462      1.557157      0.213017      3.444773
      0.441176      0.773670      0.091736      0.075462      0.000000        -10.125448          8.356780      5.443964      1.620646      0.213017      3.444773
      0.450980      0.770622      0.088938      0.089012      0.000000        -10.244721          8.512346      5.607810      1.683643      0.213017      3.444773
      0.460784      0.767674      0.085801      0.095675      0.000000        -10.410970          8.660154      5.771019      1.746169      0.213017      3.444773
      0.470588      0.764835      0.082542      0.096403      0.000000        -10.619191          8.800791      5.933615      1.808243      0.213017      3.444773
      0.480392      0.762104      0.079347      0.092007      0.000000        -10.864906          8.934804      6.095619      1.869882      0.213017      3.444773
      0.490196      0.759478      0.076377      0.083179      0.000000        -11.144176          9.062692      6.257055      1.931105      0.213017      3.444773
      0.500000      0.756946      0.073772      0.070502      0.000000        -11.453589          9.184897      6.417945      1.991927      0.213017      3.444773
      0.509804      0.754494      0.071653      0.054470      0.000000        -11.790227          9.301805      6.578305      2.052361      0.213017      3.444773
      0.519608      0.752104      0.070126      0.035495      0.000000        -12.151631          9.413739      6.738153      2.112416      0.213017      3.444773
      0.529412      0.749754      0.069285      0.013923      0.000000        -12.535759          9.520963      6.897498      2.172099      0.213017      3.444773
      0.539216      0.747419      0.069212     -0.009965      0.000000        -12.940945          9.623679      7.056346      2.231413      0.213017      3.444773
      0.549020      0.745073      0.069981     -0.035936      0.000000        -13.365855          9.722032      7.214698      2.290355      0.213017      3.444773
      0.558824      0.742686      0.071660     -0.063806      0.000000        -13.809440          9.816112      7.372548      2.348919      0.213017      3.444773
      0.568627      0.740226      0.074311     -0.093428      0.000000        -14.270896          9.905953      7.529885      2.407094      0.213017      3.444773
      0.578431      0.737660      0.077989     -0.124693      0.000000        -14.749615          9.991539      7.686689      2.464862      0.213017      3.444773
      0.588235      0.734952      0.082750     -0.157517      0.000000        -15.245138         10.072810      7.842934      2.522200      0.213017      3.444773
      0.598039      0.732064      0.088646     -0.191839      0.000000        -15.757103         10.149660      7.998587      2.579079      0.213017      3.444773
      0.607843      0.728959      0.095725     -0.227620      0.000000        -16.285194         10.221949      8.153604      2.635461      0.213017      3.444773
      0.617647      0.725595      0.104036     -0.264830      0.000000        -16.829083         10.289506      8.307935      2.691304      0.213017      3.444773
      0.627451      0.721930      0.113628     -0.303447      0.000000        -17.388374         10.352136      8.461521      2.746558      0.213017      3.444773
      0.637255      0.717922      0.124548     -0.343450      0.000000        -17.962547         10.409629      8.614294      2.801164      0.213017      3.444773
      0.647059      0.713524      0.136842     -0.384817      0.000000        -18.550898         10.461765      8.766176      2.855057      0.213017      3.444773
      0.656863      0.708692      0.150555     -0.427513      0.000000        -19.152490         10.508327      8.917080      2.908162      0.213017      3.444773
      0.666667      0.703377      0.165732     -0.471492      0.000000        -19.766109         10.549107      9.066907      2.960398      0.213017      3.444773
      0.676471      0.697533      0.182416     -0.516691      0.000000        -20.390225         10.583916      9.215552      3.011675      0.213017      3.444773
      0.686275      0.691108      0.200645     -0.563023      0.000000        -21.022973         10.612592      9.362896      3.061896      0.213017      3.444773
      0.696078      0.684054      0.220456     -0.610379      0.000000        -21.662145         10.635010      9.508810      3.110958      0.213017      3.444773
      0.705882      0.676321      0.241883     -0.658628      0.000000        -22.305207         10.651084      9.653157      3.158749      0.213017      3.444773
      0.715686      0.667859      0.264951     -0.707613      0.000000        -22.949324         10.660779      9.795786      3.205154      0.213017      3.444773
      0.725490      0.658617      0.289684     -0.757156      0.000000        -23.591413         10.664107      9.936538      3.250053      0.213017      3.444773
      0.735294      0.648548      0.316097     -0.807060      0.000000        -24.228208         10.661136     10.075241      3.293324      0.213017      3.444773
      0.745098      0.637605      0.344199     -0.857115      0.000000        -24.856340         10.651984     10.211717      3.334844      0.213017      3.444773
      0.754902      0.625741      0.373990     -0.907102      0.000000        -25.472425         10.636818     10.345773      3.374491      0.213017      3.444773
      0.764706      0.612915      0.405465     -0.956798      0.000000        -26.073155         10.615852     10.477210      3.412149      0.213017      3.444773
      0.774510      0.599086      0.438611     -1.005985      0.000000        -26.655390         10.589337     10.605820      3.447708      0.213017      3.444773
      0.784314      0.584219      0.473406     -1.054454      0.000000        -27.216237         10.557557     10.731386      3.481067      0.213017      3.444773
      0.794118      0.568281      0.509823     -1.102010      0.000000        -27.753121         10.520820     10.853684      3.512142      0.213017      3.444773
      0.803922      0.551247      0.547829     -1.148481      0.000000        -28.263839         10.479446     10.972484      3.540860      0.213017      3.444773
      0.813725      0.533096      0.587383     -1.193717      0.000000        -28.746598         10.433764     11.087551      3.567173      0.213017      3.444773
      0.823529      0.513811      0.628442     -1.237595      0.000000        -29.200029         10.384099     11.198647      3.591052      0.213017      3.444773
      0.833333      0.493385      0.670959     -1.280021      0.000000        -29.623189         10.330767     11.305529      3.612494      0.213017      3.444773
      0.843137      0.471817      0.714884     -1.320930      0.000000        -30.015546         10.274068     11.407956      3.631522      0.213017      3.444773
      0.852941      0.449111      0.760164     -1.360286      0.000000        -30.376947         10.214275     11.505686      3.648188      0.213017      3.444773
      0.862745      0.425282      0.806746     -1.398082      0.000000        -30.707584         10.151639     11.598477      3.662572      0.213017      3.444773
      0.872549      0.400350      0.854579     -1.434333      0.000000        -31.007944         10.086376     11.686095      3.674781      0.213017      3.444773
      0.882353      0.374344      0.903611     -1.469083      0.000000        -31.278764         10.018671     11.768308      3.684950      0.213017      3.444773
      0.892157      0.347303      0.953791     -1.502393      0.000000        -31.520979          9.948672     11.844892      3.693238      0.213017      3.444773
      0.901961      0.319270      1.005074     -1.534345      0.000000        -31.735673          9.876491     11.915631      3.699822      0.213017      3.444773
      0.911765      0.290301      1.057414     -1.565036      0.000000        -31.924040          9.802205     11.980322      3.704899      0.213017      3.444773
      0.921569      0.260455      1.110771     -1.594579      0.000000        -32.087338          9.725857     12.038772      3.708675      0.213017      3.444773
      0.931373      0.229802      1.165108     -1.623098      0.000000        -32.226855          9.647453     12.090801      3.711361      0.213017      3.444773
      0.941176      0.198420      1.220392     -1.650729      0.000000        -32.343885          9.566969     12.136247      3.713167      0.213017      3.444773
      0.950980      0.166391      1.276597     -1.677619      0.000000        -32.439696          9.484349     12.174963      3.714294      0.213017      3.444773
      0.960784      0.133809      1.333700     -1.703926      0.000000        -32.515520          9.399511     12.206823      3.714929      0.213017      3.444773
      0.970588      0.100770      1.391683     -1.729831      0.000000        -32.572539          9.312345     12.231719      3.715237      0.213017      3.444773
      0.980392      0.067381      1.450539     -1.755587      0.000000        -32.611882          9.222723     12.249565      3.715353      0.213017      3.444773
      0.990196      0.033752      1.510270     -1.782061      0.000000        -32.634633          9.130494     12.260298      3.715380      0.213017      3.444773
      1.000000     -0.000000      1.570796     -1.794942      0.000000        -32.639403          9.092047     12.263880      3.715382      0.213017      3.444773
