             t             r           psi            cs            qs                 p               sig             A             V            Q2             S
      0.000000      0.000000     -1.570796     -0.954744      0.000000       -124.041375         64.960562      0.000000      0.000000      0.089013      4.015617
      0.009804      0.039360     -1.533190     -0.956662      0.000000       -124.046097         64.881026      0.004869      0.000002      0.089013      4.015617
      0.019608      0.078663     -1.495459     -0.960101      0.000000       -124.066293         64.721955      0.019467      0.000029      0.089013      4.015617
      0.029412      0.117855     -1.457593     -0.963613      0.000000       -124.102201         64.566033      0.043776      0.000146      0.089013      4.015617
      0.039216      0.156878     -1.419584     -0.967292      0.000000       -124.155841         64.412706      0.077759      0.000460      0.089013      4.015617
      0.049020      0.195675     -1.381427     -0.971191      0.000000       -124.229565         64.261430      0.121368      0.001119      0.089013      4.015617
      0.058824      0.234189     -1.343112     -0.975363      0.000000       -124.326150         64.111676      0.174541      0.002311      0.089013      4.015617
      0.068627      0.272361     -1.304625     -0.979867      0.000000       -124.448893         63.962928      0.237199      0.004262      0.089013      4.015617
      0.078431      0.310134     -1.265954     -0.984772      0.000000       -124.601726         63.814683      0.309251      0.007230      0.089013      4.015617
      0.088235      0.347449     -1.227080     -0.990156      0.000000       -124.789352         63.666457      0.390591      0.011504      0.089013      4.015617
      0.098039      0.384246     -1.187984     -0.996115      0.000000       -125.017415         63.517785      0.481099      0.017402      0.089013      4.015617
      0.107843      0.420467     -1.148640     -1.002757      0.000000       -125.292708         63.368226      0.580639      0.025263      0.089013      4.015617
      0.117647      0.456051     -1.109019     -1.010214      0.000000       -125.623430         63.217368      0.689061      0.035442      0.089013      4.015617
      0.127451      0.490938     -1.069085     -1.018645      0.000000       -126.019509         63.064841      0.806201      0.048309      0.089013      4.015617
      0.137255      0.525065     -1.028798     -1.028238      0.000000       -126.492990         62.910329      0.931877      0.064240      0.089013      4.015617
      0.147059      0.558369     -0.988106     -1.039222      0.000000       -127.058528         62.753594      1.065894      0.083613      0.089013      4.015617
      0.156863      0.590788     -0.946950     -1.051874      0.000000       -127.733963         62.594510      1.208042      0.106801      0.089013      4.015617
      0.166667      0.622253     -0.905258     -1.066526      0.000000       -128.541010         62.433107      1.358092      0.134166      0.089013      4.015617
      0.176471      0.652698     -0.862943     -1.083583      0.000000       -129.506041         62.269646      1.515801      0.166054      0.089013      4.015617
      0.186275      0.682051     -0.819901     -1.103524      0.000000       -130.660895         62.104721      1.680907      0.202787      0.089013      4.015617
      0.196078      0.710236     -0.776009     -1.126920      0.000000       -132.043573         61.939409      1.853131      0.244658      0.089013      4.015617
      0.205882      0.737174     -0.731116     -1.154422      0.000000       -133.698515         61.775496      2.032174      0.291921      0.089013      4.015617
      0.215686      0.762779     -0.685049     -1.186746      0.000000       -135.675797         61.615790      2.217718      0.344788      0.089013      4.015617
      0.225490      0.786960     -0.637602     -1.224601      0.000000       -138.028037         61.464587      2.409421      0.403416      0.089013      4.015617
      0.235294      0.809614     -0.588547     -1.268546      0.000000       -140.802760         61.328314      2.606919      0.467903      0.089013      4.015617
      0.245098      0.830633     -0.537638     -1.318687      0.000000       -144.026417         61.216397      2.809821      0.538270      0.089013      4.015617
      0.254902      0.849895     -0.484646     -1.374136      0.000000       -147.674245         61.142361      3.017707      0.614455      0.089013      4.015617
      0.264706      0.867272     -0.429408     -1.432115      0.000000       -151.618993         61.125010      3.230128      0.696295      0.089013      4.015617
      0.274510      0.882632     -0.371927     -1.486683      0.000000       -155.555078         61.189268      3.446600      0.783503      0.089013      4.015617
      0.284314      0.895847     -0.312529     -1.527394      0.000000       -158.911707         61.365724      3.666609      0.875658      0.089013      4.015617
      0.294118      0.906813     -0.252046     -1.538910      0.000000       -160.808451         61.687332      3.889610      0.972188      0.089013      4.015617
      0.303922      0.915476     -0.191978     -1.503385      0.000000       -160.158315         62.181807      4.115040      1.072379      0.089013      4.015617
      0.313725      0.921860     -0.134478     -1.406940      0.000000       -156.013469         62.860254      4.342329      1.175406      0.089013      4.015617
      0.323529      0.926093     -0.082026     -1.248105      0.000000       -148.072718         63.706921      4.570927      1.280412      0.089013      4.015617
      0.333333      0.928404     -0.036833     -1.041879      0.000000       -137.004711         64.677785      4.800329      1.386593      0.089013      4.015617
      0.343137      0.929105     -0.000266     -0.814649      0.000000       -124.257492         65.711526      5.030097      1.493283      0.089013      4.015617
      0.352941      0.928542      0.027393     -0.593367      0.000000       -111.462181         66.747017      5.259875      1.599990      0.089013      4.015617
      0.362745      0.927057      0.046786     -0.397046      0.000000        -99.881674         67.737152      5.489392      1.706393      0.089013      4.015617
      0.372549      0.924953      0.059103     -0.234591      0.000000        -90.199982         68.653725      5.718460      1.812304      0.089013      4.015617
      0.382353      0.922481      0.065718     -0.107114      0.000000        -82.604432         69.485120      5.946957      1.917632      0.089013      4.015617
      0.392157      0.919839      0.067954     -0.011380      0.000000        -76.974544         70.231136      6.174819      2.022345      0.089013      4.015617
      0.401961      0.917177      0.066966      0.057520      0.000000        -73.048997         70.898031      6.402021      2.126449      0.089013      4.015617
      0.411765      0.914600      0.063711      0.104628      0.000000        -70.531750         71.494963      6.628574      2.229974      0.089013      4.015617
      0.421569      0.912183      0.058955      0.134434      0.000000        -69.145719         72.031825      6.854508      2.332961      0.089013      4.015617
      0.431373      0.909972      0.053304      0.150665      0.000000        -68.653507         72.518105      7.079869      2.435457      0.089013      4.015617
      0.441176      0.907994      0.047231      0.156313      0.000000        -68.860991         72.962360      7.304711      2.537515      0.089013      4.015617
      0.450980      0.906256      0.041104      0.153736      0.000000        -69.613462         73.372046      7.529094      2.639184      0.089013      4.015617
      0.460784      0.904755      0.035209      0.144776      0.000000        -70.789387         73.753520      7.753076      2.740517      0.089013      4.015617
      0.470588      0.903478      0.029769      0.130874      0.000000        -72.294127         74.112114      7.976715      2.841560      0.089013      4.015617
      0.480392      0.902403      0.024955      0.113149      0.000000        -74.054519         74.452232      8.200064      2.942356      0.089013      4.015617
      0.490196      0.901503      0.020899      0.092472      0.000000        -76.014567         74.777440      8.423169      3.042943      0.089013      4.015617
      0.500000      0.900746      0.017704      0.069510      0.000000        -78.132162         75.090550      8.646070      3.143354      0.089013      4.015617
      0.509804      0.900097      0.015449      0.044766      0.000000        -80.376676         75.393675      8.868798      3.243614      0.089013      4.015617
      0.519608      0.899517      0.014198      0.018596      0.000000        -82.727245         75.688279      9.091375      3.343741      0.089013      4.015617
      0.529412      0.898965      0.014000     -0.008763      0.000000        -85.171531         75.975206      9.313812      3.443743      0.089013      4.015617
      0.539216      0.898400      0.014902     -0.037190      0.000000        -87.704794         76.254708      9.536112      3.543622      0.089013      4.015617
      0.549020      0.897777      0.016942     -0.066662      0.000000        -90.329080         76.526464      9.758266      3.643367      0.089013      4.015617
      0.558824      0.897051      0.020165     -0.097246      0.000000        -93.052382         76.789611      9.980255      3.742959      0.089013      4.015617
      0.568627      0.896173      0.024616     -0.129085      0.000000        -95.887582         77.042773     10.202045      3.842366      0.089013      4.015617
      0.578431      0.895096      0.030348     -0.162376      0.000000        -98.851077         77.284122     10.423596      3.941545      0.089013      4.015617
      0.588235      0.893767      0.037423     -0.197354      0.000000       -101.960980         77.511446     10.644849      4.040439      0.089013      4.015617
      0.598039      0.892132      0.045912     -0.234257      0.000000       -105.234877         77.722246     10.865737      4.138977      0.089013      4.015617
      0.607843      0.890133      0.055896     -0.273294      0.000000       -108.687224         77.913868     11.086177      4.237075      0.089013      4.015617
      0.617647      0.887712      0.067461     -0.314612      0.000000       -112.326543         78.083642     11.306072      4.334628      0.089013      4.015617
      0.627451      0.884804      0.080698     -0.358262      0.000000       -116.152740         78.229059     11.525308      4.431517      0.089013      4.015617
      0.637255      0.881342      0.095699     -0.404165      0.000000       -120.154895         78.347936     11.743759      4.527602      0.089013      4.015617
      0.647059      0.877257      0.112548     -0.452101      0.000000       -124.309948         78.438585     11.961277      4.622722      0.089013      4.015617
      0.656863      0.872475      0.131318     -0.501699      0.000000       -128.582619         78.499954     12.177700      4.716698      0.089013      4.015617
      0.666667      0.866922      0.152066     -0.552455      0.000000       -132.926744         78.531720     12.392847      4.809324      0.089013      4.015617
      0.676471      0.860522      0.174824     -0.603755      0.000000       -137.287976         78.534335     12.606516      4.900379      0.089013      4.015617
      0.686275      0.853201      0.199602     -0.654925      0.000000       -141.607549         78.509000     12.818491      4.989619      0.089013      4.015617
      0.696078      0.844886      0.226381     -0.705275      0.000000       -145.826558         78.457589     13.028533      5.076782      0.089013      4.015617
      0.705882      0.835506      0.255114     -0.754149      0.000000       -149.890154         78.382514     13.236387      5.161595      0.089013      4.015617
      0.715686      0.824995      0.285734     -0.800969      0.000000       -153.751069         78.286569     13.441783      5.243774      0.089013      4.015617
      0.725490      0.813294      0.318148     -0.845268      0.000000       -157.372055         78.172752     13.644433      5.323032      0.089013      4.015617
      0.735294      0.800349      0.352250     -0.886702      0.000000       -160.727075         78.044104     13.844036      5.399086      0.089013      4.015617
      0.745098      0.786115      0.387924     -0.925057      0.000000       -163.801300         77.903566     14.040278      5.471664      0.089013      4.015617
      0.754902      0.770554      0.425045     -0.960240      0.000000       -166.590152         77.753870     14.232835      5.540510      0.089013      4.015617
      0.764706      0.753638      0.463490     -0.992259      0.000000       -169.097717         77.597466     14.421377      5.605395      0.089013      4.015617
      0.774510      0.735348      0.503133     -1.021209      0.000000       -171.334852         77.436477     14.605564      5.666122      0.089013      4.015617
      0.784314      0.715671      0.543859     -1.047243      0.000000       -173.317258         77.272687     14.785056      5.722531      0.089013      4.015617
      0.794118      0.694606      0.585555     -1.070559      0.000000       -175.063723         77.107553     14.959508      5.774506      0.089013      4.015617
      0.803922      0.672159      0.628119     -1.091375      0.000000       -176.594634         76.942219     15.128579      5.821980      0.089013      4.015617
      0.813725      0.648344      0.671457     -1.109922      0.000000       -177.930808         76.777557     15.291928      5.864936      0.089013      4.015617
      0.823529      0.623183      0.715485     -1.126429      0.000000       -179.092631         76.614191     15.449219      5.903407      0.089013      4.015617
      0.833333      0.596704      0.760126     -1.141116      0.000000       -180.099466         76.452542     15.600122      5.937480      0.089013      4.015617
      0.843137      0.568945      0.805313     -1.154190      0.000000       -180.969294         76.292853     15.744316      5.967293      0.089013      4.015617
      0.852941      0.539946      0.850985     -1.165845      0.000000       -181.718521         76.135223     15.881490      5.993029      0.089013      4.015617
      0.862745      0.509756      0.897092     -1.176253      0.000000       -182.361911         75.979631     16.011342      6.014918      0.089013      4.015617
      0.872549      0.478430      0.943587     -1.185574      0.000000       -182.912615         75.825958     16.133584      6.033225      0.089013      4.015617
      0.882353      0.446026      0.990429     -1.193947      0.000000       -183.382245         75.674007     16.247943      6.048251      0.089013      4.015617
      0.892157      0.412607      1.037584     -1.201499      0.000000       -183.780989         75.523512     16.354160      6.060320      0.089013      4.015617
      0.901961      0.378242      1.085023     -1.208341      0.000000       -184.117742         75.374156     16.451991      6.069773      0.089013      4.015617
      0.911765      0.343003      1.132718     -1.214572      0.000000       -184.400234         75.225576     16.541212      6.076961      0.089013      4.015617
      0.921569      0.306965      1.180648     -1.220281      0.000000       -184.635164         75.077372     16.621617      6.082234      0.089013      4.015617
      0.931373      0.270209      1.228794     -1.225544      0.000000       -184.828325         74.929109     16.693016      6.085938      0.089013      4.015617
      0.941176      0.232816      1.277140     -1.230433      0.000000       -184.984715         74.780326     16.755243      6.088397      0.089013      4.015617
      0.950980      0.194871      1.325671     -1.235009      0.000000       -185.108639         74.630537     16.808150      6.089914      0.089013      4.015617
      0.960784      0.156461      1.374378     -1.239329      0.000000       -185.203808         74.479235     16.851611      6.090760      0.089013      4.015617
      0.970588      0.117677      1.423251     -1.243445      0.000000       -185.273418         74.325890     16.885524      6.091166      0.089013      4.015617
      0.980392      0.078610      1.472282     -1.247413      0.000000       -185.320230         74.169961     16.909806      6.091318      0.089013      4.015617
      0.990196      0.039353      1.521468     -1.251339      0.000000       -185.346664         74.010888     16.924398      6.091354      0.089013      4.015617
      1.000000      0.000000      1.570796     -1.253547      0.000000       -185.352860         73.931352     16.929267      6.091356      0.089013      4.015617
