             t             r           psi            cs            qs                 p               sig             A             V            Q2             S
      0.000000     -0.000000     -1.570796     -0.056865      0.000000         -0.174198          1.531678     -0.000000      0.000000      0.207081      4.679803
      0.009804      0.045880     -1.568126     -0.061475      0.000000         -0.174556          1.458580      0.006613      0.000000      0.207081      4.679803
      0.019608      0.091760     -1.565113     -0.070184      0.000000         -0.176028          1.332306      0.026452      0.000003      0.207081      4.679803
      0.029412      0.137640     -1.561650     -0.081247      0.000000         -0.178815          1.210673      0.059517      0.000018      0.207081      4.679803
      0.039216      0.183517     -1.557605     -0.095762      0.000000         -0.183296          1.093385      0.105808      0.000060      0.207081      4.679803
      0.049020      0.229392     -1.552786     -0.115318      0.000000         -0.189997          0.980239      0.165324      0.000157      0.207081      4.679803
      0.058824      0.275262     -1.546909     -0.142421      0.000000         -0.199663          0.871149      0.238064      0.000351      0.207081      4.679803
      0.068627      0.321125     -1.539540     -0.181187      0.000000         -0.213386          0.766186      0.324026      0.000705      0.207081      4.679803
      0.078431      0.366976     -1.530000     -0.238621      0.000000         -0.232810          0.665628      0.423208      0.001320      0.207081      4.679803
      0.088235      0.412806     -1.517174     -0.327137      0.000000         -0.260495          0.570047      0.535604      0.002354      0.207081      4.679803
      0.098039      0.458597     -1.499167     -0.469589      0.000000         -0.300583          0.480433      0.661207      0.004062      0.207081      4.679803
      0.107843      0.504315     -1.472616     -0.709320      0.000000         -0.360034          0.398405      0.800002      0.006881      0.207081      4.679803
      0.117647      0.549877     -1.431368     -1.128389      0.000000         -0.450998          0.326543      0.951956      0.011590      0.207081      4.679803
      0.127451      0.595086     -1.364197     -1.867889      0.000000         -0.595038          0.268931      1.117000      0.019636      0.207081      4.679803
      0.137255      0.639428     -1.252574     -3.082694      0.000000         -0.828723          0.232005      1.294972      0.033710      0.207081      4.679803
      0.147059      0.681620     -1.075836     -4.626703      0.000000         -1.200809          0.225565      1.485461      0.058340      0.207081      4.679803
      0.156863      0.719111     -0.836007     -5.648095      0.000000         -1.729382          0.262808      1.687511      0.098992      0.207081      4.679803
      0.166667      0.748793     -0.577938     -5.388206      0.000000         -2.319643          0.356496      1.899308      0.158132      0.207081      4.679803
      0.176471      0.769210     -0.355421     -4.233021      0.000000         -2.785323          0.510899      2.118329      0.232491      0.207081      4.679803
      0.186275      0.781364     -0.191346     -2.941205      0.000000         -3.010613          0.717212      2.341999      0.316073      0.207081      4.679803
      0.196078      0.787423     -0.081719     -1.888225      0.000000         -3.021728          0.958077      2.568240      0.404031      0.207081      4.679803
      0.205882      0.789473     -0.013481     -1.132867      0.000000         -2.916843          1.215646      2.795604      0.493587      0.207081      4.679803
      0.215686      0.789097      0.025975     -0.621926      0.000000         -2.788678          1.476453      3.023179      0.583405      0.207081      4.679803
      0.225490      0.787382      0.046283     -0.287737      0.000000         -2.696147          1.732287      3.250431      0.672915      0.207081      4.679803
      0.235294      0.785040      0.054236     -0.075572      0.000000         -2.666901          1.979117      3.477085      0.761901      0.207081      4.679803
      0.245098      0.782524      0.054478      0.053755      0.000000         -2.708114          2.215653      3.703030      0.850313      0.207081      4.679803
      0.254902      0.780112      0.050153      0.127238      0.000000         -2.815879          2.442184      3.928260      0.938178      0.207081      4.679803
      0.264706      0.777961      0.043372      0.163334      0.000000         -2.981295          2.659809      4.152829      1.025553      0.207081      4.679803
      0.274510      0.776150      0.035541      0.174725      0.000000         -3.193903          2.869962      4.376827      1.112510      0.207081      4.679803
      0.284314      0.774703      0.027581      0.170203      0.000000         -3.443424          3.074147      4.600354      1.199128      0.207081      4.679803
      0.294118      0.773612      0.020072      0.155914      0.000000         -3.720545          3.273792      4.823516      1.285482      0.207081      4.679803
      0.303922      0.772849      0.013357      0.136164      0.000000         -4.017202          3.470181      5.046412      1.371642      0.207081      4.679803
      0.313725      0.772372      0.007614      0.113964      0.000000         -4.326625          3.664422      5.269130      1.457672      0.207081      4.679803
      0.323529      0.772134      0.002905      0.091389      0.000000         -4.643266          3.857441      5.491746      1.543626      0.207081      4.679803
      0.333333      0.772090     -0.000788      0.069827      0.000000         -4.962688          4.049987      5.714323      1.629552      0.207081      4.679803
      0.343137      0.772192     -0.003532      0.050157      0.000000         -5.281453          4.242644      5.936909      1.715484      0.207081      4.679803
      0.352941      0.772401     -0.005427      0.032882      0.000000         -5.596996          4.435850      6.159540      1.801451      0.207081      4.679803
      0.362745      0.772679     -0.006589      0.018223      0.000000         -5.907519          4.629907      6.382243      1.887473      0.207081      4.679803
      0.372549      0.772996     -0.007139      0.006200      0.000000         -6.211880          4.825005      6.605032      1.973560      0.207081      4.679803
      0.382353      0.773326     -0.007196     -0.003311      0.000000         -6.509495          5.021239      6.827916      2.059720      0.207081      4.679803
      0.392157      0.773650     -0.006871     -0.010529      0.000000         -6.800244          5.218626      7.050893      2.145954      0.207081      4.679803
      0.401961      0.773953     -0.006261     -0.015731      0.000000         -7.084372          5.417119      7.273962      2.232257      0.207081      4.679803
      0.411765      0.774222     -0.005453     -0.019225      0.000000         -7.362413          5.616625      7.497113      2.318625      0.207081      4.679803
      0.421569      0.774451     -0.004518     -0.021323      0.000000         -7.635111          5.817019      7.720336      2.405050      0.207081      4.679803
      0.431373      0.774635     -0.003513     -0.022331      0.000000         -7.903351          6.018150      7.943619      2.491520      0.207081      4.679803
      0.441176      0.774773     -0.002482     -0.022534      0.000000         -8.168105          6.219857      8.166948      2.578027      0.207081      4.679803
      0.450980      0.774863     -0.001454     -0.022192      0.000000         -8.430385          6.421972      8.390310      2.664560      0.207081      4.679803
      0.460784      0.774907     -0.000450     -0.021537      0.000000         -8.691211          6.624326      8.613691      2.751108      0.207081      4.679803
      0.470588      0.774905      0.000521     -0.020770      0.000000         -8.951583          6.826755      8.837078      2.837660      0.207081      4.679803
      0.480392      0.774860      0.001457     -0.020064      0.000000         -9.212474          7.029099      9.060458      2.924208      0.207081      4.679803
      0.490196      0.774772      0.002365     -0.019569      0.000000         -9.474818          7.231203      9.283820      3.010740      0.207081      4.679803
      0.500000      0.774643      0.003258     -0.019411      0.000000         -9.739517          7.432919      9.507149      3.097247      0.207081      4.679803
      0.509804      0.774473      0.004153     -0.019698      0.000000        -10.007451          7.634101      9.730436      3.183721      0.207081      4.679803
      0.519608      0.774261      0.005073     -0.020526      0.000000        -10.279493          7.834603      9.953668      3.270152      0.207081      4.679803
      0.529412      0.774007      0.006046     -0.021981      0.000000        -10.556525          8.034277     10.176833      3.356531      0.207081      4.679803
      0.539216      0.773705      0.007101     -0.024143      0.000000        -10.839464          8.232969     10.399917      3.442847      0.207081      4.679803
      0.549020      0.773353      0.008273     -0.027094      0.000000        -11.129287          8.430510     10.622908      3.529090      0.207081      4.679803
      0.558824      0.772944      0.009601     -0.030916      0.000000        -11.427052          8.626718     10.845789      3.615247      0.207081      4.679803
      0.568627      0.772469      0.011125     -0.035698      0.000000        -11.733933          8.821389     11.068543      3.701305      0.207081      4.679803
      0.578431      0.771919      0.012893     -0.041539      0.000000        -12.051240          9.014291     11.291149      3.787247      0.207081      4.679803
      0.588235      0.771282      0.014955     -0.048549      0.000000        -12.380449          9.205159     11.513584      3.873056      0.207081      4.679803
      0.598039      0.770542      0.017367     -0.056851      0.000000        -12.723221          9.393690     11.735822      3.958708      0.207081      4.679803
      0.607843      0.769682      0.020193     -0.066586      0.000000        -13.081425          9.579537     11.957829      4.044179      0.207081      4.679803
      0.617647      0.768681      0.023502     -0.077911      0.000000        -13.457149          9.762303     12.179569      4.129440      0.207081      4.679803
      0.627451      0.767517      0.027369     -0.091002      0.000000        -13.852701          9.941536     12.400997      4.214453      0.207081      4.679803
      0.637255      0.766161      0.031882     -0.106049      0.000000        -14.270602         10.116723     12.622062      4.299179      0.207081      4.679803
      0.647059      0.764581      0.037134     -0.123261      0.000000        -14.713566         10.287291     12.842705      4.383568      0.207081      4.679803
      0.656863      0.762741      0.043229     -0.142859      0.000000        -15.184445         10.452601     13.062857      4.467563      0.207081      4.679803
      0.666667      0.760601      0.050282     -0.165072      0.000000        -15.686169         10.611953     13.282435      4.551098      0.207081      4.679803
      0.676471      0.758113      0.058420     -0.190130      0.000000        -16.221640         10.764583     13.501348      4.634095      0.207081      4.679803
      0.686275      0.755224      0.067776     -0.218261      0.000000        -16.793603         10.909676     13.719487      4.716465      0.207081      4.679803
      0.696078      0.751877      0.078498     -0.249674      0.000000        -17.404482         11.046377     13.936728      4.798102      0.207081      4.679803
      0.705882      0.748006      0.090739     -0.284551      0.000000        -18.056180         11.173803     14.152931      4.878888      0.207081      4.679803
      0.715686      0.743537      0.104663     -0.323029      0.000000        -18.749859         11.291066     14.367934      4.958683      0.207081      4.679803
      0.725490      0.738392      0.120437     -0.365192      0.000000        -19.485703         11.397301     14.581553      5.037332      0.207081      4.679803
      0.735294      0.732482      0.138230     -0.411048      0.000000        -20.262686         11.491694     14.793581      5.114656      0.207081      4.679803
      0.745098      0.725715      0.158211     -0.460518      0.000000        -21.078372         11.573516     15.003783      5.190455      0.207081      4.679803
      0.754902      0.717991      0.180540     -0.513427      0.000000        -21.928767         11.642158     15.211900      5.264505      0.207081      4.679803
      0.764706      0.709203      0.205371     -0.569494      0.000000        -22.808268         11.697166     15.417639      5.336563      0.207081      4.679803
      0.774510      0.699241      0.232840     -0.628334      0.000000        -23.709710         11.738264     15.620678      5.406359      0.207081      4.679803
      0.784314      0.687992      0.263063     -0.689464      0.000000        -24.624548         11.765381     15.820663      5.473610      0.207081      4.679803
      0.794118      0.675341      0.296132     -0.752317      0.000000        -25.543166         11.778658     16.017205      5.538013      0.207081      4.679803
      0.803922      0.661176      0.332113     -0.816267      0.000000        -26.455284         11.778449     16.209885      5.599261      0.207081      4.679803
      0.813725      0.645388      0.371040     -0.880654      0.000000        -27.350451         11.765302     16.398251      5.657046      0.207081      4.679803
      0.823529      0.627872      0.412919     -0.944816      0.000000        -28.218553         11.739940     16.581818      5.711068      0.207081      4.679803
      0.833333      0.608536      0.457724     -1.008120      0.000000        -29.050298         11.703218     16.760076      5.761052      0.207081      4.679803
      0.843137      0.587297      0.505403     -1.069992      0.000000        -29.837622         11.656085     16.932487      5.806759      0.207081      4.679803
      0.852941      0.564090      0.555878     -1.129937      0.000000        -30.573984         11.599538     17.098493      5.847999      0.207081      4.679803
      0.862745      0.538863      0.609051     -1.187560      0.000000        -31.254525         11.534577     17.257519      5.884647      0.207081      4.679803
      0.872549      0.511588      0.664809     -1.242570      0.000000        -31.876098         11.462162     17.408978      5.916653      0.207081      4.679803
      0.882353      0.482256      0.723028     -1.294782      0.000000        -32.437183         11.383186     17.552277      5.944055      0.207081      4.679803
      0.892157      0.450882      0.783576     -1.344115      0.000000        -32.937704         11.298440     17.686826      5.966982      0.207081      4.679803
      0.901961      0.417507      0.846321     -1.390582      0.000000        -33.378804         11.208600     17.812041      5.985660      0.207081      4.679803
      0.911765      0.382193      0.911134     -1.434275      0.000000        -33.762576         11.114214     17.927354      6.000405      0.207081      4.679803
      0.921569      0.345032      0.977891     -1.475357      0.000000        -34.091808         11.015695     18.032217      6.011611      0.207081      4.679803
      0.931373      0.306137      1.046477     -1.514043      0.000000        -34.369739         10.913322     18.126115      6.019744      0.207081      4.679803
      0.941176      0.265648      1.116789     -1.550596      0.000000        -34.599850         10.807244     18.208567      6.025312      0.207081      4.679803
      0.950980      0.223730      1.188733     -1.585310      0.000000        -34.785692         10.697488     18.279137      6.028843      0.207081      4.679803
      0.960784      0.180570      1.262235     -1.618510      0.000000        -34.930755         10.583968     18.337439      6.030861      0.207081      4.679803
      0.970588      0.136376      1.337231     -1.650549      0.000000        -35.038372         10.466493     18.383145      6.031850      0.207081      4.679803
      0.980392      0.091380      1.413679     -1.681829      0.000000        -35.111664         10.344786     18.415990      6.032227      0.207081      4.679803
      0.990196      0.045832      1.491556     -1.713066      0.000000        -35.153536         10.218493     18.435777      6.032316      0.207081      4.679803
      1.000000      0.000000      1.570796     -1.733018      0.000000        -35.164309         10.145394     18.442387      6.032322      0.207081      4.679803
