             t             r           psi            cs            qs                 p               sig             A             V            Q2             S
      0.000000      0.000000     -1.570796     -0.940232      0.000000        -99.382596         52.850060      0.000000     -0.000000      0.093030      3.292223
      0.009804      0.032272     -1.540439     -0.941763      0.000000        -99.385164         52.799862      0.003273      0.000001      0.093030      3.292223
      0.019608      0.064514     -1.509986     -0.945176      0.000000        -99.398210         52.670066      0.013087      0.000013      0.093030      3.292223
      0.029412      0.096696     -1.479425     -0.948576      0.000000        -99.421161         52.542528      0.029435      0.000065      0.093030      3.292223
      0.039216      0.128788     -1.448751     -0.952089      0.000000        -99.455046         52.416945      0.052301      0.000205      0.093030      3.292223
      0.049020      0.160759     -1.417962     -0.955752      0.000000        -99.501018         52.293020      0.081664      0.000500      0.093030      3.292223
      0.058824      0.192578     -1.387052     -0.959600      0.000000        -99.560389         52.170464      0.117495      0.001034      0.093030      3.292223
      0.068627      0.224215     -1.356015     -0.963668      0.000000        -99.634662         52.048991      0.159761      0.001911      0.093030      3.292223
      0.078431      0.255638     -1.324841     -0.967995      0.000000        -99.725570         51.928324      0.208422      0.003250      0.093030      3.292223
      0.088235      0.286815     -1.293524     -0.972625      0.000000        -99.835115         51.808192      0.263431      0.005186      0.093030      3.292223
      0.098039      0.317715     -1.262051     -0.977606      0.000000        -99.965610         51.688333      0.324736      0.007869      0.093030      3.292223
      0.107843      0.348305     -1.230412     -0.982994      0.000000       -100.119740         51.568495      0.392276      0.011463      0.093030      3.292223
      0.117647      0.378554     -1.198591     -0.988853      0.000000       -100.300624         51.448433      0.465986      0.016143      0.093030      3.292223
      0.127451      0.408428     -1.166572     -0.995256      0.000000       -100.511895         51.327918      0.545792      0.022095      0.093030      3.292223
      0.137255      0.437894     -1.134337     -1.002288      0.000000       -100.757791         51.206735      0.631617      0.029514      0.093030      3.292223
      0.147059      0.466918     -1.101863     -1.010046      0.000000       -101.043264         51.084687      0.723373      0.038602      0.093030      3.292223
      0.156863      0.495467     -1.069126     -1.018645      0.000000       -101.374114         50.961602      0.820967      0.049565      0.093030      3.292223
      0.166667      0.523506     -1.036096     -1.028216      0.000000       -101.757141         50.837341      0.924300      0.062614      0.093030      3.292223
      0.176471      0.550998     -1.002739     -1.038915      0.000000       -102.200327         50.711804      1.033265      0.077958      0.093030      3.292223
      0.186275      0.577908     -0.969016     -1.050921      0.000000       -102.713045         50.584949      1.147746      0.095807      0.093030      3.292223
      0.196078      0.604199     -0.934882     -1.064444      0.000000       -103.306296         50.456806      1.267623      0.116369      0.093030      3.292223
      0.205882      0.629830     -0.900284     -1.079730      0.000000       -103.992971         50.327506      1.392765      0.139843      0.093030      3.292223
      0.215686      0.654763     -0.865160     -1.097062      0.000000       -104.788120         50.197311      1.523035      0.166421      0.093030      3.292223
      0.225490      0.678954     -0.829439     -1.116766      0.000000       -105.709208         50.066668      1.658287      0.196286      0.093030      3.292223
      0.235294      0.702359     -0.793040     -1.139214      0.000000       -106.776291         49.936269      1.798366      0.229605      0.093030      3.292223
      0.245098      0.724931     -0.755865     -1.164816      0.000000       -108.012020         49.807136      1.943108      0.266532      0.093030      3.292223
      0.254902      0.746620     -0.717808     -1.194013      0.000000       -109.441304         49.680745      2.092339      0.307200      0.093030      3.292223
      0.264706      0.767372     -0.678744     -1.227247      0.000000       -111.090317         49.559176      2.245875      0.351719      0.093030      3.292223
      0.274510      0.787128     -0.638537     -1.264912      0.000000       -112.984388         49.445326      2.403519      0.400176      0.093030      3.292223
      0.284314      0.805825     -0.597040     -1.307253      0.000000       -115.144010         49.343171      2.565063      0.452624      0.093030      3.292223
      0.294118      0.823396     -0.554100     -1.354210      0.000000       -117.577882         49.258102      2.730286      0.509083      0.093030      3.292223
      0.303922      0.839766     -0.509577     -1.405161      0.000000       -120.271542         49.197299      2.898952      0.569531      0.093030      3.292223
      0.313725      0.854859     -0.463365     -1.458544      0.000000       -123.170116         49.170124      3.070809      0.633897      0.093030      3.292223
      0.323529      0.868592     -0.415429     -1.511358      0.000000       -126.154581         49.188402      3.245591      0.702054      0.093030      3.292223
      0.333333      0.880885     -0.365861     -1.558612      0.000000       -129.013926         49.266388      3.423014      0.773811      0.093030      3.292223
      0.343137      0.891663     -0.314953     -1.592949      0.000000       -131.422065         49.420092      3.602776      0.848904      0.093030      3.292223
      0.352941      0.900865     -0.263272     -1.604868      0.000000       -132.938071         49.665567      3.784566      0.926993      0.093030      3.292223
      0.362745      0.908456     -0.211706     -1.584074      0.000000       -133.055721         50.015933      3.968059      1.007669      0.093030      3.292223
      0.372549      0.914437     -0.161458     -1.522210      0.000000       -131.319850         50.477425      4.152928      1.090463      0.093030      3.292223
      0.382353      0.918858     -0.113919     -1.416302      0.000000       -127.489496         51.045708      4.338850      1.174877      0.093030      3.292223
      0.392157      0.921816     -0.070456     -1.271159      0.000000       -121.674745         51.704273      4.525518      1.260418      0.093030      3.292223
      0.401961      0.923456     -0.032154     -1.098969      0.000000       -114.357405         52.426327      4.712650      1.346638      0.093030      3.292223
      0.411765      0.923953      0.000370     -0.915934      0.000000       -106.265999         53.179800      4.899996      1.433159      0.093030      3.292223
      0.421569      0.923496      0.027027     -0.737789      0.000000        -98.171458         53.933390      5.087342      1.519682      0.093030      3.292223
      0.431373      0.922268      0.048180     -0.576473      0.000000        -90.710210         54.661255      5.274514      1.605992      0.093030      3.292223
      0.441176      0.920439      0.064498     -0.438970      0.000000        -84.298933         55.345158      5.461374      1.691939      0.093030      3.292223
      0.450980      0.918151      0.076802     -0.327880      0.000000        -79.137332         55.974347      5.647814      1.777423      0.093030      3.292223
      0.460784      0.915520      0.085943     -0.242739      0.000000        -75.259249         56.544109      5.833754      1.862380      0.093030      3.292223
      0.470588      0.912635      0.092727     -0.181356      0.000000        -72.594136         57.053966      6.019133      1.946767      0.093030      3.292223
      0.480392      0.909560      0.097874     -0.140797      0.000000        -71.018068         57.506049      6.203907      2.030559      0.093030      3.292223
      0.490196      0.906338      0.102007     -0.118003      0.000000        -70.388443         57.903869      6.388042      2.113735      0.093030      3.292223
      0.500000      0.902992      0.105652     -0.110118      0.000000        -70.564232         58.251489      6.571510      2.196278      0.093030      3.292223
      0.509804      0.899531      0.109249     -0.114618      0.000000        -71.415986         58.553019      6.754288      2.278169      0.093030      3.292223
      0.519608      0.895950      0.113161     -0.129342      0.000000        -72.829495         58.812337      6.936353      2.359389      0.093030      3.292223
      0.529412      0.892235      0.117689     -0.152467      0.000000        -74.705933         59.032962      7.117677      2.439912      0.093030      3.292223
      0.539216      0.888362      0.123077     -0.182457      0.000000        -76.960310         59.218024      7.298233      2.519707      0.093030      3.292223
      0.549020      0.884299      0.129527     -0.218012      0.000000        -79.519295         59.370279      7.477985      2.598735      0.093030      3.292223
      0.558824      0.880011      0.137198     -0.258023      0.000000        -82.318992         59.492161      7.656890      2.676948      0.093030      3.292223
      0.568627      0.875456      0.146220     -0.301525      0.000000        -85.302964         59.585844      7.834900      2.754291      0.093030      3.292223
      0.578431      0.870590      0.156691     -0.347668      0.000000        -88.420646         59.653305      8.011955      2.830696      0.093030      3.292223
      0.588235      0.865366      0.168684     -0.395691      0.000000        -91.626170         59.696384      8.187988      2.906088      0.093030      3.292223
      0.598039      0.859736      0.182247     -0.444907      0.000000        -94.877602         59.716835      8.362921      2.980379      0.093030      3.292223
      0.607843      0.853650      0.197410     -0.494689      0.000000        -98.136543         59.716369      8.536667      3.053471      0.093030      3.292223
      0.617647      0.847059      0.214181     -0.544470      0.000000       -101.368004         59.696676      8.709128      3.125255      0.093030      3.292223
      0.627451      0.839913      0.232552     -0.593737      0.000000       -104.540504         59.659446      8.880197      3.195616      0.093030      3.292223
      0.637255      0.832166      0.252498     -0.642038      0.000000       -107.626274         59.606367      9.049757      3.264428      0.093030      3.292223
      0.647059      0.823771      0.273983     -0.688976      0.000000       -110.601487         59.539125      9.217680      3.331557      0.093030      3.292223
      0.656863      0.814686      0.296956     -0.734223      0.000000       -113.446459         59.459382      9.383832      3.396868      0.093030      3.292223
      0.666667      0.804869      0.321358     -0.777510      0.000000       -116.145739         59.368763      9.548068      3.460220      0.093030      3.292223
      0.676471      0.794285      0.347124     -0.818636      0.000000       -118.688069         59.268835      9.710236      3.521473      0.093030      3.292223
      0.686275      0.782898      0.374179     -0.857457      0.000000       -121.066214         59.161082      9.870176      3.580488      0.093030      3.292223
      0.696078      0.770681      0.402450     -0.893890      0.000000       -123.276651         59.046891     10.027724      3.637131      0.093030      3.292223
      0.705882      0.757607      0.431857     -0.927903      0.000000       -125.319158         58.927535     10.182707      3.691277      0.093030      3.292223
      0.715686      0.743655      0.462323     -0.959509      0.000000       -127.196339         58.804165     10.334951      3.742809      0.093030      3.292223
      0.725490      0.728809      0.493771     -0.988759      0.000000       -128.913106         58.677802     10.484274      3.791624      0.093030      3.292223
      0.735294      0.713057      0.526126     -1.015733      0.000000       -130.476173         58.549337     10.630495      3.837636      0.093030      3.292223
      0.745098      0.696389      0.559317     -1.040535      0.000000       -131.893563         58.419534     10.773428      3.880773      0.093030      3.292223
      0.754902      0.678803      0.593274     -1.063285      0.000000       -133.174173         58.289035     10.912889      3.920985      0.093030      3.292223
      0.764706      0.660300      0.627935     -1.084114      0.000000       -134.327396         58.158368     11.048690      3.958243      0.093030      3.292223
      0.774510      0.640882      0.663238     -1.103158      0.000000       -135.362801         58.027955     11.180645      3.992540      0.093030      3.292223
      0.784314      0.620559      0.699130     -1.120553      0.000000       -136.289884         57.898124     11.308571      4.023890      0.093030      3.292223
      0.794118      0.599343      0.735557     -1.136434      0.000000       -137.117876         57.769118     11.432284      4.052332      0.093030      3.292223
      0.803922      0.577250      0.772475     -1.150934      0.000000       -137.855601         57.641104     11.551606      4.077928      0.093030      3.292223
      0.813725      0.554298      0.809841     -1.164178      0.000000       -138.511381         57.514183     11.666359      4.100761      0.093030      3.292223
      0.823529      0.530510      0.847615     -1.176283      0.000000       -139.092981         57.388400     11.776373      4.120936      0.093030      3.292223
      0.833333      0.505911      0.885763     -1.187361      0.000000       -139.607581         57.263749     11.881479      4.138577      0.093030      3.292223
      0.843137      0.480530      0.924253     -1.197514      0.000000       -140.061763         57.140182     11.981518      4.153827      0.093030      3.292223
      0.852941      0.454397      0.963057     -1.206838      0.000000       -140.461534         57.017614     12.076332      4.166843      0.093030      3.292223
      0.862745      0.427547      1.002150     -1.215419      0.000000       -140.812336         56.895928     12.165773      4.177796      0.093030      3.292223
      0.872549      0.400015      1.041510     -1.223338      0.000000       -141.119085         56.774980     12.249699      4.186867      0.093030      3.292223
      0.882353      0.371839      1.081115     -1.230668      0.000000       -141.386203         56.654602     12.327976      4.194244      0.093030      3.292223
      0.892157      0.343061      1.120948     -1.237476      0.000000       -141.617654         56.534603     12.400477      4.200120      0.093030      3.292223
      0.901961      0.313723      1.160993     -1.243823      0.000000       -141.816985         56.414778     12.467084      4.204687      0.093030      3.292223
      0.911765      0.283868      1.201236     -1.249766      0.000000       -141.987359         56.294903     12.527688      4.208135      0.093030      3.292223
      0.921569      0.253543      1.241666     -1.255355      0.000000       -142.131595         56.174739     12.582189      4.210650      0.093030      3.292223
      0.931373      0.222796      1.282270     -1.260638      0.000000       -142.252201         56.054034     12.630497      4.212406      0.093030      3.292223
      0.941176      0.191675      1.323041     -1.265659      0.000000       -142.351404         55.932527     12.672530      4.213566      0.093030      3.292223
      0.950980      0.160230      1.363971     -1.270457      0.000000       -142.431181         55.809944     12.708218      4.214279      0.093030      3.292223
      0.960784      0.128514      1.405052     -1.275072      0.000000       -142.493291         55.686001     12.737501      4.214676      0.093030      3.292223
      0.970588      0.096579      1.446279     -1.279542      0.000000       -142.539294         55.560408     12.760329      4.214865      0.093030      3.292223
      0.980392      0.064479      1.487649     -1.283915      0.000000       -142.570589         55.432865     12.776663      4.214936      0.093030      3.292223
      0.990196      0.032267      1.529161     -1.288352      0.000000       -142.588444         55.303068     12.786474      4.214953      0.093030      3.292223
      1.000000      0.000000      1.570796     -1.290358      0.000000       -142.591968         55.252869     12.789747      4.214954      0.093030      3.292223
