             t             r           psi            cs            qs                 p               sig             A             V            Q2             S
      0.000000      0.000000     -1.570796      0.889667      0.000000       -143.828141         80.832534      0.000000     -0.000000     -0.150995     10.434752
      0.009804      0.102160     -1.479524      0.895809      0.000000       -143.871808         80.465365      0.032856      0.000076     -0.150995     10.434752
      0.019608      0.203464     -1.387477      0.903925      0.000000       -144.031292         80.022675      0.131149      0.001217     -0.150995     10.434752
      0.029412      0.303042     -1.294523      0.913680      0.000000       -144.352526         79.585956      0.294051      0.006099     -0.150995     10.434752
      0.039216      0.400011     -1.200442      0.926174      0.000000       -144.912060         79.143112      0.520168      0.018969     -0.150995     10.434752
      0.049020      0.493469     -1.104873      0.943149      0.000000       -145.838535         78.681277      0.807536      0.045325     -0.150995     10.434752
      0.058824      0.582489     -1.007220      0.967579      0.000000       -147.357496         78.186162      1.153601      0.091476     -0.150995     10.434752
      0.068627      0.666091     -0.906470      1.004886      0.000000       -149.885209         77.641509      1.555200      0.164027     -0.150995     10.434752
      0.078431      0.743193     -0.800829      1.065656      0.000000       -154.237204         77.029769      2.008509      0.269308     -0.150995     10.434752
      0.088235      0.812496     -0.686909      1.171920      0.000000       -162.110747         76.338872      2.508950      0.412782     -0.150995     10.434752
      0.098039      0.872237     -0.557956      1.370306      0.000000       -177.117172         75.597186      3.050978      0.598386     -0.150995     10.434752
      0.107843      0.919654     -0.400805      1.733323      0.000000       -205.192783         75.038182      3.627635      0.827510     -0.150995     10.434752
      0.117647      0.950297     -0.202434      2.072077      0.000000       -234.876360         75.695967      4.229658      1.096119     -0.150995     10.434752
      0.127451      0.960847     -0.018139      1.292442      0.000000       -184.739842         79.184893      4.844897      1.388571     -0.150995     10.434752
      0.137255      0.958183      0.050768      0.168082      0.000000       -101.041429         83.479153      5.462024      1.684661     -0.150995     10.434752
      0.147059      0.953055      0.043082     -0.219488      0.000000        -71.678014         86.484483      6.076229      1.977742     -0.150995     10.434752
      0.156863      0.949906      0.018386     -0.229880      0.000000        -72.893966         88.605726      6.687683      2.268425     -0.150995     10.434752
      0.166667      0.949073     -0.000388     -0.130849      0.000000        -83.430182         90.408764      7.297892      2.558055     -0.150995     10.434752
      0.176471      0.949612     -0.008438     -0.031361      0.000000        -94.200866         92.203392      7.908065      2.847661     -0.150995     10.434752
      0.186275      0.950516     -0.008258      0.026773      0.000000       -101.537204         94.120744      8.518748      3.137745     -0.150995     10.434752
      0.196078      0.951181     -0.004501      0.040445      0.000000       -104.995801         96.171184      9.129955      3.428331     -0.150995     10.434752
      0.205882      0.951444     -0.000871      0.028086      0.000000       -106.078000         98.300578      9.741459      3.719205     -0.150995     10.434752
      0.215686      0.951418      0.001070      0.010234      0.000000       -106.605183        100.448137     10.353030      4.010143     -0.150995     10.434752
      0.225490      0.951280      0.001431     -0.001843      0.000000       -107.643456        102.578989     10.964539      4.301024     -0.150995     10.434752
      0.235294      0.951154      0.000962     -0.006171      0.000000       -109.415694        104.685711     11.575959      4.591819     -0.150995     10.434752
      0.245098      0.951088      0.000343     -0.005372      0.000000       -111.693342        106.775719     12.187316      4.882554     -0.150995     10.434752
      0.254902      0.951076     -0.000076     -0.002737      0.000000       -114.161255        108.859412     12.798650      5.173267     -0.150995     10.434752
      0.264706      0.951094     -0.000230     -0.000429      0.000000       -116.601293        110.944031     13.409987      5.463984     -0.150995     10.434752
      0.274510      0.951117     -0.000202      0.000767      0.000000       -118.928442        113.032398     14.021338      5.754713     -0.150995     10.434752
      0.284314      0.951133     -0.000107      0.000979      0.000000       -121.151704        115.124210     14.632702      6.045456     -0.150995     10.434752
      0.294118      0.951139     -0.000020      0.000671      0.000000       -123.318136        117.217906     15.244073      6.336204     -0.150995     10.434752
      0.303922      0.951139      0.000028      0.000260      0.000000       -125.472321        119.312007     15.855445      6.626955     -0.150995     10.434752
      0.313725      0.951135      0.000038     -0.000029      0.000000       -127.639436        121.405680     16.466816      6.917703     -0.150995     10.434752
      0.323529      0.951132      0.000028     -0.000148      0.000000       -129.825710        123.498719     17.078185      7.208450     -0.150995     10.434752
      0.333333      0.951130      0.000012     -0.000143      0.000000       -132.026336        125.591281     17.689552      7.499195     -0.150995     10.434752
      0.343137      0.951129      0.000000     -0.000085      0.000000       -134.233429        127.683630     18.300918      7.789939     -0.150995     10.434752
      0.352941      0.951129     -0.000005     -0.000025      0.000000       -136.440817        129.775968     18.912284      8.080683     -0.150995     10.434752
      0.362745      0.951130     -0.000006      0.000012      0.000000       -138.645526        131.868395     19.523650      8.371427     -0.150995     10.434752
      0.372549      0.951130     -0.000004      0.000025      0.000000       -140.847206        133.960923     20.135017      8.662172     -0.150995     10.434752
      0.382353      0.951131     -0.000001      0.000021      0.000000       -143.046852        136.053518     20.746384      8.952917     -0.150995     10.434752
      0.392157      0.951131      0.000000      0.000012      0.000000       -145.245701        138.146140     21.357751      9.243662     -0.150995     10.434752
      0.401961      0.951131      0.000001      0.000003      0.000000       -147.444639        140.238758     21.969118      9.534407     -0.150995     10.434752
      0.411765      0.951131      0.000001     -0.000002      0.000000       -149.644048        142.331361     22.580485      9.825152     -0.150995     10.434752
      0.421569      0.951131      0.000001     -0.000004      0.000000       -151.843938        144.423948     23.191852     10.115897     -0.150995     10.434752
      0.431373      0.951130      0.000000     -0.000003      0.000000       -154.044136        146.516525     23.803219     10.406641     -0.150995     10.434752
      0.441176      0.951130     -0.000000     -0.000002      0.000000       -156.244446        148.609098     24.414586     10.697386     -0.150995     10.434752
      0.450980      0.951130     -0.000000     -0.000000      0.000000       -158.444735        150.701672     25.025953     10.988131     -0.150995     10.434752
      0.460784      0.951131     -0.000000      0.000000      0.000000       -160.644944        152.794249     25.637320     11.278876     -0.150995     10.434752
      0.470588      0.951131     -0.000000      0.000001      0.000000       -162.845076        154.886828     26.248687     11.569621     -0.150995     10.434752
      0.480392      0.951131     -0.000000      0.000001      0.000000       -165.045157        156.979408     26.860053     11.860366     -0.150995     10.434752
      0.490196      0.951131      0.000000      0.000000      0.000000       -167.245220        159.071990     27.471420     12.151111     -0.150995     10.434752
      0.500000      0.951131      0.000000      0.000000      0.000000       -169.445285        161.164571     28.082787     12.441855     -0.150995     10.434752
      0.509804      0.951131      0.000000     -0.000000      0.000000       -171.645363        163.257152     28.694154     12.732600     -0.150995     10.434752
      0.519608      0.951131      0.000000     -0.000000      0.000000       -173.845454        165.349732     29.305521     13.023345     -0.150995     10.434752
      0.529412      0.951131      0.000000     -0.000000      0.000000       -176.045554        167.442312     29.916888     13.314090     -0.150995     10.434752
      0.539216      0.951131     -0.000000     -0.000000      0.000000       -178.245657        169.534892     30.528255     13.604835     -0.150995     10.434752
      0.549020      0.951131     -0.000000     -0.000000      0.000000       -180.445761        171.627472     31.139622     13.895580     -0.150995     10.434752
      0.558824      0.951131     -0.000000      0.000000      0.000000       -182.645863        173.720052     31.750989     14.186325     -0.150995     10.434752
      0.568627      0.951131     -0.000000      0.000000      0.000000       -184.845963        175.812632     32.362356     14.477069     -0.150995     10.434752
      0.578431      0.951131      0.000000      0.000000      0.000000       -187.046061        177.905212     32.973723     14.767814     -0.150995     10.434752
      0.588235      0.951131      0.000000      0.000000      0.000000       -189.246160        179.997793     33.585090     15.058559     -0.150995     10.434752
      0.598039      0.951131      0.000000      0.000000      0.000000       -191.446261        182.090373     34.196457     15.349304     -0.150995     10.434752
      0.607843      0.951131      0.000000      0.000000      0.000000       -193.646365        184.182953     34.807823     15.640049     -0.150995     10.434752
      0.617647      0.951131      0.000000      0.000000      0.000000       -195.846477        186.275532     35.419190     15.930794     -0.150995     10.434752
      0.627451      0.951131      0.000000      0.000000      0.000000       -198.046602        188.368111     36.030557     16.221539     -0.150995     10.434752
      0.637255      0.951131      0.000000      0.000001      0.000000       -200.246754        190.460690     36.641924     16.512284     -0.150995     10.434752
      0.647059      0.951130      0.000000      0.000001      0.000000       -202.446955        192.553267     37.253291     16.803028     -0.150995     10.434752
      0.656863      0.951130      0.000000      0.000002      0.000000       -204.647253        194.645840     37.864658     17.093773     -0.150995     10.434752
      0.666667      0.951130      0.000001      0.000004      0.000000       -206.847735        196.738408     38.476025     17.384518     -0.150995     10.434752
      0.676471      0.951130      0.000001      0.000008      0.000000       -209.048571        198.830963     39.087392     17.675263     -0.150995     10.434752
      0.686275      0.951130      0.000002      0.000015      0.000000       -211.250080        200.923497     39.698758     17.966008     -0.150995     10.434752
      0.696078      0.951130      0.000004      0.000028      0.000000       -213.452875        203.015987     40.310125     18.256752     -0.150995     10.434752
      0.705882      0.951129      0.000008      0.000053      0.000000       -215.658111        205.108397     40.921491     18.547496     -0.150995     10.434752
      0.715686      0.951128      0.000016      0.000100      0.000000       -217.867977        207.200654     41.532857     18.838240     -0.150995     10.434752
      0.725490      0.951126      0.000030      0.000188      0.000000       -220.086606        209.292620     42.144222     19.128983     -0.150995     10.434752
      0.735294      0.951121      0.000057      0.000353      0.000000       -222.321775        211.384037     42.755584     19.419723     -0.150995     10.434752
      0.745098      0.951113      0.000107      0.000661      0.000000       -224.588092        213.474422     43.366943     19.710460     -0.150995     10.434752
      0.754902      0.951098      0.000201      0.001237      0.000000       -226.912907        215.562867     43.978294     20.001191     -0.150995     10.434752
      0.764706      0.951069      0.000377      0.002307      0.000000       -229.347239        217.647676     44.589632     20.291908     -0.150995     10.434752
      0.774510      0.951016      0.000704      0.004290      0.000000       -231.985761        219.725694     45.200944     20.582600     -0.150995     10.434752
      0.784314      0.950916      0.001311      0.007951      0.000000       -235.002764        221.791087     45.812208     20.873247     -0.150995     10.434752
      0.794118      0.950730      0.002434      0.014666      0.000000       -238.714957        223.833157     46.423384     21.163810     -0.150995     10.434752
      0.803922      0.950386      0.004497      0.026858      0.000000       -243.684935        225.832578     47.034394     21.454214     -0.150995     10.434752
      0.813725      0.949753      0.008253      0.048629      0.000000       -250.872158        227.755310     47.645099     21.744324     -0.150995     10.434752
      0.823529      0.948597      0.014990      0.086424      0.000000       -261.793725        229.544050     48.255246     22.033890     -0.150995     10.434752
      0.833333      0.946515      0.026781      0.149017      0.000000       -278.520951        231.109789     48.864379     22.322453     -0.150995     10.434752
      0.843137      0.942844      0.046629      0.245120      0.000000       -303.098771        232.332971     49.471708     22.609181     -0.150995     10.434752
      0.852941      0.936580      0.078169      0.376969      0.000000       -335.983576        233.091602     50.075908     22.892606     -0.150995     10.434752
      0.862745      0.926363      0.124593      0.532817      0.000000       -374.236259        233.323145     50.674891     23.170277     -0.150995     10.434752
      0.872549      0.910618      0.187172      0.688346      0.000000       -411.927962        233.080277     51.265617     23.438455     -0.150995     10.434752
      0.882353      0.887822      0.264617      0.820526      0.000000       -443.562233        232.514901     51.844030     23.692125     -0.150995     10.434752
      0.892157      0.856779      0.353911      0.919615      0.000000       -466.943201        231.797799     52.405194     23.925508     -0.150995     10.434752
      0.901961      0.816746      0.451728      0.988217      0.000000       -482.849274        231.053169     52.943540     24.132981     -0.150995     10.434752
      0.911765      0.767441      0.555323      1.033923      0.000000       -493.205020        230.346062     53.453179     24.310064     -0.150995     10.434752
      0.921569      0.708966      0.662745      1.064113      0.000000       -499.831669        229.699712     53.928164     24.454180     -0.150995     10.434752
      0.931373      0.641733      0.772704      1.084262      0.000000       -504.060747        229.115212     54.362718     24.565062     -0.150995     10.434752
      0.941176      0.566389      0.884371      1.098007      0.000000       -506.766884        228.584131     54.751409     24.644773     -0.150995     10.434752
      0.950980      0.483776      0.997221      1.107662      0.000000       -508.500166        228.094819     55.089286     24.697388     -0.150995     10.434752
      0.960784      0.394882      1.110914      1.114692      0.000000       -509.602305        227.635010     55.371985     24.728399     -0.150995     10.434752
      0.970588      0.300818      1.225233      1.120030      0.000000       -510.286203        227.192644     55.595821     24.743945     -0.150995     10.434752
      0.980392      0.202789      1.340038      1.124291      0.000000       -510.685824        226.755939     55.757854     24.749965     -0.150995     10.434752
      0.990196      0.102074      1.455244      1.127899      0.000000       -510.886527        226.313217     55.855942     24.751394     -0.150995     10.434752
      1.000000      0.000000      1.570796      1.130672      0.000000       -510.941872        225.946044     55.888784     24.751491     -0.150995     10.434752
