             t             r           psi            cs            qs                 p               sig             A             V            Q2             S
      0.000000      0.000000     -1.570796      0.993950      0.000000      -6316.622656       3177.534495      0.000000      0.000000     -0.029205      4.137218
      0.009804      0.040550     -1.530480      0.994002      0.000000      -6316.628553       3177.432199      0.005168      0.000002     -0.029205      4.137218
      0.019608      0.081034     -1.490161      0.994093      0.000000      -6316.653346       3177.233800      0.020663      0.000034     -0.029205      4.137218
      0.029412      0.121386     -1.449837      0.994185      0.000000      -6316.697664       3177.038456      0.046460      0.000170     -0.029205      4.137218
      0.039216      0.161541     -1.409510      0.994281      0.000000      -6316.764229       3176.845310      0.082517      0.000536     -0.029205      4.137218
      0.049020      0.201434     -1.369179      0.994383      0.000000      -6316.856255       3176.653496      0.128776      0.001303     -0.029205      4.137218
      0.058824      0.240999     -1.328844      0.994493      0.000000      -6316.977592       3176.462131      0.185161      0.002686     -0.029205      4.137218
      0.068627      0.280171     -1.288504      0.994611      0.000000      -6317.132882       3176.270313      0.251581      0.004941     -0.029205      4.137218
      0.078431      0.318888     -1.248159      0.994741      0.000000      -6317.327755       3176.077111      0.327927      0.008362     -0.029205      4.137218
      0.088235      0.357087     -1.207809      0.994884      0.000000      -6317.569078       3175.881556      0.414075      0.013271     -0.029205      4.137218
      0.098039      0.394704     -1.167452      0.995044      0.000000      -6317.865264       3175.682628      0.509886      0.020021     -0.029205      4.137218
      0.107843      0.431679     -1.127088      0.995223      0.000000      -6318.226686       3175.479242      0.615203      0.028981     -0.029205      4.137218
      0.117647      0.467951     -1.086717      0.995426      0.000000      -6318.666206       3175.270233      0.729855      0.040538     -0.029205      4.137218
      0.127451      0.503460     -1.046337      0.995659      0.000000      -6319.199890       3175.054331      0.853654      0.055085     -0.029205      4.137218
      0.137255      0.538150     -1.005947      0.995927      0.000000      -6319.847950       3174.830135      0.986401      0.073017     -0.029205      4.137218
      0.147059      0.571963     -0.965545      0.996240      0.000000      -6320.636022       3174.596085      1.127877      0.094721     -0.029205      4.137218
      0.156863      0.604843     -0.925129      0.996607      0.000000      -6321.596918       3174.350418      1.277853      0.120576     -0.029205      4.137218
      0.166667      0.636737     -0.884698      0.997042      0.000000      -6322.773040       3174.091119      1.436084      0.150938     -0.029205      4.137218
      0.176471      0.667592     -0.844246      0.997562      0.000000      -6324.219776       3173.815862      1.602312      0.186141     -0.029205      4.137218
      0.186275      0.697357     -0.803772      0.998191      0.000000      -6326.010319       3173.521927      1.776266      0.226485     -0.029205      4.137218
      0.196078      0.725982     -0.763269      0.998960      0.000000      -6328.242649       3173.206105      1.957661      0.272233     -0.029205      4.137218
      0.205882      0.753419     -0.722732      0.999910      0.000000      -6331.049783       3172.864562      2.146201      0.323608     -0.029205      4.137218
      0.215686      0.779624     -0.682151      1.001099      0.000000      -6334.615157       3172.492678      2.341577      0.380781     -0.029205      4.137218
      0.225490      0.804549     -0.641517      1.002609      0.000000      -6339.196139       3172.084820      2.543470      0.443877     -0.029205      4.137218
      0.235294      0.828154     -0.600812      1.004554      0.000000      -6345.160841       3171.634061      2.751547      0.512963     -0.029205      4.137218
      0.245098      0.850395     -0.560017      1.007103      0.000000      -6353.047181       3171.131800      2.965467      0.588049     -0.029205      4.137218
      0.254902      0.871232     -0.519102      1.010511      0.000000      -6363.660271       3170.567271      3.184877      0.669086     -0.029205      4.137218
      0.264706      0.890626     -0.478026      1.015164      0.000000      -6378.237855       3169.926937      3.409415      0.755963     -0.029205      4.137218
      0.274510      0.908537     -0.436725      1.021680      0.000000      -6398.740402       3169.193788      3.638707      0.848511     -0.029205      4.137218
      0.284314      0.924925     -0.395107      1.031067      0.000000      -6428.376719       3168.346753      3.872371      0.946496     -0.029205      4.137218
      0.294118      0.939747     -0.353022      1.045032      0.000000      -6472.585591       3167.360932      4.110012      1.049629     -0.029205      4.137218
      0.303922      0.952954     -0.310230      1.066571      0.000000      -6540.903509       3166.210955      4.351227      1.157556     -0.029205      4.137218
      0.313725      0.964490     -0.266326      1.101058      0.000000      -6650.441838       3164.884960      4.595595      1.269871     -0.029205      4.137218
      0.323529      0.974274     -0.220610      1.157920      0.000000      -6831.273708       3163.433978      4.842682      1.386106     -0.029205      4.137218
      0.333333      0.982195     -0.171908      1.250483      0.000000      -7126.204650       3162.138144      5.092029      1.505727     -0.029205      4.137218
      0.343137      0.988085     -0.118697      1.374208      0.000000      -7522.892040       3162.013420      5.343139      1.628114     -0.029205      4.137218
      0.352941      0.991741     -0.061714      1.391798      0.000000      -7592.026716       3165.710696      5.595469      1.752506     -0.029205      4.137218
      0.362745      0.993175     -0.011735      0.992753      0.000000      -6350.077950       3175.745262      5.848442      1.877968     -0.029205      4.137218
      0.372549      0.993007      0.015821      0.382074      0.000000      -4428.474553       3188.270018      6.101557      2.003658     -0.029205      4.137218
      0.382353      0.992174      0.022729      0.006565      0.000000      -3243.525815       3198.138229      6.354527      2.129182     -0.029205      4.137218
      0.392157      0.991299      0.019474     -0.139456      0.000000      -2785.513657       3204.943709      6.607270      2.254479     -0.029205      4.137218
      0.401961      0.990637      0.012962     -0.169111      0.000000      -2697.085511       3209.840277      6.859815      2.379591     -0.029205      4.137218
      0.411765      0.990247      0.006431     -0.147668      0.000000      -2770.759975       3213.739994      7.112225      2.504581     -0.029205      4.137218
      0.421569      0.990097      0.001246     -0.106329      0.000000      -2907.302486       3217.206643      7.364568      2.629509     -0.029205      4.137218
      0.431373      0.990121     -0.002145     -0.061119      0.000000      -3055.871766       3220.586310      7.616896      2.754424     -0.029205      4.137218
      0.441176      0.990247     -0.003787     -0.021283      0.000000      -3187.202205       3224.090520      7.869245      2.879359     -0.029205      4.137218
      0.450980      0.990409     -0.004017      0.007889      0.000000      -3284.526666       3227.832714      8.121632      3.004330     -0.029205      4.137218
      0.460784      0.990560     -0.003319      0.024437      0.000000      -3341.602794       3231.844894      8.374060      3.129343     -0.029205      4.137218
      0.470588      0.990673     -0.002192      0.029455      0.000000      -3361.874941       3236.094367      8.626522      3.254389     -0.029205      4.137218
      0.480392      0.990738     -0.001041      0.026230      0.000000      -3355.799056       3240.508746      8.879006      3.379458     -0.029205      4.137218
      0.490196      0.990760     -0.000120      0.018841      0.000000      -3336.406802       3245.005009      9.131501      3.504538     -0.029205      4.137218
      0.500000      0.990752      0.000480      0.010861      0.000000      -3315.138684       3249.512731      9.383998      3.629620     -0.029205      4.137218
      0.509804      0.990725      0.000786      0.004675      0.000000      -3299.657824       3253.985058      9.636490      3.754697     -0.029205      4.137218
      0.519608      0.990691      0.000900      0.001474      0.000000      -3293.818438       3258.398040      9.888974      3.879766     -0.029205      4.137218
      0.529412      0.990653      0.000952      0.001661      0.000000      -3298.943214       3262.742930     10.141449      4.004825     -0.029205      4.137218
      0.539216      0.990613      0.001082      0.005374      0.000000      -3315.530552       3267.015908     10.393914      4.129875     -0.029205      4.137218
      0.549020      0.990562      0.001440      0.013012      0.000000      -3344.934683       3271.207556     10.646367      4.254914     -0.029205      4.137218
      0.558824      0.990490      0.002205      0.025704      0.000000      -3390.920308       3275.292451     10.898805      4.379938     -0.029205      4.137218
      0.568627      0.990375      0.003624      0.045749      0.000000      -3461.088996       3279.218324     11.151220      4.504938     -0.029205      4.137218
      0.578431      0.990182      0.006067      0.076926      0.000000      -3567.924230       3282.894714     11.403597      4.629899     -0.029205      4.137218
      0.588235      0.989861      0.010085      0.124402      0.000000      -3728.480933       3286.183905     11.655909      4.754794     -0.029205      4.137218
      0.598039      0.989333      0.016453      0.193604      0.000000      -3960.659130       3288.903122     11.908116      4.879577     -0.029205      4.137218
      0.607843      0.988482      0.026126      0.287424      0.000000      -4273.932237       3290.853899     12.160149      5.004172     -0.029205      4.137218
      0.617647      0.987156      0.040059      0.402385      0.000000      -4656.651456       3291.889447     12.411909      5.128457     -0.029205      4.137218
      0.627451      0.985167      0.058901      0.527021      0.000000      -5070.719764       3291.997062     12.663250      5.252246     -0.029205      4.137218
      0.637255      0.982313      0.082732      0.645847      0.000000      -5464.829666       3291.331271     12.913979      5.375274     -0.029205      4.137218
      0.647059      0.978403      0.111047      0.746686      0.000000      -5798.781929       3290.155795     13.163849      5.497193     -0.029205      4.137218
      0.656863      0.973276      0.142995      0.824852      0.000000      -6057.273989       3288.738685     13.412571      5.617584     -0.029205      4.137218
      0.666667      0.966809      0.177674      0.881903      0.000000      -6245.670116       3287.279371     13.659818      5.735979     -0.029205      4.137218
      0.676471      0.958916      0.214310      0.922189      0.000000      -6378.502454       3285.893910     13.905236      5.851882     -0.029205      4.137218
      0.686275      0.949542      0.252319      0.950276      0.000000      -6470.956265       3284.634374     14.148455      5.964794     -0.029205      4.137218
      0.696078      0.938656      0.291284      0.969871      0.000000      -6535.333318       3283.514322     14.389093      6.074231     -0.029205      4.137218
      0.705882      0.926243      0.330919      0.983662      0.000000      -6580.537597       3282.527920     14.626762      6.179732     -0.029205      4.137218
      0.715686      0.912299      0.371027      0.993496      0.000000      -6612.683131       3281.661349     14.861073      6.280879     -0.029205      4.137218
      0.725490      0.896834      0.411476      1.000616      0.000000      -6635.877647       3280.898720     15.091636      6.377293     -0.029205      4.137218
      0.735294      0.879860      0.452174      1.005853      0.000000      -6652.867585       3280.224778     15.318065      6.468650     -0.029205      4.137218
      0.745098      0.861397      0.493055      1.009766      0.000000      -6665.497690       3279.625954     15.539977      6.554678     -0.029205      4.137218
      0.754902      0.841472      0.534075      1.012734      0.000000      -6675.019225       3279.090613     15.756998      6.635167     -0.029205      4.137218
      0.764706      0.820113      0.575201      1.015017      0.000000      -6682.291545       3278.608959     15.968757      6.709962     -0.029205      4.137218
      0.774510      0.797353      0.616409      1.016798      0.000000      -6687.912971       3278.172807     16.174894      6.778973     -0.029205      4.137218
      0.784314      0.773228      0.657680      1.018205      0.000000      -6692.305965       3277.775338     16.375055      6.842170     -0.029205      4.137218
      0.794118      0.747778      0.699003      1.019329      0.000000      -6695.772976       3277.410857     16.568899      6.899582     -0.029205      4.137218
      0.803922      0.721044      0.740367      1.020238      0.000000      -6698.533455       3277.074594     16.756092      6.951295     -0.029205      4.137218
      0.813725      0.693072      0.781765      1.020979      0.000000      -6700.748682       3276.762534     16.936313      6.997451     -0.029205      4.137218
      0.823529      0.663907      0.823190      1.021591      0.000000      -6702.538629       3276.471273     17.109252      7.038243     -0.029205      4.137218
      0.833333      0.633601      0.864637      1.022100      0.000000      -6703.993565       3276.197905     17.274612      7.073911     -0.029205      4.137218
      0.843137      0.602203      0.906103      1.022527      0.000000      -6705.182137       3275.939932     17.432108      7.104734     -0.029205      4.137218
      0.852941      0.569767      0.947585      1.022889      0.000000      -6706.157078       3275.695184     17.581469      7.131029     -0.029205      4.137218
      0.862745      0.536350      0.989081      1.023198      0.000000      -6706.959271       3275.461764     17.722437      7.153141     -0.029205      4.137218
      0.872549      0.502007      1.030589      1.023464      0.000000      -6707.620695       3275.237991     17.854770      7.171437     -0.029205      4.137218
      0.882353      0.466799      1.072106      1.023696      0.000000      -6708.166567       3275.022365     17.978239      7.186303     -0.029205      4.137218
      0.892157      0.430786      1.113632      1.023898      0.000000      -6708.616918       3274.813532     18.092631      7.198129     -0.029205      4.137218
      0.901961      0.394029      1.155166      1.024077      0.000000      -6708.987778       3274.610253     18.197749      7.207309     -0.029205      4.137218
      0.911765      0.356592      1.196707      1.024236      0.000000      -6709.292053       3274.411385     18.293412      7.214233     -0.029205      4.137218
      0.921569      0.318539      1.238254      1.024379      0.000000      -6709.540200       3274.215862     18.379453      7.219274     -0.029205      4.137218
      0.931373      0.279936      1.279806      1.024508      0.000000      -6709.740736       3274.022674     18.455725      7.222789     -0.029205      4.137218
      0.941176      0.240850      1.321364      1.024627      0.000000      -6709.900635       3273.830861     18.522097      7.225109     -0.029205      4.137218
      0.950980      0.201347      1.362926      1.024736      0.000000      -6710.025633       3273.639496     18.578452      7.226532     -0.029205      4.137218
      0.960784      0.161497      1.404492      1.024839      0.000000      -6710.120473       3273.447680     18.624695      7.227322     -0.029205      4.137218
      0.970588      0.121368      1.446063      1.024935      0.000000      -6710.189093       3273.254533     18.660744      7.227699     -0.029205      4.137218
      0.980392      0.081028      1.487637      1.025027      0.000000      -6710.234789       3273.059188     18.686538      7.227840     -0.029205      4.137218
      0.990196      0.040549      1.529215      1.025118      0.000000      -6710.260359       3272.860790     18.702033      7.227873     -0.029205      4.137218
      1.000000      0.000000      1.570796      1.025170      0.000000      -6710.266440       3272.758493     18.707200      7.227875     -0.029205      4.137218
