             t             r           psi            cs            qs                 p               sig             A             V            Q2             S
      0.000000      0.000000     -1.570796     -0.914551      0.000000        -47.166839         25.786884      0.000000      0.000000      0.128314      3.284434
      0.009804      0.032196     -1.541330     -0.917299      0.000000        -47.169195         25.741846      0.003257      0.000001      0.128314      3.284434
      0.019608      0.064363     -1.511692     -0.923495      0.000000        -47.181232         25.624518      0.013026      0.000012      0.128314      3.284434
      0.029412      0.096474     -1.481856     -0.929692      0.000000        -47.202390         25.509483      0.029297      0.000063      0.128314      3.284434
      0.039216      0.128500     -1.451817     -0.936117      0.000000        -47.233604         25.396492      0.052058      0.000198      0.128314      3.284434
      0.049020      0.160410     -1.421566     -0.942841      0.000000        -47.275919         25.285307      0.081286      0.000484      0.128314      3.284434
      0.058824      0.192174     -1.391093     -0.949928      0.000000        -47.330520         25.175703      0.116956      0.001003      0.128314      3.284434
      0.068627      0.223763     -1.360385     -0.957442      0.000000        -47.398763         25.067462      0.159036      0.001856      0.128314      3.284434
      0.078431      0.255144     -1.329428     -0.965454      0.000000        -47.482202         24.960383      0.207486      0.003161      0.128314      3.284434
      0.088235      0.286286     -1.298203     -0.974043      0.000000        -47.582622         24.854277      0.262262      0.005051      0.128314      3.284434
      0.098039      0.317156     -1.266692     -0.983299      0.000000        -47.702075         24.748972      0.323311      0.007677      0.128314      3.284434
      0.107843      0.347720     -1.234870     -0.993323      0.000000        -47.842927         24.644319      0.390575      0.011202      0.128314      3.284434
      0.117647      0.377945     -1.202712     -1.004231      0.000000        -48.007903         24.540188      0.463990      0.015802      0.128314      3.284434
      0.127451      0.407796     -1.170186     -1.016153      0.000000        -48.200148         24.436480      0.543482      0.021666      0.128314      3.284434
      0.137255      0.437235     -1.137258     -1.029240      0.000000        -48.423285         24.333131      0.628973      0.028991      0.128314      3.284434
      0.147059      0.466226     -1.103888     -1.043660      0.000000        -48.681496         24.230117      0.720375      0.037984      0.128314      3.284434
      0.156863      0.494729     -1.070029     -1.059607      0.000000        -48.979590         24.127468      0.817595      0.048858      0.128314      3.284434
      0.166667      0.522705     -1.035630     -1.077303      0.000000        -49.323096         24.025280      0.920528      0.061831      0.128314      3.284434
      0.176471      0.550111     -1.000629     -1.096994      0.000000        -49.718336         23.923733      1.029064      0.077123      0.128314      3.284434
      0.186275      0.576903     -0.964958     -1.118960      0.000000        -50.172501         23.823114      1.143084      0.094953      0.128314      3.284434
      0.196078      0.603034     -0.928539     -1.143507      0.000000        -50.693691         23.723844      1.262458      0.115539      0.128314      3.284434
      0.205882      0.628455     -0.891284     -1.170969      0.000000        -51.290906         23.626523      1.387049      0.139093      0.128314      3.284434
      0.215686      0.653112     -0.853093     -1.201694      0.000000        -51.973933         23.531970      1.516706      0.165820      0.128314      3.284434
      0.225490      0.676949     -0.813856     -1.236028      0.000000        -52.753063         23.441296      1.651270      0.195912      0.128314      3.284434
      0.235294      0.699906     -0.773450     -1.274279      0.000000        -53.638529         23.355976      1.790568      0.229544      0.128314      3.284434
      0.245098      0.721918     -0.731747     -1.316664      0.000000        -54.639505         23.277956      1.934417      0.266874      0.128314      3.284434
      0.254902      0.742913     -0.688611     -1.363216      0.000000        -55.762446         23.209762      2.082617      0.308033      0.128314      3.284434
      0.264706      0.762816     -0.643913     -1.413653      0.000000        -57.008469         23.154644      2.234956      0.353121      0.128314      3.284434
      0.274510      0.781546     -0.597538     -1.467185      0.000000        -58.369466         23.116716      2.391205      0.402200      0.128314      3.284434
      0.284314      0.799019     -0.549408     -1.522254      0.000000        -59.822678         23.101081      2.551118      0.455284      0.128314      3.284434
      0.294118      0.815146     -0.499515     -1.576232      0.000000        -61.323781         23.113897      2.714430      0.512335      0.128314      3.284434
      0.303922      0.829838     -0.447952     -1.625111      0.000000        -62.799291         23.162315      2.880863      0.573246      0.128314      3.284434
      0.313725      0.843012     -0.394970     -1.663338      0.000000        -64.140394         23.254180      3.050115      0.637841      0.128314      3.284434
      0.323529      0.854597     -0.341021     -1.683969      0.000000        -65.202172         23.397398      3.221873      0.705860      0.128314      3.284434
      0.333333      0.864538     -0.286792     -1.679397      0.000000        -65.813557         23.598895      3.395809      0.776968      0.128314      3.284434
      0.343137      0.872812     -0.233211     -1.642773      0.000000        -65.802365         23.863231      3.571588      0.850757      0.128314      3.284434
      0.352941      0.879432     -0.181387     -1.569912      0.000000        -65.034354         24.191136      3.748873      0.926764      0.128314      3.284434
      0.362745      0.884455     -0.132496     -1.461036      0.000000        -63.455809         24.578454      3.927335      1.004501      0.128314      3.284434
      0.372549      0.887980     -0.087626     -1.321472      0.000000        -61.121612         25.015984      4.106660      1.083488      0.128314      3.284434
      0.382353      0.890142     -0.047620     -1.160790      0.000000        -58.193060         25.490478      4.286557      1.163282      0.128314      3.284434
      0.392157      0.891102     -0.012972     -0.990669      0.000000        -54.903852         25.986540      4.466767      1.243500      0.128314      3.284434
      0.401961      0.891036      0.016201     -0.822414      0.000000        -51.508993         26.488815      4.647064      1.323833      0.128314      3.284434
      0.411765      0.890116      0.040111     -0.665103      0.000000        -48.237561         26.983802      4.827259      1.404043      0.128314      3.284434
      0.421569      0.888505      0.059217     -0.524781      0.000000        -45.263648         27.460914      5.007195      1.483956      0.128314      3.284434
      0.431373      0.886350      0.074124     -0.404570      0.000000        -42.697986         27.912754      5.186748      1.563450      0.128314      3.284434
      0.441176      0.883774      0.085497     -0.305294      0.000000        -40.594518         28.334836      5.365821      1.642444      0.128314      3.284434
      0.450980      0.880881      0.094002     -0.226233      0.000000        -38.963981         28.725016      5.544339      1.720883      0.128314      3.284434
      0.460784      0.877753      0.100266     -0.165786      0.000000        -37.788426         29.082857      5.722246      1.798733      0.128314      3.284434
      0.470588      0.874453      0.104857     -0.121961      0.000000        -37.033423         29.409059      5.899502      1.875972      0.128314      3.284434
      0.480392      0.871025      0.108277     -0.092684      0.000000        -36.656968         29.705004      6.076077      1.952587      0.128314      3.284434
      0.490196      0.867501      0.110961     -0.075986      0.000000        -36.615299         29.972423      6.251949      2.028568      0.128314      3.284434
      0.500000      0.863898      0.113286     -0.070082      0.000000        -36.866316         30.213168      6.427099      2.103906      0.128314      3.284434
      0.509804      0.860221      0.115574     -0.073409      0.000000        -37.371326         30.429068      6.601512      2.178593      0.128314      3.284434
      0.519608      0.856469      0.118098     -0.084617      0.000000        -38.095705         30.621842      6.775175      2.252616      0.128314      3.284434
      0.529412      0.852628      0.121095     -0.102554      0.000000        -39.008919         30.793052      6.948069      2.325963      0.128314      3.284434
      0.539216      0.848682      0.124764     -0.126236      0.000000        -40.084198         30.944094      7.120176      2.398614      0.128314      3.284434
      0.549020      0.844605      0.129277     -0.154823      0.000000        -41.298032         31.076192      7.291472      2.470545      0.128314      3.284434
      0.558824      0.840369      0.134780     -0.187592      0.000000        -42.629619         31.190416      7.461928      2.541726      0.128314      3.284434
      0.568627      0.835940      0.141396     -0.223911      0.000000        -44.060327         31.287702      7.631507      2.612119      0.128314      3.284434
      0.578431      0.831280      0.149232     -0.263223      0.000000        -45.573203         31.368871      7.800168      2.681679      0.128314      3.284434
      0.588235      0.826351      0.158375     -0.305023      0.000000        -47.152556         31.434661      7.967859      2.750355      0.128314      3.284434
      0.598039      0.821109      0.168898     -0.348852      0.000000        -48.783618         31.485747      8.134522      2.818084      0.128314      3.284434
      0.607843      0.815510      0.180858     -0.394278      0.000000        -50.452305         31.522768      8.300090      2.884798      0.128314      3.284434
      0.617647      0.809510      0.194302     -0.440896      0.000000        -52.145050         31.546346      8.464485      2.950417      0.128314      3.284434
      0.627451      0.803060      0.209261     -0.488319      0.000000        -53.848739         31.557105      8.627621      3.014854      0.128314      3.284434
      0.637255      0.796116      0.225755     -0.536177      0.000000        -55.550707         31.555684      8.789403      3.078015      0.128314      3.284434
      0.647059      0.788629      0.243792     -0.584115      0.000000        -57.238813         31.542749      8.949725      3.139796      0.128314      3.284434
      0.656863      0.780555      0.263370     -0.631800      0.000000        -58.901555         31.518995      9.108475      3.200087      0.128314      3.284434
      0.666667      0.771849      0.284474     -0.678917      0.000000        -60.528220         31.485149      9.265528      3.258774      0.128314      3.284434
      0.676471      0.762467      0.307083     -0.725177      0.000000        -62.109046         31.441965      9.420751      3.315735      0.128314      3.284434
      0.686275      0.752369      0.331164     -0.770319      0.000000        -63.635373         31.390220      9.574005      3.370851      0.128314      3.284434
      0.696078      0.741515      0.356678     -0.814114      0.000000        -65.099775         31.330701      9.725140      3.423997      0.128314      3.284434
      0.705882      0.729871      0.383577     -0.856368      0.000000        -66.496149         31.264196      9.873999      3.475054      0.128314      3.284434
      0.715686      0.717404      0.411810     -0.896923      0.000000        -67.819766         31.191484     10.020420      3.523906      0.128314      3.284434
      0.725490      0.704084      0.441320     -0.935657      0.000000        -69.067263         31.113319     10.164233      3.570442      0.128314      3.284434
      0.735294      0.689888      0.472047     -0.972484      0.000000        -70.236600         31.030423     10.305263      3.614562      0.128314      3.284434
      0.745098      0.674794      0.503928     -1.007355      0.000000        -71.326967         30.943475     10.443330      3.656177      0.128314      3.284434
      0.754902      0.658786      0.536900     -1.040249      0.000000        -72.338667         30.853104     10.578251      3.695214      0.128314      3.284434
      0.764706      0.641852      0.570899     -1.071177      0.000000        -73.272969         30.759884     10.709840      3.731614      0.128314      3.284434
      0.774510      0.623983      0.605863     -1.100170      0.000000        -74.131954         30.664326     10.837908      3.765337      0.128314      3.284434
      0.784314      0.605177      0.641731     -1.127285      0.000000        -74.918355         30.566884     10.962266      3.796364      0.128314      3.284434
      0.794118      0.585435      0.678442     -1.152590      0.000000        -75.635404         30.467948     11.082724      3.824698      0.128314      3.284434
      0.803922      0.564763      0.715940     -1.176171      0.000000        -76.286690         30.367847     11.199094      3.850363      0.128314      3.284434
      0.813725      0.543171      0.754170     -1.198119      0.000000        -76.876025         30.266853     11.311189      3.873405      0.128314      3.284434
      0.823529      0.520675      0.793083     -1.218533      0.000000        -77.407341         30.165182     11.418823      3.893895      0.128314      3.284434
      0.833333      0.497292      0.832630     -1.237517      0.000000        -77.884588         30.062998     11.521816      3.911924      0.128314      3.284434
      0.843137      0.473046      0.872766     -1.255174      0.000000        -78.311667         29.960415     11.619990      3.927605      0.128314      3.284434
      0.852941      0.447963      0.913450     -1.271606      0.000000        -78.692362         29.857506     11.713173      3.941069      0.128314      3.284434
      0.862745      0.422076      0.954646     -1.286917      0.000000        -79.030305         29.754300     11.801200      3.952465      0.128314      3.284434
      0.872549      0.395418      0.996318     -1.301204      0.000000        -79.328935         29.650789     11.883910      3.961955      0.128314      3.284434
      0.882353      0.368026      1.038434     -1.314564      0.000000        -79.591487         29.546935     11.961153      3.969714      0.128314      3.284434
      0.892157      0.339944      1.080968     -1.327086      0.000000        -79.820975         29.442664     12.032782      3.975926      0.128314      3.284434
      0.901961      0.311214      1.123892     -1.338858      0.000000        -80.020189         29.337877     12.098664      3.980777      0.128314      3.284434
      0.911765      0.281884      1.167184     -1.349963      0.000000        -80.191698         29.232451     12.158672      3.984457      0.128314      3.284434
      0.921569      0.252005      1.210824     -1.360479      0.000000        -80.337852         29.126238     12.212689      3.987152      0.128314      3.284434
      0.931373      0.221629      1.254794     -1.370482      0.000000        -80.460796         29.019069     12.260610      3.989042      0.128314      3.284434
      0.941176      0.190812      1.299079     -1.380042      0.000000        -80.562478         28.910760     12.302340      3.990295      0.128314      3.284434
      0.950980      0.159611      1.343666     -1.389228      0.000000        -80.644661         28.801106     12.337794      3.991068      0.128314      3.284434
      0.960784      0.128085      1.388543     -1.398106      0.000000        -80.708938         28.689891     12.366903      3.991499      0.128314      3.284434
      0.970588      0.096297      1.433702     -1.406747      0.000000        -80.756752         28.576883     12.389605      3.991705      0.128314      3.284434
      0.980392      0.064310      1.479137     -1.415240      0.000000        -80.789409         28.461840     12.405855      3.991783      0.128314      3.284434
      0.990196      0.032189      1.524846     -1.423900      0.000000        -80.808113         28.344511     12.415619      3.991801      0.128314      3.284434
      1.000000     -0.000000      1.570796     -1.427797      0.000000        -80.811790         28.299472     12.418876      3.991802      0.128314      3.284434
