             t             r           psi            cs            qs                 p               sig             A             V            Q2             S
      0.000000      0.000000     -1.570796     -0.711779      0.000000         -5.251279          3.688842     -0.000000      0.000000      0.235153      3.199696
      0.009804      0.031367     -1.548410     -0.721592      0.000000         -5.252715          3.659869      0.003091      0.000001      0.235153      3.199696
      0.019608      0.062718     -1.525402     -0.745252      0.000000         -5.260306          3.581377      0.012364      0.000009      0.235153      3.199696
      0.029412      0.094035     -1.501644     -0.769731      0.000000         -5.273682          3.505189      0.027813      0.000045      0.235153      3.199696
      0.039216      0.125300     -1.477091     -0.795985      0.000000         -5.293482          3.431226      0.049429      0.000143      0.235153      3.199696
      0.049020      0.156492     -1.451682     -0.824374      0.000000         -5.320424          3.359427      0.077201      0.000353      0.235153      3.199696
      0.058824      0.187587     -1.425345     -0.855226      0.000000         -5.355321          3.289755      0.111112      0.000741      0.235153      3.199696
      0.068627      0.218560     -1.397996     -0.888893      0.000000         -5.399098          3.222197      0.151141      0.001389      0.235153      3.199696
      0.078431      0.249382     -1.369543     -0.925766      0.000000         -5.452809          3.156766      0.197259      0.002397      0.235153      3.199696
      0.088235      0.280021     -1.339876     -0.966277      0.000000         -5.517649          3.093515      0.249435      0.003882      0.235153      3.199696
      0.098039      0.310443     -1.308876     -1.010901      0.000000         -5.594974          3.032531      0.307630      0.005983      0.235153      3.199696
      0.107843      0.340607     -1.276405     -1.060154      0.000000         -5.686310          2.973951      0.371795      0.008856      0.235153      3.199696
      0.117647      0.370467     -1.242309     -1.114584      0.000000         -5.793363          2.917970      0.441877      0.012680      0.235153      3.199696
      0.127451      0.399973     -1.206417     -1.174752      0.000000         -5.918020          2.864848      0.517811      0.017653      0.235153      3.199696
      0.137255      0.429066     -1.168540     -1.241204      0.000000         -6.062332          2.814924      0.599520      0.023994      0.235153      3.199696
      0.147059      0.457681     -1.128474     -1.314421      0.000000         -6.228479          2.768635      0.686918      0.031942      0.235153      3.199696
      0.156863      0.485741     -1.086000     -1.394742      0.000000         -6.418687          2.726531      0.779902      0.041755      0.235153      3.199696
      0.166667      0.513160     -1.040894     -1.482255      0.000000         -6.635103          2.689293      0.878356      0.053708      0.235153      3.199696
      0.176471      0.539841     -0.992933     -1.576642      0.000000         -6.879576          2.657759      0.982142      0.068086      0.235153      3.199696
      0.186275      0.565673     -0.941914     -1.676967      0.000000         -7.153341          2.632942      1.091106      0.085181      0.235153      3.199696
      0.196078      0.590534     -0.887678     -1.781424      0.000000         -7.456558          2.616050      1.205068      0.105280      0.235153      3.199696
      0.205882      0.614287     -0.830136     -1.887052      0.000000         -7.787704          2.608491      1.323823      0.128654      0.235153      3.199696
      0.215686      0.636787     -0.769319     -1.989479      0.000000         -8.142827          2.611873      1.447139      0.155539      0.235153      3.199696
      0.225490      0.657880     -0.705413     -2.082783      0.000000         -8.514740          2.627964      1.574753      0.186120      0.235153      3.199696
      0.235294      0.677413     -0.638818     -2.159619      0.000000         -8.892340          2.658622      1.706373      0.220509      0.235153      3.199696
      0.245098      0.695242     -0.570179     -2.211749      0.000000         -9.260332          2.705677      1.841678      0.258719      0.235153      3.199696
      0.254902      0.711241     -0.500399     -2.231059      0.000000         -9.599732          2.770753      1.980319      0.300657      0.235153      3.199696
      0.264706      0.725318     -0.430617     -2.210987      0.000000         -9.889447          2.855063      2.121924      0.346111      0.235153      3.199696
      0.274510      0.737422     -0.362133     -2.148024      0.000000        -10.108986          2.959176      2.266111      0.394759      0.235153      3.199696
      0.284314      0.747554     -0.296295     -2.042805      0.000000        -10.241851          3.082843      2.412488      0.446193      0.235153      3.199696
      0.294118      0.755767     -0.234360     -1.900324      0.000000        -10.278738          3.224893      2.560672      0.499946      0.235153      3.199696
      0.303922      0.762165     -0.177371     -1.729131      0.000000        -10.219519          3.383277      2.710293      0.555536      0.235153      3.199696
      0.313725      0.766890     -0.126066     -1.539762      0.000000        -10.073323          3.555230      2.861008      0.612495      0.235153      3.199696
      0.323529      0.770113     -0.080845     -1.342966      0.000000         -9.856755          3.737534      3.012504      0.670404      0.235153      3.199696
      0.333333      0.772020     -0.041787     -1.148240      0.000000         -9.590913          3.926819      3.164502      0.728900      0.235153      3.199696
      0.343137      0.772796     -0.008706     -0.962972      0.000000         -9.298166          4.119839      3.316761      0.787689      0.235153      3.199696
      0.352941      0.772624      0.018781     -0.792201      0.000000         -8.999466          4.313679      3.469077      0.846540      0.235153      3.199696
      0.362745      0.771671      0.041178     -0.638815      0.000000         -8.712593          4.505881      3.621280      0.905277      0.235153      3.199696
      0.372549      0.770089      0.059054     -0.503984      0.000000         -8.451356          4.694490      3.773230      0.963773      0.235153      3.199696
      0.382353      0.768010      0.072992     -0.387640      0.000000         -8.225551          4.878044      3.924817      1.021937      0.235153      3.199696
      0.392157      0.765549      0.083559     -0.288919      0.000000         -8.041382          5.055522      4.075956      1.079705      0.235153      3.199696
      0.401961      0.762803      0.091289     -0.206500      0.000000         -7.902103          5.226275      4.226579      1.137037      0.235153      3.199696
      0.411765      0.759854      0.096669     -0.138856      0.000000         -7.808717          5.389953      4.376641      1.193908      0.235153      3.199696
      0.421569      0.756768      0.100138     -0.084416      0.000000         -7.760607          5.546438      4.526106      1.250304      0.235153      3.199696
      0.431373      0.753598      0.102087     -0.041663      0.000000         -7.756070          5.695778      4.674954      1.306221      0.235153      3.199696
      0.441176      0.750386      0.102860     -0.009195      0.000000         -7.792742          5.838138      4.823173      1.361658      0.235153      3.199696
      0.450980      0.747165      0.102758      0.014256      0.000000         -7.867904          5.973762      4.970757      1.416619      0.235153      3.199696
      0.460784      0.743957      0.102048      0.029815      0.000000         -7.978712          6.102935      5.117707      1.471112      0.235153      3.199696
      0.470588      0.740777      0.100960      0.038466      0.000000         -8.122349          6.225965      5.264028      1.525144      0.235153      3.199696
      0.480392      0.737635      0.099698      0.041067      0.000000         -8.296127          6.343164      5.409726      1.578724      0.235153      3.199696
      0.490196      0.734533      0.098439      0.038356      0.000000         -8.497542          6.454830      5.554808      1.631858      0.235153      3.199696
      0.500000      0.731468      0.097340      0.030969      0.000000         -8.724315          6.561246      5.699282      1.684554      0.235153      3.199696
      0.509804      0.728432      0.096539      0.019451      0.000000         -8.974398          6.662664      5.843155      1.736818      0.235153      3.199696
      0.519608      0.725416      0.096158      0.004264      0.000000         -9.245975          6.759311      5.986432      1.788652      0.235153      3.199696
      0.529412      0.722403      0.096306     -0.014195      0.000000         -9.537453          6.851378      6.129116      1.840059      0.235153      3.199696
      0.539216      0.719376      0.097079     -0.035592      0.000000         -9.847447          6.939025      6.271204      1.891035      0.235153      3.199696
      0.549020      0.716315      0.098567     -0.059646      0.000000        -10.174755          7.022377      6.412693      1.941576      0.235153      3.199696
      0.558824      0.713194      0.100847     -0.086119      0.000000        -10.518339          7.101525      6.553573      1.991674      0.235153      3.199696
      0.568627      0.709989      0.103993     -0.114814      0.000000        -10.877297          7.176529      6.693830      2.041317      0.235153      3.199696
      0.578431      0.706672      0.108072     -0.145564      0.000000        -11.250839          7.247418      6.833444      2.090487      0.235153      3.199696
      0.588235      0.703212      0.113145     -0.178234      0.000000        -11.638256          7.314196      6.972391      2.139164      0.235153      3.199696
      0.598039      0.699577      0.119273     -0.212707      0.000000        -12.038890          7.376837      7.110640      2.187322      0.235153      3.199696
      0.607843      0.695735      0.126508     -0.248887      0.000000        -12.452108          7.435296      7.248152      2.234930      0.235153      3.199696
      0.617647      0.691650      0.134905     -0.286691      0.000000        -12.877268          7.489510      7.384884      2.281953      0.235153      3.199696
      0.627451      0.687284      0.144511     -0.326046      0.000000        -13.313690          7.539401      7.520783      2.328348      0.235153      3.199696
      0.637255      0.682602      0.155376     -0.366883      0.000000        -13.760627          7.584881      7.655792      2.374068      0.235153      3.199696
      0.647059      0.677562      0.167544     -0.409133      0.000000        -14.217238          7.625858      7.789843      2.419061      0.235153      3.199696
      0.656863      0.672126      0.181059     -0.452728      0.000000        -14.682565          7.662237      7.922862      2.463268      0.235153      3.199696
      0.666667      0.666251      0.195961     -0.497591      0.000000        -15.155508          7.693929      8.054767      2.506624      0.235153      3.199696
      0.676471      0.659896      0.212290     -0.543638      0.000000        -15.634814          7.720857      8.185468      2.549060      0.235153      3.199696
      0.686275      0.653017      0.230080     -0.590774      0.000000        -16.119068          7.742953      8.314865      2.590502      0.235153      3.199696
      0.696078      0.645573      0.249364     -0.638891      0.000000        -16.606691          7.760170      8.442851      2.630868      0.235153      3.199696
      0.705882      0.637520      0.270172     -0.687869      0.000000        -17.095946          7.772484      8.569311      2.670077      0.235153      3.199696
      0.715686      0.628814      0.292528     -0.737572      0.000000        -17.584955          7.779893      8.694120      2.708041      0.235153      3.199696
      0.725490      0.619413      0.316453     -0.787854      0.000000        -18.071719          7.782422      8.817145      2.744671      0.235153      3.199696
      0.735294      0.609276      0.341962     -0.838555      0.000000        -18.554153          7.780126      8.938245      2.779878      0.235153      3.199696
      0.745098      0.598361      0.369066     -0.889509      0.000000        -19.030123          7.773087      9.057271      2.813573      0.235153      3.199696
      0.754902      0.586631      0.397770     -0.940541      0.000000        -19.497483          7.761414      9.174066      2.845667      0.235153      3.199696
      0.764706      0.574047      0.428074     -0.991476      0.000000        -19.954123          7.745241      9.288466      2.876080      0.235153      3.199696
      0.774510      0.560575      0.459971     -1.042140      0.000000        -20.398015          7.724725      9.400298      2.904733      0.235153      3.199696
      0.784314      0.546185      0.493452     -1.092361      0.000000        -20.827250          7.700043      9.509385      2.931559      0.235153      3.199696
      0.794118      0.530849      0.528499     -1.141980      0.000000        -21.240083          7.671386      9.615543      2.956500      0.235153      3.199696
      0.803922      0.514543      0.565091     -1.190847      0.000000        -21.634958          7.638956      9.718583      2.979512      0.235153      3.199696
      0.813725      0.497247      0.603202     -1.238831      0.000000        -22.010538          7.602961      9.818312      3.000564      0.235153      3.199696
      0.823529      0.478948      0.642804     -1.285816      0.000000        -22.365720          7.563611      9.914533      3.019644      0.235153      3.199696
      0.833333      0.459637      0.683862     -1.331709      0.000000        -22.699642          7.521110     10.007048      3.036759      0.235153      3.199696
      0.843137      0.439310      0.726342     -1.376436      0.000000        -23.011686          7.475657     10.095656      3.051934      0.235153      3.199696
      0.852941      0.417971      0.770206     -1.419950      0.000000        -23.301466          7.427439     10.180158      3.065216      0.235153      3.199696
      0.862745      0.395630      0.815415     -1.462222      0.000000        -23.568820          7.376627     10.260355      3.076675      0.235153      3.199696
      0.872549      0.372303      0.861931     -1.503248      0.000000        -23.813784          7.323376     10.336051      3.086400      0.235153      3.199696
      0.882353      0.348014      0.909715     -1.543048      0.000000        -24.036576          7.267820     10.407054      3.094500      0.235153      3.199696
      0.892157      0.322793      0.958728     -1.581659      0.000000        -24.237568          7.210070     10.473178      3.101102      0.235153      3.199696
      0.901961      0.296678      1.008935     -1.619140      0.000000        -24.417260          7.150216     10.534241      3.106349      0.235153      3.199696
      0.911765      0.269715      1.060301     -1.655570      0.000000        -24.576255          7.088325     10.590073      3.110398      0.235153      3.199696
      0.921569      0.241957      1.112794     -1.691043      0.000000        -24.715232          7.024439     10.640511      3.113411      0.235153      3.199696
      0.931373      0.213464      1.166387     -1.725672      0.000000        -24.834927          6.958577     10.685405      3.115556      0.235153      3.199696
      0.941176      0.184303      1.221054     -1.759584      0.000000        -24.936109          6.890735     10.724615      3.116999      0.235153      3.199696
      0.950980      0.154549      1.276775     -1.792925      0.000000        -25.019565          6.820888     10.758018      3.117902      0.235153      3.199696
      0.960784      0.124284      1.333536     -1.825860      0.000000        -25.086082          6.748990     10.785505      3.118411      0.235153      3.199696
      0.970588      0.093598      1.391326     -1.858591      0.000000        -25.136442          6.674978     10.806983      3.118657      0.235153      3.199696
      0.980392      0.062586      1.450143     -1.891437      0.000000        -25.171414          6.598771     10.822380      3.118751      0.235153      3.199696
      0.990196      0.031350      1.510006     -1.925717      0.000000        -25.191761          6.520274     10.831640      3.118773      0.235153      3.199696
      1.000000     -0.000000      1.570796     -1.940726      0.000000        -25.195670          6.491301     10.834731      3.118774      0.235153      3.199696
