             t             r           psi            cs            qs                 p               sig             A             V            Q2             S
      0.000000      0.000000     -1.570796     -0.341441      0.000000         -3.214855          4.707771      0.000000      0.000000      0.133360      6.763848
      0.009804      0.066306     -1.547693     -0.360832      0.000000         -3.220611          4.540969      0.013814      0.000005      0.133360      6.763848
      0.019608      0.132575     -1.522814     -0.390391      0.000000         -3.242027          4.310172      0.055248      0.000087      0.133360      6.763848
      0.029412      0.198761     -1.495779     -0.426236      0.000000         -3.283177          4.087072      0.124278      0.000452      0.133360      6.763848
      0.039216      0.264805     -1.466086     -0.471092      0.000000         -3.350498          3.869852      0.220857      0.001476      0.133360      6.763848
      0.049020      0.330630     -1.433015     -0.528914      0.000000         -3.453318          3.656939      0.344911      0.003735      0.133360      6.763848
      0.058824      0.396132     -1.395521     -0.605752      0.000000         -3.605517          3.447101      0.496328      0.008055      0.133360      6.763848
      0.068627      0.461164     -1.352051     -0.711143      0.000000         -3.828305          3.239651      0.674944      0.015582      0.133360      6.763848
      0.078431      0.525507     -1.300242     -0.860498      0.000000         -4.154972          3.034854      0.880522      0.027897      0.133360      6.763848
      0.088235      0.588822     -1.236408     -1.079113      0.000000         -4.639056          2.834774      1.112710      0.047186      0.133360      6.763848
      0.098039      0.650547     -1.154703     -1.407994      0.000000         -5.367603          2.645049      1.370971      0.076503      0.133360      6.763848
      0.107843      0.709708     -1.045913     -1.907210      0.000000         -6.477636          2.478726      1.654461      0.120127      0.133360      6.763848
      0.117647      0.764556     -0.896728     -2.630098      0.000000         -8.148346          2.364251      1.961781      0.183843      0.133360      6.763848
      0.127451      0.812048     -0.694002     -3.476134      0.000000        -10.434158          2.359205      2.290554      0.274268      0.133360      6.763848
      0.137255      0.847844     -0.445032     -3.887853      0.000000        -12.662516          2.556828      2.636836      0.395114      0.133360      6.763848
      0.147059      0.868689     -0.203897     -3.196499      0.000000        -13.103073          3.030444      2.994964      0.540882      0.133360      6.763848
      0.156863      0.876115     -0.035840     -1.853120      0.000000        -11.135425          3.719508      3.358836      0.698588      0.133360      6.763848
      0.166667      0.875312      0.047830     -0.748910      0.000000         -8.436473          4.463616      3.723895      0.858457      0.133360      6.763848
      0.176471      0.871041      0.074057     -0.112650      0.000000         -6.478668          5.151801      4.087765      1.017010      0.133360      6.763848
      0.186275      0.866153      0.070265      0.183885      0.000000         -5.570052          5.755391      4.449658      1.173749      0.133360      6.763848
      0.196078      0.862000      0.053956      0.284646      0.000000         -5.492654          6.286243      4.809640      1.328951      0.133360      6.763848
      0.205882      0.859061      0.034751      0.282922      0.000000         -5.957133          6.766111      5.168137      1.483028      0.133360      6.763848
      0.215686      0.857348      0.017479      0.233163      0.000000         -6.732070          7.215155      5.525670      1.636376      0.133360      6.763848
      0.225490      0.856654      0.004188      0.166712      0.000000         -7.653795          7.649134      5.882711      1.789345      0.133360      6.763848
      0.235294      0.856694     -0.004662      0.101350      0.000000         -8.611875          8.079327      6.239626      1.942216      0.133360      6.763848
      0.245098      0.857183     -0.009489      0.046454      0.000000         -9.535572          8.513106      6.596660      2.095185      0.133360      6.763848
      0.254902      0.857882     -0.011142      0.005900      0.000000        -10.384572          8.954616      6.953949      2.248368      0.133360      6.763848
      0.264706      0.858612     -0.010596     -0.020059      0.000000        -11.142299          9.405457      7.311541      2.401811      0.133360      6.763848
      0.274510      0.859259     -0.008762     -0.033366      0.000000        -11.809985          9.865380      7.669422      2.555504      0.133360      6.763848
      0.284314      0.859763     -0.006384     -0.037028      0.000000        -12.400765         10.332970      8.027545      2.709407      0.133360      6.763848
      0.294118      0.860106     -0.003993     -0.034262      0.000000        -12.934000         10.806242      8.385844      2.863464      0.133360      6.763848
      0.303922      0.860299     -0.001918     -0.027929      0.000000        -13.430447         11.283123      8.744254      3.017618      0.133360      6.763848
      0.313725      0.860371     -0.000318     -0.020255      0.000000        -13.908816         11.761771      9.102718      3.171819      0.133360      6.763848
      0.323529      0.860353      0.000772     -0.012765      0.000000        -14.383841         12.240746      9.461192      3.326029      0.133360      6.763848
      0.333333      0.860279      0.001399     -0.006357      0.000000        -14.865656         12.719058      9.819646      3.480221      0.133360      6.763848
      0.343137      0.860176      0.001649     -0.001433      0.000000        -15.360096         13.196136     10.178062      3.634381      0.133360      6.763848
      0.352941      0.860066      0.001623      0.001950      0.000000        -15.869481         13.671751     10.536433      3.788502      0.133360      6.763848
      0.362745      0.859964      0.001421      0.003946      0.000000        -16.393585         14.145922     10.894759      3.942584      0.133360      6.763848
      0.372549      0.859880      0.001125      0.004818      0.000000        -16.930564         14.618827     11.253047      4.096634      0.133360      6.763848
      0.382353      0.859816      0.000800      0.004863      0.000000        -17.477733         15.090730     11.611304      4.250656      0.133360      6.763848
      0.392157      0.859773      0.000492      0.004361      0.000000        -18.032158         15.561918     11.969538      4.404660      0.133360      6.763848
      0.401961      0.859750      0.000228      0.003555      0.000000        -18.591061         16.032664     12.327759      4.558652      0.133360      6.763848
      0.411765      0.859742      0.000023      0.002634      0.000000        -19.152068         16.503203     12.685973      4.712638      0.133360      6.763848
      0.421569      0.859745     -0.000122      0.001732      0.000000        -19.713326         16.973717     13.044187      4.866624      0.133360      6.763848
      0.431373      0.859757     -0.000209      0.000936      0.000000        -20.273530         17.444335     13.402404      5.020613      0.133360      6.763848
      0.441176      0.859772     -0.000249      0.000290      0.000000        -20.831880         17.915135     13.760626      5.174606      0.133360      6.763848
      0.450980      0.859789     -0.000251     -0.000191      0.000000        -21.388008         18.386155     14.118855      5.328605      0.133360      6.763848
      0.460784      0.859805     -0.000227     -0.000514      0.000000        -21.941883         18.857397     14.477091      5.482610      0.133360      6.763848
      0.470588      0.859819     -0.000186     -0.000702      0.000000        -22.493714         19.328841     14.835334      5.636621      0.133360      6.763848
      0.480392      0.859829     -0.000136     -0.000784      0.000000        -23.043865         19.800450     15.193581      5.790636      0.133360      6.763848
      0.490196      0.859837     -0.000084     -0.000789      0.000000        -23.592783         20.272181     15.551833      5.944654      0.133360      6.763848
      0.500000      0.859840     -0.000033     -0.000749      0.000000        -24.140938         20.743986     15.910086      6.098674      0.133360      6.763848
      0.509804      0.859841      0.000015     -0.000692      0.000000        -24.688793         21.215822     16.268341      6.252695      0.133360      6.763848
      0.519608      0.859839      0.000059     -0.000639      0.000000        -25.236782         21.687644     16.626595      6.406716      0.133360      6.763848
      0.529412      0.859833      0.000100     -0.000611      0.000000        -25.785303         22.159414     16.984847      6.560735      0.133360      6.763848
      0.539216      0.859825      0.000141     -0.000626      0.000000        -26.334732         22.631094     17.343097      6.714752      0.133360      6.763848
      0.549020      0.859814      0.000185     -0.000697      0.000000        -26.885441         23.102648     17.701343      6.868765      0.133360      6.763848
      0.558824      0.859801      0.000235     -0.000840      0.000000        -27.437824         23.574037     18.059584      7.022774      0.133360      6.763848
      0.568627      0.859783      0.000298     -0.001070      0.000000        -27.992343         24.045216     18.417818      7.176778      0.133360      6.763848
      0.578431      0.859761      0.000379     -0.001408      0.000000        -28.549568         24.516128     18.776044      7.330774      0.133360      6.763848
      0.588235      0.859732      0.000487     -0.001877      0.000000        -29.110238         24.986700     19.134259      7.484761      0.133360      6.763848
      0.598039      0.859695      0.000632     -0.002509      0.000000        -29.675331         25.456835     19.492461      7.638737      0.133360      6.763848
      0.607843      0.859647      0.000825     -0.003348      0.000000        -30.246150         25.926404     19.850645      7.792698      0.133360      6.763848
      0.617647      0.859584      0.001082     -0.004450      0.000000        -30.824426         26.395236     20.208806      7.946638      0.133360      6.763848
      0.627451      0.859502      0.001422     -0.005890      0.000000        -31.412456         26.863103     20.566938      8.100553      0.133360      6.763848
      0.637255      0.859393      0.001872     -0.007763      0.000000        -32.013265         27.329702     20.925029      8.254434      0.133360      6.763848
      0.647059      0.859251      0.002464     -0.010195      0.000000        -32.630814         27.794638     21.283069      8.408270      0.133360      6.763848
      0.656863      0.859063      0.003240     -0.013347      0.000000        -33.270256         28.257393     21.641040      8.562047      0.133360      6.763848
      0.666667      0.858815      0.004255     -0.017421      0.000000        -33.938242         28.717293     21.998921      8.715746      0.133360      6.763848
      0.676471      0.858491      0.005577     -0.022677      0.000000        -34.643298         29.173468     22.356684      8.869342      0.133360      6.763848
      0.686275      0.858067      0.007296     -0.029439      0.000000        -35.396249         29.624800     22.714292      9.022804      0.133360      6.763848
      0.696078      0.857513      0.009523     -0.038108      0.000000        -36.210683         30.069862     23.071697      9.176090      0.133360      6.763848
      0.705882      0.856790      0.012403     -0.049175      0.000000        -37.103423         30.506853     23.428837      9.329146      0.133360      6.763848
      0.715686      0.855850      0.016111     -0.063231      0.000000        -38.094920         30.933517     23.785633      9.481900      0.133360      6.763848
      0.725490      0.854630      0.020870     -0.080975      0.000000        -39.209451         31.347070     24.141981      9.634260      0.133360      6.763848
      0.735294      0.853053      0.026949     -0.103202      0.000000        -40.474935         31.744137     24.497750      9.786108      0.133360      6.763848
      0.745098      0.851020      0.034675     -0.130788      0.000000        -41.922085         32.120707     24.852771      9.937289      0.133360      6.763848
      0.754902      0.848410      0.044434     -0.164641      0.000000        -43.582598         32.472149     25.206828     10.087606      0.133360      6.763848
      0.764706      0.845074      0.056669     -0.205625      0.000000        -45.486064         32.793303     25.559653     10.236804      0.133360      6.763848
      0.774510      0.840833      0.071878     -0.254443      0.000000        -47.655429         33.078689     25.910907     10.384560      0.133360      6.763848
      0.784314      0.835473      0.090596     -0.311492      0.000000        -50.101237         33.322851     26.260168     10.530464      0.133360      6.763848
      0.794118      0.828746      0.113370     -0.376703      0.000000        -52.815433         33.520837     26.606920     10.674008      0.133360      6.763848
      0.803922      0.820370      0.140722     -0.449407      0.000000        -55.766245         33.668779     26.950536     10.814562      0.133360      6.763848
      0.813725      0.810037      0.173109     -0.528261      0.000000        -58.896095         33.764465     27.290266     10.951372      0.133360      6.763848
      0.823529      0.797414      0.210876     -0.611299      0.000000        -62.124281         33.807792     27.625225     11.083549      0.133360      6.763848
      0.833333      0.782163      0.254222     -0.696111      0.000000        -65.354950         33.800936     27.954389     11.210084      0.133360      6.763848
      0.843137      0.763952      0.303179     -0.780129      0.000000        -68.489010         33.748199     28.276594     11.329876      0.133360      6.763848
      0.852941      0.742469      0.357615     -0.860947      0.000000        -71.437001         33.655511     28.590539     11.441778      0.133360      6.763848
      0.862745      0.717445      0.417247     -0.936603      0.000000        -74.129467         33.529731     28.894804     11.544667      0.133360      6.763848
      0.872549      0.688661      0.481687     -1.005743      0.000000        -76.522460         33.377899     29.187867     11.637530      0.133360      6.763848
      0.882353      0.655964      0.550473     -1.067657      0.000000        -78.597710         33.206595     29.468125     11.719553      0.133360      6.763848
      0.892157      0.619272      0.623121     -1.122211      0.000000        -80.358683         33.021492     29.733929     11.790206      0.133360      6.763848
      0.901961      0.578579      0.699150     -1.169711      0.000000        -81.824556         32.827130     29.983611     11.849315      0.133360      6.763848
      0.911765      0.533955      0.778111     -1.210753      0.000000        -83.023947         32.626865     30.215515     11.897102      0.133360      6.763848
      0.921569      0.485545      0.859599     -1.246092      0.000000        -83.989621         32.422945     30.428032     11.934199      0.133360      6.763848
      0.931373      0.433564      0.943265     -1.276536      0.000000        -84.754634         32.216639     30.619626     11.961614      0.133360      6.763848
      0.941176      0.378292      1.028809     -1.302885      0.000000        -85.349912         32.008396     30.788865     11.980670      0.133360      6.763848
      0.950980      0.320070      1.115985     -1.325886      0.000000        -85.802973         31.797988     30.934448     11.992909      0.133360      6.763848
      0.960784      0.259290      1.204595     -1.346223      0.000000        -86.137458         31.584641     31.055225     11.999970      0.133360      6.763848
      0.970588      0.196393      1.294482     -1.364510      0.000000        -86.373162         31.367135     31.150221     12.003453      0.133360      6.763848
      0.980392      0.131863      1.385529     -1.381303      0.000000        -86.526365         31.143892     31.218653     12.004788      0.133360      6.763848
      0.990196      0.066216      1.477655     -1.397152      0.000000        -86.610313         30.913053     31.259948     12.005103      0.133360      6.763848
      1.000000     -0.000000      1.570796     -1.408851      0.000000        -86.633754         30.746247     31.273752     12.005124      0.133360      6.763848
