             t             r           psi            cs            qs                 p               sig             A             V            Q2             S
      0.000000      0.000000     -1.570796      0.375550      0.000000         -1.499026          1.995773      0.000000      0.000000     -0.741564      3.813815
      0.009804      0.037389     -1.556624      0.389839      0.000000         -1.500339          1.951348      0.004392      0.000001     -0.741564      3.813815
      0.019608      0.074770     -1.541516      0.418691      0.000000         -1.506194          1.858950      0.017567      0.000009     -0.741564      3.813815
      0.029412      0.112134     -1.525268      0.451168      0.000000         -1.516787          1.769785      0.039522      0.000049     -0.741564      3.813815
      0.039216      0.149469     -1.507715      0.488677      0.000000         -1.532937          1.683741      0.070252      0.000161     -0.741564      3.813815
      0.049020      0.186761     -1.488646      0.532443      0.000000         -1.555635          1.600750      0.109749      0.000404     -0.741564      3.813815
      0.058824      0.223991     -1.467802      0.583937      0.000000         -1.586094          1.520793      0.157999      0.000866     -0.741564      3.813815
      0.068627      0.261137     -1.444860      0.644985      0.000000         -1.625809          1.443915      0.214987      0.001660     -0.741564      3.813815
      0.078431      0.298168     -1.419422      0.717861      0.000000         -1.676630          1.370239      0.280688      0.002934     -0.741564      3.813815
      0.088235      0.335048     -1.390996      0.805379      0.000000         -1.740851          1.299983      0.355072      0.004881     -0.741564      3.813815
      0.098039      0.371724     -1.358971      0.910963      0.000000         -1.821309          1.233484      0.438098      0.007741     -0.741564      3.813815
      0.107843      0.408131     -1.322598      1.038667      0.000000         -1.921504          1.171237      0.529710      0.011819     -0.741564      3.813815
      0.117647      0.444179     -1.280966      1.193049      0.000000         -2.045697          1.113935      0.629835      0.017495     -0.741564      3.813815
      0.127451      0.479747     -1.232990      1.378751      0.000000         -2.198970          1.062525      0.738375      0.025239     -0.741564      3.813815
      0.137255      0.514671     -1.177424      1.599520      0.000000         -2.387135          1.018281      0.855199      0.035625     -0.741564      3.813815
      0.147059      0.548731     -1.112925      1.856321      0.000000         -2.616340          0.982889      0.980131      0.049339     -0.741564      3.813815
      0.156863      0.581638     -1.038215      2.144226      0.000000         -2.892093          0.958533      1.112936      0.067173     -0.741564      3.813815
      0.166667      0.613015     -0.952372      2.448207      0.000000         -3.217328          0.947961      1.253301      0.089986     -0.741564      3.813815
      0.176471      0.642402     -0.855291      2.739254      0.000000         -3.589259          0.954484      1.400812      0.118623     -0.741564      3.813815
      0.186275      0.669277     -0.748224      2.974265      0.000000         -3.995317          0.981813      1.554944      0.153773     -0.741564      3.813815
      0.196078      0.693110     -0.634190      3.104043      0.000000         -4.409869          1.033659      1.715041      0.195793     -0.741564      3.813815
      0.205882      0.713465     -0.517905      3.090139      0.000000         -4.794904          1.113039      1.880336      0.244554     -0.741564      3.813815
      0.215686      0.730087     -0.405036      2.922727      0.000000         -5.107495          1.221421      2.049977      0.299395     -0.741564      3.813815
      0.225490      0.742975     -0.300956      2.626655      0.000000         -5.312756          1.358032      2.223082      0.359239     -0.741564      3.813815
      0.235294      0.752371     -0.209612      2.250495      0.000000         -5.395713          1.519691      2.398798      0.422824     -0.741564      3.813815
      0.245098      0.758697     -0.132997      1.847080      0.000000         -5.365070          1.701312      2.576351      0.488936     -0.741564      3.813815
      0.254902      0.762464     -0.071297      1.458291      0.000000         -5.247665          1.896863      2.755080      0.556566     -0.741564      3.813815
      0.264706      0.764193     -0.023439      1.109607      0.000000         -5.078295          2.100364      2.934444      0.624956     -0.741564      3.813815
      0.274510      0.764367      0.012321      0.812051      0.000000         -4.890552          2.306620      3.114023      0.693586     -0.741564      3.813815
      0.284314      0.763398      0.037942      0.566909      0.000000         -4.711461          2.511576      3.293501      0.762118     -0.741564      3.813815
      0.294118      0.761633      0.055319      0.370156      0.000000         -4.559810          2.712370      3.472652      0.830349     -0.741564      3.813815
      0.303922      0.759345      0.066148      0.215542      0.000000         -4.446794          2.907188      3.651321      0.898163     -0.741564      3.813815
      0.313725      0.756753      0.071879      0.096377      0.000000         -4.377647          3.095056      3.829414      0.965503     -0.741564      3.813815
      0.323529      0.754023      0.073719      0.006416      0.000000         -4.353405          3.275618      4.006879      1.032353     -0.741564      3.813815
      0.333333      0.751281      0.072655     -0.059798      0.000000         -4.372405          3.448949      4.183700      1.098715     -0.741564      3.813815
      0.343137      0.748621      0.069486     -0.106861      0.000000         -4.431418          3.615403      4.359884      1.164612     -0.741564      3.813815
      0.352941      0.746107      0.064855     -0.138577      0.000000         -4.526432          3.775504      4.535459      1.230071     -0.741564      3.813815
      0.362745      0.743786      0.059275     -0.158058      0.000000         -4.653169          3.929864      4.710465      1.295129     -0.741564      3.813815
      0.372549      0.741684      0.053155     -0.167844      0.000000         -4.807400          4.079133      4.884952      1.359824     -0.741564      3.813815
      0.382353      0.739816      0.046818     -0.170003      0.000000         -4.985128          4.223956      5.058972      1.424194     -0.741564      3.813815
      0.392157      0.738184      0.040516     -0.166224      0.000000         -5.182684          4.364954      5.232581      1.488280     -0.741564      3.813815
      0.401961      0.736784      0.034445     -0.157886      0.000000         -5.396767          4.502710      5.405834      1.552119     -0.741564      3.813815
      0.411765      0.735604      0.028752     -0.146113      0.000000         -5.624453          4.637758      5.578784      1.615748     -0.741564      3.813815
      0.421569      0.734628      0.023550     -0.131825      0.000000         -5.863188          4.770577      5.751482      1.679201     -0.741564      3.813815
      0.431373      0.733836      0.018916     -0.115767      0.000000         -6.110772          4.901591      5.923972      1.742509     -0.741564      3.813815
      0.441176      0.733206      0.014907     -0.098543      0.000000         -6.365334          5.031171      6.096295      1.805701     -0.741564      3.813815
      0.450980      0.732713      0.011556     -0.080631      0.000000         -6.625317          5.159627      6.268487      1.868799     -0.741564      3.813815
      0.460784      0.732333      0.008881     -0.062405      0.000000         -6.889456          5.287217      6.440577      1.931825     -0.741564      3.813815
      0.470588      0.732040      0.006889     -0.044148      0.000000         -7.156763          5.414143      6.612588      1.994795     -0.741564      3.813815
      0.480392      0.731809      0.005578     -0.026063      0.000000         -7.426513          5.540556      6.784539      2.057721     -0.741564      3.813815
      0.490196      0.731615      0.004937     -0.008284      0.000000         -7.698234          5.666552      6.956440      2.120611     -0.741564      3.813815
      0.500000      0.731432      0.004953      0.009120      0.000000         -7.971691          5.792182      7.128297      2.183469     -0.741564      3.813815
      0.509804      0.731236      0.005614      0.026130      0.000000         -8.246880          5.917445      7.300110      2.246295     -0.741564      3.813815
      0.519608      0.731004      0.006903      0.042778      0.000000         -8.524020          6.042292      7.471874      2.309083     -0.741564      3.813815
      0.529412      0.730713      0.008809      0.059135      0.000000         -8.803539          6.166632      7.643576      2.371827     -0.741564      3.813815
      0.539216      0.730338      0.011323      0.075309      0.000000         -9.086066          6.290328      7.815200      2.434513     -0.741564      3.813815
      0.549020      0.729858      0.014440      0.091440      0.000000         -9.372417          6.413201      7.986725      2.497123     -0.741564      3.813815
      0.558824      0.729251      0.018162      0.107691      0.000000         -9.663581          6.535031      8.158122      2.559638     -0.741564      3.813815
      0.568627      0.728493      0.022497      0.124248      0.000000         -9.960704          6.655561      8.329360      2.622031     -0.741564      3.813815
      0.578431      0.727561      0.027460      0.141313      0.000000        -10.265063          6.774497      8.500399      2.684274     -0.741564      3.813815
      0.588235      0.726431      0.033074      0.159099      0.000000        -10.578049          6.891510      8.671196      2.746331     -0.741564      3.813815
      0.598039      0.725079      0.039369      0.177827      0.000000        -10.901132          7.006240      8.841703      2.808165     -0.741564      3.813815
      0.607843      0.723479      0.046386      0.197720      0.000000        -11.235829          7.118298      9.011863      2.869732     -0.741564      3.813815
      0.617647      0.721602      0.054172      0.219000      0.000000        -11.583666          7.227270      9.181616      2.930984     -0.741564      3.813815
      0.627451      0.719420      0.062783      0.241884      0.000000        -11.946132          7.332720      9.350892      2.991865     -0.741564      3.813815
      0.637255      0.716899      0.072283      0.266576      0.000000        -12.324628          7.434196      9.519617      3.052315     -0.741564      3.813815
      0.647059      0.714007      0.082743      0.293266      0.000000        -12.720413          7.531235      9.687706      3.112267     -0.741564      3.813815
      0.656863      0.710706      0.094241      0.322124      0.000000        -13.134543          7.623369      9.855069      3.171648     -0.741564      3.813815
      0.666667      0.706957      0.106860      0.353292      0.000000        -13.567808          7.710132     10.021604      3.230376     -0.741564      3.813815
      0.676471      0.702716      0.120690      0.386882      0.000000        -14.020665          7.791068     10.187202      3.288363     -0.741564      3.813815
      0.686275      0.697937      0.135823      0.422972      0.000000        -14.493177          7.865741     10.351741      3.345509     -0.741564      3.813815
      0.696078      0.692573      0.152352      0.461596      0.000000        -14.984960          7.933744     10.515089      3.401710     -0.741564      3.813815
      0.705882      0.686571      0.170373      0.502746      0.000000        -15.495126          7.994708     10.677104      3.456850     -0.741564      3.813815
      0.715686      0.679875      0.189978      0.546365      0.000000        -16.022257          8.048311     10.837628      3.510805     -0.741564      3.813815
      0.725490      0.672430      0.211260      0.592347      0.000000        -16.564387          8.094291     10.996492      3.563443     -0.741564      3.813815
      0.735294      0.664174      0.234302      0.640535      0.000000        -17.119010          8.132449     11.153513      3.614622     -0.741564      3.813815
      0.745098      0.655048      0.259184      0.690725      0.000000        -17.683112          8.162660     11.308493      3.664195     -0.741564      3.813815
      0.754902      0.644988      0.285977      0.742668      0.000000        -18.253230          8.184874     11.461221      3.712009     -0.741564      3.813815
      0.764706      0.633931      0.314740      0.796075      0.000000        -18.825536          8.199120     11.611469      3.757906     -0.741564      3.813815
      0.774510      0.621817      0.345522      0.850628      0.000000        -19.395943          8.205508     11.758998      3.801730     -0.741564      3.813815
      0.784314      0.608584      0.378360      0.905984      0.000000        -19.960232          8.204217     11.903549      3.843324     -0.741564      3.813815
      0.794118      0.594175      0.413278      0.961789      0.000000        -20.514176          8.195500     12.044855      3.882540     -0.741564      3.813815
      0.803922      0.578534      0.450285      1.017690      0.000000        -21.053682          8.179666     12.182632      3.919238     -0.741564      3.813815
      0.813725      0.561613      0.489378      1.073343      0.000000        -21.574908          8.157071     12.316586      3.953296     -0.741564      3.813815
      0.823529      0.543368      0.530543      1.128425      0.000000        -22.074378          8.128111     12.446409      3.984610     -0.741564      3.813815
      0.833333      0.523763      0.573752      1.182643      0.000000        -22.549069          8.093202     12.571786      4.013102     -0.741564      3.813815
      0.843137      0.502770      0.618968      1.235741      0.000000        -22.996467          8.052770     12.692396      4.038727     -0.741564      3.813815
      0.852941      0.480371      0.666145      1.287509      0.000000        -23.414608          8.007239     12.807908      4.061473     -0.741564      3.813815
      0.862745      0.456558      0.715230      1.337780      0.000000        -23.802075          7.957015     12.917993      4.081365     -0.741564      3.813815
      0.872549      0.431334      0.766165      1.386439      0.000000        -24.157990          7.902481     13.022317      4.098472     -0.741564      3.813815
      0.882353      0.404714      0.818888      1.433417      0.000000        -24.481966          7.843986     13.120550      4.112904     -0.741564      3.813815
      0.892157      0.376726      0.873336      1.478694      0.000000        -24.774059          7.781837     13.212369      4.124812     -0.741564      3.813815
      0.901961      0.347412      0.929445      1.522293      0.000000        -25.034705          7.716296     13.297455      4.134388     -0.741564      3.813815
      0.911765      0.316826      0.987154      1.564278      0.000000        -25.264647          7.647576     13.375505      4.141857     -0.741564      3.813815
      0.921569      0.285036      1.046404      1.604750      0.000000        -25.464873          7.575838     13.446225      4.147472     -0.741564      3.813815
      0.931373      0.252123      1.107141      1.643845      0.000000        -25.636545          7.501192     13.509344      4.151507     -0.741564      3.813815
      0.941176      0.218184      1.169316      1.681729      0.000000        -25.780944          7.423699     13.564608      4.154246     -0.741564      3.813815
      0.950980      0.183327      1.232889      1.718598      0.000000        -25.899417          7.343370     13.611788      4.155970     -0.741564      3.813815
      0.960784      0.147675      1.297824      1.754675      0.000000        -25.993333          7.260170     13.650684      4.156949     -0.741564      3.813815
      0.970588      0.111363      1.364098      1.790222      0.000000        -26.064051          7.174024     13.681123      4.157427     -0.741564      3.813815
      0.980392      0.074538      1.431696      1.825591      0.000000        -26.112900          7.084820     13.702969      4.157609     -0.741564      3.813815
      0.990196      0.037360      1.500625      1.861790      0.000000        -26.141179          6.992413     13.716118      4.157651     -0.741564      3.813815
      1.000000      0.000000      1.570796      1.881499      0.000000        -26.147656          6.948624     13.720508      4.157654     -0.741564      3.813815
