             t             r           psi            cs            qs                 p               sig             A             V            Q2             S
      0.000000     -0.000000     -1.570796     -0.862870      0.000000        -43.476726         25.193086      0.000000      0.000000      0.110656      5.585680
      0.009804      0.054741     -1.523414     -0.870066      0.000000        -43.486251         25.059616      0.009419      0.000006      0.110656      5.585680
      0.019608      0.109358     -1.475476     -0.880813      0.000000        -43.522042         24.853734      0.037656      0.000098      0.110656      5.585680
      0.029412      0.163724     -1.426930     -0.892328      0.000000        -43.587366         24.653322      0.084646      0.000496      0.110656      5.585680
      0.039216      0.217705     -1.377725     -0.904961      0.000000        -43.687946         24.457101      0.150279      0.001566      0.110656      5.585680
      0.049020      0.271165     -1.327789     -0.919068      0.000000        -43.831026         24.263867      0.234401      0.003817      0.110656      5.585680
      0.058824      0.323962     -1.277031     -0.935083      0.000000        -44.025874         24.072504      0.336807      0.007889      0.110656      5.585680
      0.068627      0.375946     -1.225331     -0.953549      0.000000        -44.284434         23.882006      0.457243      0.014547      0.110656      5.585680
      0.078431      0.426961     -1.172538     -0.975155      0.000000        -44.622188         23.691512      0.595404      0.024665      0.110656      5.585680
      0.088235      0.476840     -1.118456     -1.000787      0.000000        -45.059308         23.500372      0.750928      0.039208      0.110656      5.585680
      0.098039      0.525407     -1.062835     -1.031588      0.000000        -45.622179         23.308240      0.923393      0.059215      0.110656      5.585680
      0.107843      0.572467     -1.005352     -1.069036      0.000000        -46.345354         23.115250      1.112316      0.085776      0.110656      5.585680
      0.117647      0.617808     -0.945595     -1.115036      0.000000        -47.273898         22.922290      1.317142      0.120003      0.110656      5.585680
      0.127451      0.661188     -0.883030     -1.171993      0.000000        -48.465794         22.731468      1.537238      0.163002      0.110656      5.585680
      0.137255      0.702334     -0.816982     -1.242800      0.000000        -49.993207         22.546882      1.771885      0.215834      0.110656      5.585680
      0.147059      0.740924     -0.746605     -1.330569      0.000000        -51.939394         22.375882      2.020260      0.279467      0.110656      5.585680
      0.156863      0.776580     -0.670899     -1.437671      0.000000        -54.383375         22.231078      2.281419      0.354713      0.110656      5.585680
      0.166667      0.808852     -0.588805     -1.563236      0.000000        -57.355503         22.133302      2.554278      0.442130      0.110656      5.585680
      0.176471      0.837221     -0.499513     -1.697817      0.000000        -60.735245         22.115266      2.837586      0.541890      0.110656      5.585680
      0.186275      0.861124     -0.403162     -1.814692      0.000000        -64.068443         22.223916      3.129903      0.653587      0.110656      5.585680
      0.196078      0.880038     -0.302003     -1.863027      0.000000        -66.374799         22.515848      3.429599      0.776037      0.110656      5.585680
      0.205882      0.893654     -0.201536     -1.779903      0.000000        -66.261209         23.037317      3.734895      0.907178      0.110656      5.585680
      0.215686      0.902088     -0.110069     -1.534862      0.000000        -62.727233         23.790113      4.043974      1.044298      0.110656      5.585680
      0.225490      0.905982     -0.035638     -1.170891      0.000000        -56.192589         24.711282      4.355149      1.184618      0.110656      5.585680
      0.235294      0.906375      0.017696     -0.780206      0.000000        -48.396883         25.697521      4.667028      1.325945      0.110656      5.585680
      0.245098      0.904416      0.050762     -0.439831      0.000000        -41.158164         26.655238      4.978605      1.466922      0.110656      5.585680
      0.254902      0.901119      0.067387     -0.181584      0.000000        -35.480599         27.530013      5.289253      1.606899      0.110656      5.585680
      0.264706      0.897258      0.072125     -0.003773      0.000000        -31.570378         28.304535      5.598650      1.745660      0.110656      5.585680
      0.274510      0.893369      0.068993      0.108745      0.000000        -29.214189         28.983763      5.906702      1.883211      0.110656      5.585680
      0.284314      0.889793      0.061100      0.172690      0.000000        -28.075485         29.582128      6.213462      2.019664      0.110656      5.585680
      0.294118      0.886726      0.050708      0.202075      0.000000        -27.834031         30.116255      6.519075      2.155176      0.110656      5.585680
      0.303922      0.884259      0.039403      0.207562      0.000000        -28.228615         30.601735      6.823735      2.289917      0.110656      5.585680
      0.313725      0.882409      0.028266      0.197008      0.000000        -29.058521         31.052049      7.127653      2.424062      0.110656      5.585680
      0.323529      0.881147      0.018012      0.176189      0.000000        -30.172433         31.478432      7.431036      2.557777      0.110656      5.585680
      0.333333      0.880412      0.009078      0.149391      0.000000        -31.456183         31.890074      7.734078      2.691215      0.110656      5.585680
      0.343137      0.880124      0.001700      0.119837      0.000000        -32.822864         32.294388      8.036947      2.824511      0.110656      5.585680
      0.352941      0.880196     -0.004041      0.089964      0.000000        -34.205822         32.697254      8.339781      2.957778      0.110656      5.585680
      0.362745      0.880538     -0.008181      0.061594      0.000000        -35.554089         33.103205      8.642688      3.091107      0.110656      5.585680
      0.372549      0.881065     -0.010839      0.036043      0.000000        -36.829622         33.515579      8.945747      3.224566      0.110656      5.585680
      0.382353      0.881701     -0.012196      0.014186      0.000000        -38.005676         33.936633      9.249009      3.358201      0.110656      5.585680
      0.392157      0.882381     -0.012469     -0.003493      0.000000        -39.065800         34.367659      9.552498      3.492036      0.110656      5.585680
      0.401961      0.883051     -0.011892     -0.016853      0.000000        -40.002963         34.809098      9.856222      3.626077      0.110656      5.585680
      0.411765      0.883672     -0.010700     -0.026045      0.000000        -40.818550         35.260679     10.160168      3.760316      0.110656      5.585680
      0.421569      0.884216     -0.009109     -0.031453      0.000000        -41.521034         35.721561     10.464315      3.894735      0.110656      5.585680
      0.431373      0.884666     -0.007314     -0.033621      0.000000        -42.124336         36.190500     10.768634      4.029308      0.110656      5.585680
      0.441176      0.885016     -0.005474     -0.033187      0.000000        -42.645992         36.666005     11.073090      4.164004      0.110656      5.585680
      0.450980      0.885267     -0.003714     -0.030819      0.000000        -43.105296         37.146484     11.377650      4.298793      0.110656      5.585680
      0.460784      0.885426     -0.002123     -0.027158      0.000000        -43.521615         37.630372     11.682279      4.433645      0.110656      5.585680
      0.470588      0.885503     -0.000753     -0.022782      0.000000        -43.913041         38.116227     11.986950      4.568533      0.110656      5.585680
      0.480392      0.885513      0.000369     -0.018178      0.000000        -44.295432         38.602796     12.291634      4.703434      0.110656      5.585680
      0.490196      0.885468      0.001241     -0.013734      0.000000        -44.681885         39.089044     12.596313      4.838330      0.110656      5.585680
      0.500000      0.885381      0.001881     -0.009737      0.000000        -45.082577         39.574168     12.900968      4.973204      0.110656      5.585680
      0.509804      0.885265      0.002319     -0.006386      0.000000        -45.504906         40.057580     13.205588      5.108048      0.110656      5.585680
      0.519608      0.885130      0.002594     -0.003801      0.000000        -45.953837         40.538884     13.510165      5.242853      0.110656      5.585680
      0.529412      0.884983      0.002750     -0.002044      0.000000        -46.432380         41.017833     13.814693      5.377615      0.110656      5.585680
      0.539216      0.884830      0.002834     -0.001135      0.000000        -46.942129         41.494292     14.119169      5.512331      0.110656      5.585680
      0.549020      0.884673      0.002890     -0.001068      0.000000        -47.483819         41.968194     14.423592      5.647000      0.110656      5.585680
      0.558824      0.884513      0.002966     -0.001825      0.000000        -48.057863         42.439496     14.727960      5.781621      0.110656      5.585680
      0.568627      0.884347      0.003105     -0.003392      0.000000        -48.664867         42.908141     15.032273      5.916192      0.110656      5.585680
      0.578431      0.884171      0.003352     -0.005770      0.000000        -49.306115         43.374014     15.336526      6.050711      0.110656      5.585680
      0.588235      0.883978      0.003752     -0.008984      0.000000        -49.984020         43.836907     15.640717      6.185174      0.110656      5.585680
      0.598039      0.883757      0.004352     -0.013096      0.000000        -50.702564         44.296483     15.944836      6.319574      0.110656      5.585680
      0.607843      0.883496      0.005205     -0.018208      0.000000        -51.467713         44.752234     16.248873      6.453900      0.110656      5.585680
      0.617647      0.883181      0.006368     -0.024474      0.000000        -52.287832         45.203446     16.552811      6.588139      0.110656      5.585680
      0.627451      0.882792      0.007910     -0.032108      0.000000        -53.174079         45.649159     16.856629      6.722270      0.110656      5.585680
      0.637255      0.882306      0.009914     -0.041385      0.000000        -54.140773         46.088118     17.160297      6.856267      0.110656      5.585680
      0.647059      0.881696      0.012479     -0.052652      0.000000        -55.205697         46.518737     17.463778      6.990096      0.110656      5.585680
      0.656863      0.880927      0.015725     -0.066324      0.000000        -56.390267         46.939046     17.767022      7.123711      0.110656      5.585680
      0.666667      0.879959      0.019796     -0.082889      0.000000        -57.719493         47.346659     18.069969      7.257057      0.110656      5.585680
      0.676471      0.878741      0.024866     -0.102895      0.000000        -59.221571         47.738738     18.372541      7.390060      0.110656      5.585680
      0.686275      0.877214      0.031139     -0.126937      0.000000        -60.926955         48.111986     18.674642      7.522632      0.110656      5.585680
      0.696078      0.875305      0.038853     -0.155622      0.000000        -62.866710         48.462671     18.976155      7.654659      0.110656      5.585680
      0.705882      0.872928      0.048278     -0.189530      0.000000        -65.069974         48.786698     19.276933      7.785999      0.110656      5.585680
      0.715686      0.869983      0.059715     -0.229146      0.000000        -67.560462         49.079739     19.576799      7.916477      0.110656      5.585680
      0.725490      0.866350      0.073485     -0.274785      0.000000        -70.352133         49.337452     19.875537      8.045876      0.110656      5.585680
      0.735294      0.861894      0.089922     -0.326509      0.000000        -73.444468         49.555761     20.172887      8.173934      0.110656      5.585680
      0.745098      0.856461      0.109352     -0.384045      0.000000        -76.818167         49.731210     20.468541      8.300328      0.110656      5.585680
      0.754902      0.849882      0.132078     -0.446736      0.000000        -80.432390         49.861330     20.762133      8.424677      0.110656      5.585680
      0.764706      0.841974      0.158355     -0.513526      0.000000        -84.224707         49.944973     21.053238      8.546528      0.110656      5.585680
      0.774510      0.832546      0.188370     -0.583018      0.000000        -88.114525         49.982544     21.341366      8.665363      0.110656      5.585680
      0.784314      0.821400      0.222228     -0.653585      0.000000        -92.009943         49.976061     21.625961      8.780595      0.110656      5.585680
      0.794118      0.808343      0.259941     -0.723524      0.000000        -95.816940         49.929026     21.906397      8.891580      0.110656      5.585680
      0.803922      0.793190      0.301430     -0.791232      0.000000        -99.449029         49.846114     22.181985      8.997636      0.110656      5.585680
      0.813725      0.775774      0.346534     -0.855349      0.000000       -102.835301         49.732740     22.451974      9.098063      0.110656      5.585680
      0.823529      0.755947      0.395026     -0.914859      0.000000       -105.925388         49.594593     22.715560      9.192178      0.110656      5.585680
      0.833333      0.733591      0.446636     -0.969125      0.000000       -108.690829         49.437205     22.971892      9.279346      0.110656      5.585680
      0.843137      0.708616      0.501067     -1.017873      0.000000       -111.123311         49.265620     23.220084      9.359016      0.110656      5.585680
      0.852941      0.680967      0.558016     -1.061133      0.000000       -113.230868         49.084177     23.459223      9.430761      0.110656      5.585680
      0.862745      0.650622      0.617190     -1.099161      0.000000       -115.033240         48.896423     23.688385      9.494302      0.110656      5.585680
      0.872549      0.617591      0.678312     -1.132365      0.000000       -116.557354         48.705100     23.906643      9.549537      0.110656      5.585680
      0.882353      0.581918      0.741131     -1.161233      0.000000       -117.833536         48.512202     24.113079      9.596548      0.110656      5.585680
      0.892157      0.543679      0.805424     -1.186283      0.000000       -118.892661         48.319069     24.306798      9.635614      0.110656      5.585680
      0.901961      0.502978      0.870996     -1.208027      0.000000       -119.764255         48.126482     24.486932      9.667193      0.110656      5.585680
      0.911765      0.459945      0.937679     -1.226947      0.000000       -120.475367         47.934764     24.652656      9.691911      0.110656      5.585680
      0.921569      0.414737      1.005332     -1.243484      0.000000       -121.050034         47.743866     24.803195      9.710533      0.110656      5.585680
      0.931373      0.367533      1.073833     -1.258030      0.000000       -121.509143         47.553436     24.937831      9.723923      0.110656      5.585680
      0.941176      0.318532      1.143085     -1.270935      0.000000       -121.870546         47.362881     25.055909      9.733005      0.110656      5.585680
      0.950980      0.267952      1.213006     -1.282506      0.000000       -122.149313         47.171410     25.156849      9.738713      0.110656      5.585680
      0.960784      0.216026      1.283530     -1.293011      0.000000       -122.358039         46.978070     25.240147      9.741945      0.110656      5.585680
      0.970588      0.163002      1.354605     -1.302691      0.000000       -122.507183         46.781773     25.305382      9.743515      0.110656      5.585680
      0.980392      0.109141      1.426193     -1.311762      0.000000       -122.605391         46.581323     25.352221      9.744109      0.110656      5.585680
      0.990196      0.054714      1.498267     -1.320468      0.000000       -122.659825         46.375430     25.380422      9.744248      0.110656      5.585680
      1.000000     -0.000000      1.570796     -1.326441      0.000000       -122.674431         46.241959     25.389839      9.744258      0.110656      5.585680
