             t             r           psi            cs            qs                 p               sig             A             V            Q2             S
      0.000000      0.000000     -1.570796      0.865683      0.000000        -35.465606         20.484178      0.000000      0.000000     -0.400237      4.867231
      0.009804      0.047704     -1.529387      0.872600      0.000000        -35.472320         20.381817      0.007152      0.000004     -0.400237      4.867231
      0.019608      0.095326     -1.487488      0.883567      0.000000        -35.498460         20.209954      0.028597      0.000057     -0.400237      4.867231
      0.029412      0.142780     -1.445053      0.895144      0.000000        -35.545577         20.042599      0.064297      0.000287     -0.400237      4.867231
      0.039216      0.189979     -1.402045      0.907639      0.000000        -35.617080         19.878981      0.114189      0.000908     -0.400237      4.867231
      0.049020      0.236830     -1.358413      0.921311      0.000000        -35.717117         19.718382      0.178182      0.002217     -0.400237      4.867231
      0.058824      0.283238     -1.314095      0.936460      0.000000        -35.850791         19.560145      0.256157      0.004592     -0.400237      4.867231
      0.068627      0.329104     -1.269012      0.953445      0.000000        -36.024407         19.403684      0.347969      0.008488     -0.400237      4.867231
      0.078431      0.374325     -1.223066      0.972700      0.000000        -36.245790         19.248509      0.453437      0.014431     -0.400237      4.867231
      0.088235      0.418791     -1.176137      0.994758      0.000000        -36.524674         19.094251      0.572354      0.023010     -0.400237      4.867231
      0.098039      0.462385     -1.128076      1.020270      0.000000        -36.873185         18.940703      0.704475      0.034873     -0.400237      4.867231
      0.107843      0.504983     -1.078699      1.050037      0.000000        -37.306431         18.787884      0.849520      0.050708     -0.400237      4.867231
      0.117647      0.546450     -1.027781      1.085040      0.000000        -37.843174         18.636133      1.007170      0.071242     -0.400237      4.867231
      0.127451      0.586639     -0.975045      1.126465      0.000000        -38.506529         18.486249      1.177066      0.097220     -0.400237      4.867231
      0.137255      0.625387     -0.920152      1.175709      0.000000        -39.324509         18.339705      1.358799      0.129389     -0.400237      4.867231
      0.147059      0.662512     -0.862691      1.234349      0.000000        -40.330003         18.198962      1.551912      0.168485     -0.400237      4.867231
      0.156863      0.697807     -0.802176      1.303983      0.000000        -41.559280         18.067936      1.755886      0.215202     -0.400237      4.867231
      0.166667      0.731034     -0.738049      1.385851      0.000000        -43.047235         17.952668      1.970139      0.270164     -0.400237      4.867231
      0.176471      0.761924     -0.669719      1.480016      0.000000        -44.816096         17.862242      2.194011      0.333883     -0.400237      4.867231
      0.186275      0.790169     -0.596647      1.583797      0.000000        -46.852388         17.809904      2.426756      0.406702     -0.400237      4.867231
      0.196078      0.815429     -0.518537      1.689209      0.000000        -49.066300         17.814126      2.667531      0.488722     -0.400237      4.867231
      0.205882      0.837351     -0.435667      1.779722      0.000000        -51.233829         17.898844      2.915387      0.579710     -0.400237      4.867231
      0.215686      0.855606     -0.349349      1.828428      0.000000        -52.945930         18.091326      3.169274      0.679008     -0.400237      4.867231
      0.225490      0.869965     -0.262365      1.802200      0.000000        -53.633074         18.415829      3.428054      0.785484     -0.400237      4.867231
      0.235294      0.880383     -0.178962      1.675811      0.000000        -52.750353         18.882980      3.690546      0.897589     -0.400237      4.867231
      0.245098      0.887068     -0.104027      1.450333      0.000000        -50.093135         19.479764      3.955594      1.013562     -0.400237      4.867231
      0.254902      0.890484     -0.041609      1.158747      0.000000        -45.999948         20.168691      4.222142      1.131723     -0.400237      4.867231
      0.264706      0.891268      0.006291      0.849999      0.000000        -41.213049         20.899385      4.489302      1.250724     -0.400237      4.867231
      0.274510      0.890112      0.039914      0.565857      0.000000        -36.511950         21.624957      4.756389      1.369647     -0.400237      4.867231
      0.284314      0.887659      0.061059      0.329183      0.000000        -32.434619         22.312649      5.022920      1.487958     -0.400237      4.867231
      0.294118      0.884447      0.072182      0.145752      0.000000        -29.220228         22.945588      5.288591      1.605395     -0.400237      4.867231
      0.303922      0.880896      0.075750      0.011363      0.000000        -26.889803         23.519139      5.553238      1.721872     -0.400237      4.867231
      0.313725      0.877310      0.073918     -0.082076      0.000000        -25.349892         24.036112      5.816809      1.837396     -0.400237      4.867231
      0.323529      0.873905      0.068432     -0.143095      0.000000        -24.466584         24.502971      6.079328      1.952032     -0.400237      4.867231
      0.333333      0.870821      0.060657     -0.179214      0.000000        -24.105236         24.927451      6.340871      2.065870     -0.400237      4.867231
      0.343137      0.868140      0.051627     -0.196576      0.000000        -24.147057         25.317280      6.601549      2.179013     -0.400237      4.867231
      0.352941      0.865904      0.042117     -0.200031      0.000000        -24.493390         25.679582      6.861488      2.291570     -0.400237      4.867231
      0.362745      0.864120      0.032697     -0.193371      0.000000        -25.064586         26.020666      7.120826      2.403652     -0.400237      4.867231
      0.372549      0.862776      0.023776     -0.179559      0.000000        -25.797021         26.345992      7.379695      2.515362     -0.400237      4.867231
      0.382353      0.861839      0.015637     -0.160930      0.000000        -26.639915         26.660227      7.638222      2.626802     -0.400237      4.867231
      0.392157      0.861268      0.008464     -0.139335      0.000000        -27.552570         26.967321      7.896525      2.738061     -0.400237      4.867231
      0.401961      0.861014      0.002363     -0.116255      0.000000        -28.502194         27.270586      8.154706      2.849221     -0.400237      4.867231
      0.411765      0.861025     -0.002626     -0.092873      0.000000        -29.462302         27.572759      8.412852      2.960352     -0.400237      4.867231
      0.421569      0.861247     -0.006511     -0.070125      0.000000        -30.411599         27.876058      8.671033      3.071514     -0.400237      4.867231
      0.431373      0.861629     -0.009340     -0.048733      0.000000        -31.333236         28.182229      8.929307      3.182752     -0.400237      4.867231
      0.441176      0.862123     -0.011192     -0.029233      0.000000        -32.214331         28.492577      9.187713      3.294102     -0.400237      4.867231
      0.450980      0.862683     -0.012166     -0.011988      0.000000        -33.045666         28.808003      9.446278      3.405588     -0.400237      4.867231
      0.460784      0.863272     -0.012375      0.002797      0.000000        -33.821476         29.129031      9.705017      3.517222     -0.400237      4.867231
      0.470588      0.863854     -0.011939      0.015057      0.000000        -34.539248         29.455848      9.963931      3.629008     -0.400237      4.867231
      0.480392      0.864403     -0.010977      0.024856      0.000000        -35.199510         29.788336     10.223016      3.740943     -0.400237      4.867231
      0.490196      0.864895     -0.009603      0.032366      0.000000        -35.805546         30.126112     10.482257      3.853014     -0.400237      4.867231
      0.500000      0.865314     -0.007921      0.037848      0.000000        -36.363059         30.468574     10.741636      3.965205     -0.400237      4.867231
      0.509804      0.865648     -0.006018      0.041631      0.000000        -36.879771         30.814943     11.001127      4.077496     -0.400237      4.867231
      0.519608      0.865886     -0.003969      0.044091      0.000000        -37.365005         31.164308     11.260704      4.189862     -0.400237      4.867231
      0.529412      0.866025     -0.001825      0.045633      0.000000        -37.829254         31.515661     11.520338      4.302278     -0.400237      4.867231
      0.539216      0.866060      0.000378      0.046672      0.000000        -38.283800         31.867930     11.779998      4.414718     -0.400237      4.867231
      0.549020      0.865988      0.002628      0.047624      0.000000        -38.740385         32.220006     12.039653      4.527152     -0.400237      4.867231
      0.558824      0.865808      0.004928      0.048894      0.000000        -39.210976         32.570758     12.299270      4.639554     -0.400237      4.867231
      0.568627      0.865517      0.007305      0.050872      0.000000        -39.707614         32.919040     12.558816      4.751892     -0.400237      4.867231
      0.578431      0.865109      0.009801      0.053930      0.000000        -40.242352         33.263687     12.818258      4.864139     -0.400237      4.867231
      0.588235      0.864578      0.012475      0.058427      0.000000        -40.827268         33.603506     13.077559      4.976261     -0.400237      4.867231
      0.598039      0.863914      0.015405      0.064710      0.000000        -41.474535         33.937262     13.336681      5.088224     -0.400237      4.867231
      0.607843      0.863103      0.018684      0.073115      0.000000        -42.196502         34.263656     13.595583      5.199991     -0.400237      4.867231
      0.617647      0.862124      0.022422      0.083979      0.000000        -43.005768         34.581299     13.854217      5.311520     -0.400237      4.867231
      0.627451      0.860954      0.026743      0.097635      0.000000        -43.915191         34.888698     14.112529      5.422762     -0.400237      4.867231
      0.637255      0.859561      0.031790      0.114417      0.000000        -44.937796         35.184230     14.370458      5.533660     -0.400237      4.867231
      0.647059      0.857906      0.037718      0.134652      0.000000        -46.086526         35.466135     14.627931      5.644147     -0.400237      4.867231
      0.656863      0.855945      0.044700      0.158657      0.000000        -47.373791         35.732520     14.884864      5.754143     -0.400237      4.867231
      0.666667      0.853622      0.052924      0.186719      0.000000        -48.810781         35.981371     15.141155      5.863554     -0.400237      4.867231
      0.676471      0.850874      0.062588      0.219077      0.000000        -50.406523         36.210598     15.396688      5.972267     -0.400237      4.867231
      0.686275      0.847627      0.073903      0.255896      0.000000        -52.166723         36.418086     15.651325      6.080146     -0.400237      4.867231
      0.696078      0.843798      0.087082      0.297236      0.000000        -54.092441         36.601789     15.904903      6.187034     -0.400237      4.867231
      0.705882      0.839294      0.102341      0.343022      0.000000        -56.178778         36.759832     16.157233      6.292741     -0.400237      4.867231
      0.715686      0.834012      0.119886      0.393013      0.000000        -58.413750         36.890632     16.408100      6.397048     -0.400237      4.867231
      0.725490      0.827841      0.139908      0.446791      0.000000        -60.777622         36.993026     16.657253      6.499701     -0.400237      4.867231
      0.735294      0.820663      0.162576      0.503747      0.000000        -63.242915         37.066384     16.904407      6.600411     -0.400237      4.867231
      0.745098      0.812352      0.188022      0.563109      0.000000        -65.775282         37.110699     17.149243      6.698849     -0.400237      4.867231
      0.754902      0.802782      0.216341      0.623968      0.000000        -68.335260         37.126627     17.391401      6.794654     -0.400237      4.867231
      0.764706      0.791824      0.247579      0.685336      0.000000        -70.880762         37.115480     17.630485      6.887431     -0.400237      4.867231
      0.774510      0.779353      0.281739      0.746213      0.000000        -73.369978         37.079158     17.866060      6.976762     -0.400237      4.867231
      0.784314      0.765252      0.318772      0.805648      0.000000        -75.764267         37.020034     18.097655      7.062214     -0.400237      4.867231
      0.794118      0.749409      0.358590      0.862807      0.000000        -78.030614         36.940806     18.324763      7.143350     -0.400237      4.867231
      0.803922      0.731728      0.401067      0.917008      0.000000        -80.143322         36.844332     18.546848      7.219750     -0.400237      4.867231
      0.813725      0.712126      0.446050      0.967753      0.000000        -82.084798         36.733475     18.763345      7.291019     -0.400237      4.867231
      0.823529      0.690537      0.493366      1.014727      0.000000        -83.845471         36.610965     18.973669      7.356814     -0.400237      4.867231
      0.833333      0.666916      0.542829      1.057788      0.000000        -85.422995         36.479297     19.177217      7.416856     -0.400237      4.867231
      0.843137      0.641233      0.594255      1.096943      0.000000        -86.821014         36.340661     19.373374      7.470947     -0.400237      4.867231
      0.852941      0.613483      0.647457      1.132315      0.000000        -88.047719         36.196907     19.561520      7.518985     -0.400237      4.867231
      0.862745      0.583678      0.702261      1.164114      0.000000        -89.114425         36.049534     19.741038      7.560970     -0.400237      4.867231
      0.872549      0.551851      0.758503      1.192608      0.000000        -90.034295         35.899705     19.911315      7.597014     -0.400237      4.867231
      0.882353      0.518054      0.816031      1.218096      0.000000        -90.821294         35.748271     20.071754      7.627338     -0.400237      4.867231
      0.892157      0.482359      0.874710      1.240889      0.000000        -91.489395         35.595802     20.221772      7.652268     -0.400237      4.867231
      0.901961      0.444853      0.934418      1.261297      0.000000        -92.052023         35.442620     20.360815      7.672224     -0.400237      4.867231
      0.911765      0.405642      0.995050      1.279618      0.000000        -92.521692         35.288836     20.488354      7.687707     -0.400237      4.867231
      0.921569      0.364845      1.056511      1.296136      0.000000        -92.909807         35.134375     20.603896      7.699280     -0.400237      4.867231
      0.931373      0.322598      1.118723      1.311111      0.000000        -93.226580         34.979007     20.706985      7.707544     -0.400237      4.867231
      0.941176      0.279048      1.181617      1.324784      0.000000        -93.481031         34.822371     20.797209      7.713116     -0.400237      4.867231
      0.950980      0.234354      1.245138      1.337377      0.000000        -93.681036         34.663988     20.874200      7.716600     -0.400237      4.867231
      0.960784      0.188686      1.309237      1.349092      0.000000        -93.833413         34.503284     20.937640      7.718565     -0.400237      4.867231
      0.970588      0.142225      1.373879      1.360118      0.000000        -93.944027         34.339604     20.987265      7.719516     -0.400237      4.867231
      0.980392      0.095159      1.439033      1.370638      0.000000        -94.017905         34.172220     21.022864      7.719875     -0.400237      4.867231
      0.990196      0.047683      1.504682      1.380906      0.000000        -94.059370         34.000349     21.044285      7.719959     -0.400237      4.867231
      1.000000      0.000000      1.570796      1.387547      0.000000        -94.070108         33.897988     21.051436      7.719965     -0.400237      4.867231
