             t             r           psi            cs            qs                 p               sig             A             V            Q2             S
      0.000000      0.000000     -1.570796     -0.939836      0.000000        -60.239334         32.047793      0.000000      0.000000      0.123095      3.009265
      0.009804      0.029499     -1.543060     -0.941677      0.000000        -60.241130         32.012146      0.002734      0.000001      0.123095      3.009265
      0.019608      0.058975     -1.515206     -0.946475      0.000000        -60.251509         31.902721      0.010935      0.000009      0.123095      3.009265
      0.029412      0.088405     -1.487213     -0.951199      0.000000        -60.269678         31.795250      0.024596      0.000045      0.123095      3.009265
      0.039216      0.117766     -1.459079     -0.956057      0.000000        -60.296361         31.689536      0.043706      0.000143      0.123095      3.009265
      0.049020      0.147035     -1.430799     -0.961102      0.000000        -60.332353         31.585388      0.068251      0.000350      0.123095      3.009265
      0.058824      0.176186     -1.402367     -0.966375      0.000000        -60.378546         31.482621      0.098211      0.000725      0.123095      3.009265
      0.068627      0.205197     -1.373775     -0.971915      0.000000        -60.435942         31.381058      0.133561      0.001341      0.123095      3.009265
      0.078431      0.234042     -1.345016     -0.977764      0.000000        -60.505678         31.280528      0.174275      0.002283      0.123095      3.009265
      0.088235      0.262696     -1.316078     -0.983969      0.000000        -60.589041         31.180872      0.220318      0.003648      0.123095      3.009265
      0.098039      0.291134     -1.286952     -0.990581      0.000000        -60.687493         31.081938      0.271654      0.005544      0.123095      3.009265
      0.107843      0.319331     -1.257625     -0.997657      0.000000        -60.802694         30.983589      0.328239      0.008089      0.123095      3.009265
      0.117647      0.347261     -1.228080     -1.005263      0.000000        -60.936535         30.885697      0.390026      0.011412      0.123095      3.009265
      0.127451      0.374896     -1.198303     -1.013470      0.000000        -61.091167         30.788153      0.456964      0.015648      0.123095      3.009265
      0.137255      0.402211     -1.168274     -1.022359      0.000000        -61.269039         30.690863      0.528996      0.020943      0.123095      3.009265
      0.147059      0.429176     -1.137971     -1.032021      0.000000        -61.472943         30.593759      0.606058      0.027447      0.123095      3.009265
      0.156863      0.455765     -1.107370     -1.042560      0.000000        -61.706058         30.496794      0.688085      0.035317      0.123095      3.009265
      0.166667      0.481948     -1.076445     -1.054091      0.000000        -61.972002         30.399956      0.775004      0.044714      0.123095      3.009265
      0.176471      0.507696     -1.045162     -1.066744      0.000000        -62.274888         30.303271      0.866736      0.055800      0.123095      3.009265
      0.186275      0.532978     -1.013489     -1.080667      0.000000        -62.619383         30.206813      0.963199      0.068743      0.123095      3.009265
      0.196078      0.557762     -0.981383     -1.096022      0.000000        -63.010761         30.110717      1.064302      0.083706      0.123095      3.009265
      0.205882      0.582016     -0.948802     -1.112992      0.000000        -63.454958         30.015191      1.169951      0.100853      0.123095      3.009265
      0.215686      0.605705     -0.915693     -1.131777      0.000000        -63.958598         29.920538      1.280044      0.120345      0.123095      3.009265
      0.225490      0.628794     -0.882001     -1.152593      0.000000        -64.529002         29.827178      1.394473      0.142338      0.123095      3.009265
      0.235294      0.651245     -0.847662     -1.175670      0.000000        -65.174132         29.735681      1.513124      0.166978      0.123095      3.009265
      0.245098      0.673018     -0.812606     -1.201241      0.000000        -65.902449         29.646800      1.635874      0.194408      0.123095      3.009265
      0.254902      0.694073     -0.776756     -1.229531      0.000000        -66.722629         29.561526      1.762594      0.224754      0.123095      3.009265
      0.264706      0.714364     -0.740029     -1.260737      0.000000        -67.643065         29.481138      1.893148      0.258131      0.123095      3.009265
      0.274510      0.733844     -0.702336     -1.294984      0.000000        -68.671032         29.407280      2.027388      0.294639      0.123095      3.009265
      0.284314      0.752464     -0.663588     -1.332285      0.000000        -69.811406         29.342040      2.165160      0.334355      0.123095      3.009265
      0.294118      0.770170     -0.623696     -1.372452      0.000000        -71.064730         29.288044      2.306300      0.377337      0.123095      3.009265
      0.303922      0.786906     -0.582582     -1.414999      0.000000        -72.424461         29.248549      2.450634      0.423613      0.123095      3.009265
      0.313725      0.802614     -0.540189     -1.458999      0.000000        -73.873247         29.227534      2.597975      0.473182      0.123095      3.009265
      0.323529      0.817232     -0.496494     -1.502923      0.000000        -75.378248         29.229747      2.748128      0.526005      0.123095      3.009265
      0.333333      0.830701     -0.451532     -1.544459      0.000000        -76.885873         29.260696      2.900885      0.582003      0.123095      3.009265
      0.343137      0.842960     -0.405418     -1.580386      0.000000        -78.316958         29.326498      3.056028      0.641052      0.123095      3.009265
      0.352941      0.853956     -0.358377     -1.606561      0.000000        -79.564334         29.433565      3.213326      0.702980      0.123095      3.009265
      0.362745      0.863643     -0.310766     -1.618128      0.000000        -80.495701         29.588025      3.372543      0.767560      0.123095      3.009265
      0.372549      0.871991     -0.263092     -1.610070      0.000000        -80.964979         29.794912      3.533431      0.834522      0.123095      3.009265
      0.382353      0.878988     -0.216000     -1.578104      0.000000        -80.833904         30.057158      3.695742      0.903549      0.123095      3.009265
      0.392157      0.884646     -0.170236     -1.519779      0.000000        -80.001706         30.374608      3.859225      0.974296      0.123095      3.009265
      0.401961      0.889002     -0.126582     -1.435437      0.000000        -78.435297         30.743336      4.023635      1.046402      0.123095      3.009265
      0.411765      0.892120     -0.085760     -1.328620      0.000000        -76.188609         31.155558      4.188737      1.119510      0.123095      3.009265
      0.421569      0.894088     -0.048345     -1.205660      0.000000        -73.401500         31.600283      4.354309      1.193285      0.123095      3.009265
      0.431373      0.895008     -0.014700     -1.074535      0.000000        -70.276641         32.064574      4.520147      1.267427      0.123095      3.009265
      0.441176      0.894993      0.015058     -0.943420      0.000000        -67.042475         32.535091      4.686067      1.341680      0.123095      3.009265
      0.450980      0.894157      0.041038     -0.819429      0.000000        -63.915365         32.999496      4.851907      1.415831      0.123095      3.009265
      0.460784      0.892607      0.063531     -0.707855      0.000000        -61.071941         33.447436      5.017523      1.489712      0.123095      3.009265
      0.470588      0.890441      0.082960     -0.611982      0.000000        -58.636058         33.871000      5.182794      1.563187      0.123095      3.009265
      0.480392      0.887743      0.099811     -0.533294      0.000000        -56.678665         34.264734      5.347613      1.636152      0.123095      3.009265
      0.490196      0.884582      0.114597     -0.471890      0.000000        -55.225795         34.625348      5.511888      1.708523      0.123095      3.009265
      0.500000      0.881012      0.127817     -0.426927      0.000000        -54.269808         34.951302      5.675538      1.780229      0.123095      3.009265
      0.509804      0.877072      0.139936     -0.397006      0.000000        -53.780491         35.242365      5.838492      1.851211      0.123095      3.009265
      0.519608      0.872788      0.151374     -0.380460      0.000000        -53.714284         35.499222      6.000683      1.921415      0.123095      3.009265
      0.529412      0.868177      0.162500     -0.375552      0.000000        -54.021136         35.723161      6.162050      1.990787      0.123095      3.009265
      0.539216      0.863242      0.173631     -0.380584      0.000000        -54.649160         35.915836      6.322532      2.059276      0.123095      3.009265
      0.549020      0.857981      0.185038     -0.393975      0.000000        -55.547575         36.079101      6.482069      2.126827      0.123095      3.009265
      0.558824      0.852382      0.196946     -0.414277      0.000000        -56.668385         36.214897      6.640599      2.193383      0.123095      3.009265
      0.568627      0.846429      0.209538     -0.440194      0.000000        -57.967252         36.325181      6.798059      2.258884      0.123095      3.009265
      0.578431      0.840101      0.222963     -0.470572      0.000000        -59.403841         36.411883      6.954381      2.323263      0.123095      3.009265
      0.588235      0.833373      0.237338     -0.504393      0.000000        -60.941890         36.476883      7.109494      2.386450      0.123095      3.009265
      0.598039      0.826218      0.252750     -0.540762      0.000000        -62.549107         36.521994      7.263320      2.448370      0.123095      3.009265
      0.607843      0.818608      0.269263     -0.578897      0.000000        -64.197011         36.548957      7.415778      2.508943      0.123095      3.009265
      0.617647      0.810511      0.286919     -0.618118      0.000000        -65.860740         36.559440      7.566781      2.568085      0.123095      3.009265
      0.627451      0.801899      0.305740     -0.657839      0.000000        -67.518852         36.555033      7.716236      2.625710      0.123095      3.009265
      0.637255      0.792741      0.325734     -0.697561      0.000000        -69.153126         36.537248      7.864044      2.681728      0.123095      3.009265
      0.647059      0.783008      0.346895     -0.736861      0.000000        -70.748364         36.507516      8.010101      2.736048      0.123095      3.009265
      0.656863      0.772671      0.369205     -0.775390      0.000000        -72.292183         36.467185      8.154299      2.788579      0.123095      3.009265
      0.666667      0.761706      0.392637     -0.812866      0.000000        -73.774796         36.417518      8.296523      2.839231      0.123095      3.009265
      0.676471      0.750087      0.417156     -0.849064      0.000000        -75.188787         36.359689      8.436654      2.887917      0.123095      3.009265
      0.686275      0.737792      0.442722     -0.883817      0.000000        -76.528876         36.294785      8.574569      2.934555      0.123095      3.009265
      0.696078      0.724803      0.469290     -0.917002      0.000000        -77.791667         36.223800      8.710141      2.979068      0.123095      3.009265
      0.705882      0.711102      0.496814     -0.948543      0.000000        -78.975411         36.147640      8.843239      3.021388      0.123095      3.009265
      0.715686      0.696675      0.525243     -0.978396      0.000000        -80.079755         36.067122      8.973730      3.061453      0.123095      3.009265
      0.725490      0.681512      0.554528     -1.006551      0.000000        -81.105510         35.982973      9.101479      3.099216      0.123095      3.009265
      0.735294      0.665604      0.584618     -1.033023      0.000000        -82.054432         35.895838      9.226348      3.134638      0.123095      3.009265
      0.745098      0.648947      0.615465     -1.057847      0.000000        -82.929013         35.806282      9.348199      3.167696      0.123095      3.009265
      0.754902      0.631538      0.647021     -1.081075      0.000000        -83.732305         35.714794      9.466893      3.198378      0.123095      3.009265
      0.764706      0.613379      0.679239     -1.102771      0.000000        -84.467753         35.621791      9.582290      3.226690      0.123095      3.009265
      0.774510      0.594473      0.712076     -1.123009      0.000000        -85.139059         35.527624      9.694251      3.252650      0.123095      3.009265
      0.784314      0.574827      0.745489     -1.141869      0.000000        -85.750068         35.432586      9.802639      3.276295      0.123095      3.009265
      0.794118      0.554452      0.779439     -1.159434      0.000000        -86.304667         35.336912      9.907318      3.297674      0.123095      3.009265
      0.803922      0.533358      0.813890     -1.175788      0.000000        -86.806714         35.240787     10.008153      3.316854      0.123095      3.009265
      0.813725      0.511562      0.848806     -1.191017      0.000000        -87.259976         35.144352     10.105012      3.333914      0.123095      3.009265
      0.823529      0.489082      0.884155     -1.205203      0.000000        -87.668083         35.047707     10.197767      3.348947      0.123095      3.009265
      0.833333      0.465936      0.919909     -1.218428      0.000000        -88.034499         34.950914     10.286293      3.362060      0.123095      3.009265
      0.843137      0.442148      0.956040     -1.230770      0.000000        -88.362502         34.854004     10.370469      3.373371      0.123095      3.009265
      0.852941      0.417743      0.992523     -1.242305      0.000000        -88.655165         34.756978     10.450177      3.383005      0.123095      3.009265
      0.862745      0.392746      1.029336     -1.253105      0.000000        -88.915356         34.659809     10.525306      3.391098      0.123095      3.009265
      0.872549      0.367188      1.066456     -1.263236      0.000000        -89.145735         34.562449     10.595749      3.397789      0.123095      3.009265
      0.882353      0.341098      1.103867     -1.272764      0.000000        -89.348757         34.464828     10.661405      3.403224      0.123095      3.009265
      0.892157      0.314510      1.141551     -1.281748      0.000000        -89.526680         34.366856     10.722178      3.407547      0.123095      3.009265
      0.901961      0.287457      1.179492     -1.290247      0.000000        -89.681571         34.268427     10.777978      3.410903      0.123095      3.009265
      0.911765      0.259977      1.217678     -1.298312      0.000000        -89.815321         34.169420     10.828723      3.413435      0.123095      3.009265
      0.921569      0.232106      1.256096     -1.305997      0.000000        -89.929650         34.069700     10.874338      3.415280      0.123095      3.009265
      0.931373      0.203883      1.294735     -1.313347      0.000000        -90.026122         33.969117     10.914752      3.416568      0.123095      3.009265
      0.941176      0.175348      1.333587     -1.320410      0.000000        -90.106157         33.867512     10.949906      3.417419      0.123095      3.009265
      0.950980      0.146544      1.372644     -1.327228      0.000000        -90.171038         33.764717     10.979744      3.417942      0.123095      3.009265
      0.960784      0.117512      1.411898     -1.333846      0.000000        -90.221932         33.660551     11.004222      3.418232      0.123095      3.009265
      0.970588      0.088297      1.451346     -1.340309      0.000000        -90.259895         33.554827     11.023300      3.418371      0.123095      3.009265
      0.980392      0.058942      1.490983     -1.346686      0.000000        -90.285892         33.447352     11.036948      3.418423      0.123095      3.009265
      0.990196      0.029495      1.530809     -1.353264      0.000000        -90.300816         33.337926     11.045146      3.418435      0.123095      3.009265
      1.000000      0.000000      1.570796     -1.355814      0.000000        -90.303407         33.302279     11.047880      3.418436      0.123095      3.009265
