             t             r           psi            cs            qs                 p               sig             A             V            Q2             S
      0.000000      0.000000     -1.570796     -0.983910      0.000000      -1077.314881        547.465996      0.000000      0.000000      0.027500      4.193042
      0.009804      0.041097     -1.530346     -0.984203      0.000000      -1077.320778        547.365758      0.005308      0.000002      0.027500      4.193042
      0.019608      0.082127     -1.489877     -0.984709      0.000000      -1077.345464        547.172777      0.021224      0.000035      0.027500      4.193042
      0.029412      0.123022     -1.449387     -0.985226      0.000000      -1077.389588        546.982971      0.047722      0.000178      0.027500      4.193042
      0.039216      0.163716     -1.408875     -0.985767      0.000000      -1077.455870        546.795507      0.084758      0.000560      0.027500      4.193042
      0.049020      0.204141     -1.368340     -0.986343      0.000000      -1077.547526        546.609548      0.132271      0.001362      0.027500      4.193042
      0.058824      0.244231     -1.327781     -0.986960      0.000000      -1077.668411        546.424248      0.190184      0.002807      0.027500      4.193042
      0.068627      0.283920     -1.287195     -0.987629      0.000000      -1077.823180        546.238745      0.258402      0.005165      0.027500      4.193042
      0.078431      0.323141     -1.246580     -0.988362      0.000000      -1078.017487        546.052161      0.336812      0.008741      0.027500      4.193042
      0.088235      0.361831     -1.205934     -0.989173      0.000000      -1078.258229        545.863585      0.425285      0.013875      0.027500      4.193042
      0.098039      0.399925     -1.165253     -0.990078      0.000000      -1078.553866        545.672074      0.523676      0.020934      0.027500      4.193042
      0.107843      0.437358     -1.124532     -0.991098      0.000000      -1078.914837        545.476634      0.631822      0.030305      0.027500      4.193042
      0.117647      0.474068     -1.083766     -0.992256      0.000000      -1079.354093        545.276210      0.749544      0.042394      0.027500      4.193042
      0.127451      0.509994     -1.042950     -0.993584      0.000000      -1079.887817        545.069671      0.876649      0.057610      0.027500      4.193042
      0.137255      0.545075     -1.002074     -0.995120      0.000000      -1080.536372        544.855794      1.012925      0.076368      0.027500      4.193042
      0.147059      0.579249     -0.961131     -0.996910      0.000000      -1081.325588        544.633239      1.158147      0.099073      0.027500      4.193042
      0.156863      0.612459     -0.920107     -0.999017      0.000000      -1082.288502        544.400529      1.312072      0.126119      0.027500      4.193042
      0.166667      0.644647     -0.878990     -1.001518      0.000000      -1083.467759        544.156024      1.474444      0.157881      0.027500      4.193042
      0.176471      0.675755     -0.837759     -1.004515      0.000000      -1084.918952        543.897892      1.644991      0.194704      0.027500      4.193042
      0.186275      0.705727     -0.796393     -1.008142      0.000000      -1086.715320        543.624079      1.823429      0.236901      0.027500      4.193042
      0.196078      0.734508     -0.754862     -1.012577      0.000000      -1088.954426        543.332287      2.009455      0.284745      0.027500      4.193042
      0.205882      0.762043     -0.713129     -1.018059      0.000000      -1091.767788        543.019957      2.202755      0.338465      0.027500      4.193042
      0.215686      0.788276     -0.671142     -1.024916      0.000000      -1095.334879        542.684282      2.403000      0.398237      0.027500      4.193042
      0.225490      0.813153     -0.628839     -1.033599      0.000000      -1099.903663        542.322280      2.609847      0.464183      0.027500      4.193042
      0.235294      0.836617     -0.586130     -1.044739      0.000000      -1105.820860        541.930977      2.822938      0.536364      0.027500      4.193042
      0.245098      0.858610     -0.542898     -1.059226      0.000000      -1113.576283        541.507846      3.041901      0.614782      0.027500      4.193042
      0.254902      0.879071     -0.498981     -1.078326      0.000000      -1123.866286        541.051720      3.266348      0.699367      0.027500      4.193042
      0.264706      0.897930     -0.454154     -1.103829      0.000000      -1137.678442        540.564697      3.495875      0.789986      0.027500      4.193042
      0.274510      0.915112     -0.408107     -1.138209      0.000000      -1156.382931        540.056059      3.730058      0.886429      0.027500      4.193042
      0.284314      0.930527     -0.360410     -1.184640      0.000000      -1181.752976        539.550250      3.968453      0.988414      0.027500      4.193042
      0.294118      0.944066     -0.310500     -1.246321      0.000000      -1215.631649        539.102848      4.210589      1.095572      0.027500      4.193042
      0.303922      0.955598     -0.257725     -1.323505      0.000000      -1258.389218        538.830656      4.455967      1.207437      0.027500      4.193042
      0.313725      0.964967     -0.201620     -1.404483      0.000000      -1304.170557        538.958991      4.704048      1.323426      0.027500      4.193042
      0.323529      0.972015     -0.142755     -1.447176      0.000000      -1331.020016        539.857761      4.954251      1.442801      0.027500      4.193042
      0.333333      0.976661     -0.084294     -1.369335      0.000000      -1295.025481        541.943232      5.205965      1.564651      0.027500      4.193042
      0.343137      0.979028     -0.032743     -1.109010      0.000000      -1161.431340        545.302707      5.458579      1.687963      0.027500      4.193042
      0.352941      0.979540      0.005213     -0.729736      0.000000       -961.754771        549.382698      5.711553      1.811829      0.027500      4.193042
      0.362745      0.978815      0.027587     -0.371931      0.000000       -770.948084        553.370632      5.964485      1.935650      0.027500      4.193042
      0.372549      0.977448      0.037198     -0.113917      0.000000       -632.667884        556.787604      6.217136      2.059148      0.027500      4.193042
      0.382353      0.975873      0.038338      0.043805      0.000000       -548.456228        559.554885      6.469399      2.182246      0.027500      4.193042
      0.392157      0.974363      0.034599      0.128206      0.000000       -504.192108        561.779307      6.721260      2.304958      0.027500      4.193042
      0.401961      0.973062      0.028447      0.164912      0.000000       -486.025960        563.602226      6.972755      2.427336      0.027500      4.193042
      0.411765      0.972036      0.021444      0.171950      0.000000       -484.093640        565.145781      7.223949      2.549444      0.027500      4.193042
      0.421569      0.971297      0.014554      0.161000      0.000000       -491.975632        566.504041      7.474916      2.671349      0.027500      4.193042
      0.431373      0.970830      0.008350      0.139579      0.000000       -505.540388        567.747265      7.725727      2.793115      0.027500      4.193042
      0.441176      0.970597      0.003153      0.112667      0.000000       -522.060326        568.927853      7.976448      2.914800      0.027500      4.193042
      0.450980      0.970554     -0.000886      0.083708      0.000000       -539.659701        570.085008      8.227136      3.036453      0.027500      4.193042
      0.460784      0.970653     -0.003735      0.055166      0.000000       -557.001224        571.247793      8.477831      3.158115      0.027500      4.193042
      0.470588      0.970846     -0.005451      0.028812      0.000000       -573.125427        572.436926      8.728565      3.279813      0.027500      4.193042
      0.480392      0.971088     -0.006151      0.005843      0.000000       -587.382686        573.665761      8.979356      3.401565      0.027500      4.193042
      0.490196      0.971340     -0.005987     -0.013082      0.000000       -599.415711        574.940849      9.230212      3.523380      0.027500      4.193042
      0.500000      0.971570     -0.005132     -0.027841      0.000000       -609.160867        576.262423      9.481131      3.645257      0.027500      4.193042
      0.509804      0.971755     -0.003750     -0.038839      0.000000       -616.844910        577.625002      9.732103      3.767187      0.027500      4.193042
      0.519608      0.971873     -0.001979     -0.046957      0.000000       -622.963392        579.018211      9.983115      3.889155      0.027500      4.193042
      0.529412      0.971913      0.000088     -0.053472      0.000000       -628.238111        580.427754     10.234148      4.011145      0.027500      4.193042
      0.539216      0.971863      0.002417     -0.059949      0.000000       -633.560641        581.836375     10.485180      4.133133      0.027500      4.193042
      0.549020      0.971710      0.005041     -0.068133      0.000000       -639.933338        583.224635     10.736186      4.255095      0.027500      4.193042
      0.558824      0.971443      0.008067     -0.079854      0.000000       -648.416559        584.571385     10.987138      4.377004      0.027500      4.193042
      0.568627      0.971039      0.011680     -0.096947      0.000000       -660.082309        585.853926     11.238004      4.498825      0.027500      4.193042
      0.578431      0.970471      0.016135     -0.121169      0.000000       -675.963813        587.048036     11.488745      4.620519      0.027500      4.193042
      0.588235      0.969697      0.021761     -0.154080      0.000000       -696.982235        588.128162     11.739313      4.742036      0.027500      4.193042
      0.598039      0.968661      0.028939     -0.196853      0.000000       -723.831510        589.068202     11.989649      4.863311      0.027500      4.193042
      0.607843      0.967291      0.038088     -0.250015      0.000000       -756.816242        589.843252     12.239677      4.984257      0.027500      4.193042
      0.617647      0.965497      0.049631     -0.313144      0.000000       -795.669380        590.432481     12.489298      5.104762      0.027500      4.193042
      0.627451      0.963174      0.063949     -0.384649      0.000000       -839.417887        590.822785     12.738389      5.224680      0.027500      4.193042
      0.637255      0.960201      0.081333     -0.461775      0.000000       -886.388287        591.012215     12.986800      5.343820      0.027500      4.193042
      0.647059      0.956451      0.101943     -0.540936      0.000000       -934.413296        591.011826     13.234345      5.461946      0.027500      4.193042
      0.656863      0.951791      0.125783     -0.618338      0.000000       -981.208878        590.844863     13.480806      5.578773      0.027500      4.193042
      0.666667      0.946096      0.152710     -0.690662      0.000000      -1024.791764        590.543266     13.725933      5.693966      0.027500      4.193042
      0.676471      0.939248      0.182464     -0.755575      0.000000      -1063.780740        590.142631     13.969442      5.807146      0.027500      4.193042
      0.686275      0.931146      0.214713     -0.811893      0.000000      -1097.494657        589.677302     14.211023      5.917902      0.027500      4.193042
      0.696078      0.921705      0.249095     -0.859454      0.000000      -1125.866519        589.176876     14.450340      6.025804      0.027500      4.193042
      0.705882      0.910858      0.285261     -0.898817      0.000000      -1149.259163        588.664547     14.687038      6.130412      0.027500      4.193042
      0.715686      0.898555      0.322893     -0.930938      0.000000      -1168.269820        588.157005     14.920747      6.231297      0.027500      4.193042
      0.725490      0.884761      0.361716     -0.956918      0.000000      -1183.575432        587.665271     15.151086      6.328047      0.027500      4.193042
      0.735294      0.869455      0.401498     -0.977833      0.000000      -1195.833283        587.195901     15.377668      6.420284      0.027500      4.193042
      0.745098      0.852630      0.442054     -0.994648      0.000000      -1205.629362        586.752199     15.600100      6.507670      0.027500      4.193042
      0.754902      0.834285      0.483230     -1.008180      0.000000      -1213.459541        586.335244     15.817990      6.589919      0.027500      4.193042
      0.764706      0.814433      0.524907     -1.019103      0.000000      -1219.729800        585.944675     16.030946      6.666796      0.027500      4.193042
      0.774510      0.793091      0.566989     -1.027958      0.000000      -1224.765639        585.579267     16.238582      6.738131      0.027500      4.193042
      0.784314      0.770284      0.609400     -1.035172      0.000000      -1228.824708        585.237313     16.440516      6.803812      0.027500      4.193042
      0.794118      0.746044      0.652079     -1.041084      0.000000      -1232.109478        584.916887     16.636374      6.863793      0.027500      4.193042
      0.803922      0.720405      0.694980     -1.045959      0.000000      -1234.778521        584.615999     16.825788      6.918092      0.027500      4.193042
      0.813725      0.693409      0.738063     -1.050005      0.000000      -1236.955954        584.332697     17.008405      6.966788      0.027500      4.193042
      0.823529      0.665101      0.781298     -1.053385      0.000000      -1238.739043        584.065117     17.183878      7.010020      0.027500      4.193042
      0.833333      0.635529      0.824661     -1.056227      0.000000      -1240.204217        583.811509     17.351875      7.047984      0.027500      4.193042
      0.843137      0.604746      0.868132     -1.058634      0.000000      -1241.411736        583.570249     17.512076      7.080925      0.027500      4.193042
      0.852941      0.572807      0.911694     -1.060686      0.000000      -1242.409311        583.339831     17.664176      7.109134      0.027500      4.193042
      0.862745      0.539770      0.955334     -1.062447      0.000000      -1243.234886        583.118867     17.807883      7.132941      0.027500      4.193042
      0.872549      0.505697      0.999041     -1.063969      0.000000      -1243.918777        582.906070     17.942922      7.152705      0.027500      4.193042
      0.882353      0.470651      1.042807     -1.065295      0.000000      -1244.485320        582.700246     18.069033      7.168814      0.027500      4.193042
      0.892157      0.434699      1.086624     -1.066458      0.000000      -1244.954146        582.500276     18.185973      7.181665      0.027500      4.193042
      0.901961      0.397908      1.130485     -1.067486      0.000000      -1245.341162        582.305112     18.293518      7.191669      0.027500      4.193042
      0.911765      0.360348      1.174387     -1.068402      0.000000      -1245.659313        582.113757     18.391459      7.199230      0.027500      4.193042
      0.921569      0.322091      1.218324     -1.069225      0.000000      -1245.919182        581.925262     18.479607      7.204749      0.027500      4.193042
      0.931373      0.283211      1.262294     -1.069971      0.000000      -1246.129455        581.738712     18.557792      7.208604      0.027500      4.193042
      0.941176      0.243781      1.306293     -1.070654      0.000000      -1246.297288        581.553219     18.625861      7.211153      0.027500      4.193042
      0.950980      0.203879      1.350319     -1.071284      0.000000      -1246.428597        581.367917     18.683684      7.212719      0.027500      4.193042
      0.960784      0.163581      1.394369     -1.071873      0.000000      -1246.528295        581.181953     18.731147      7.213589      0.027500      4.193042
      0.970588      0.122965      1.438444     -1.072428      0.000000      -1246.600473        580.994485     18.768159      7.214005      0.027500      4.193042
      0.980392      0.082110      1.482540     -1.072958      0.000000      -1246.648566        580.804677     18.794648      7.214161      0.027500      4.193042
      0.990196      0.041095      1.526658     -1.073478      0.000000      -1246.675491        580.611695     18.810562      7.214197      0.027500      4.193042
      1.000000     -0.000000      1.570796     -1.073779      0.000000      -1246.681926        580.511457     18.815870      7.214199      0.027500      4.193042
