             t             r           psi            cs            qs                 p               sig             A             V            Q2             S
      0.000000     -0.000000     -1.570796      0.878712      0.000000        -18.900980         10.754929     -0.000000      0.000000     -0.571744      2.913595
      0.009804      0.028562     -1.545679      0.882602      0.000000        -18.902342         10.728285      0.002563      0.000000     -0.571744      2.913595
      0.019608      0.057105     -1.520309      0.893546      0.000000        -18.910687         10.640262      0.010251      0.000007     -0.571744      2.913595
      0.029412      0.085612     -1.494632      0.904371      0.000000        -18.925268         10.554124      0.023059      0.000037     -0.571744      2.913595
      0.039216      0.114062     -1.468639      0.915589      0.000000        -18.946647         10.469752      0.040979      0.000119     -0.571744      2.913595
      0.049020      0.142437     -1.442320      0.927325      0.000000        -18.975438         10.387039      0.063998      0.000291     -0.571744      2.913595
      0.058824      0.170714     -1.415656      0.939670      0.000000        -19.012323         10.305883      0.092101      0.000604     -0.571744      2.913595
      0.068627      0.198872     -1.388630      0.952714      0.000000        -19.058065         10.226197      0.125269      0.001122     -0.571744      2.913595
      0.078431      0.226890     -1.361221      0.966553      0.000000        -19.113517         10.147905      0.163479      0.001916     -0.571744      2.913595
      0.088235      0.254744     -1.333403      0.981291      0.000000        -19.179635         10.070946      0.206702      0.003074     -0.571744      2.913595
      0.098039      0.282409     -1.305151      0.997042      0.000000        -19.257493          9.995275      0.254909      0.004689     -0.571744      2.913595
      0.107843      0.309861     -1.276432      1.013933      0.000000        -19.348292          9.920866      0.308061      0.006869     -0.571744      2.913595
      0.117647      0.337072     -1.247213      1.032102      0.000000        -19.453375          9.847717      0.366120      0.009729     -0.571744      2.913595
      0.127451      0.364016     -1.217455      1.051703      0.000000        -19.574245          9.775848      0.429039      0.013396     -0.571744      2.913595
      0.137255      0.390662     -1.187115      1.072900      0.000000        -19.712573          9.705312      0.496767      0.018005     -0.571744      2.913595
      0.147059      0.416981     -1.156144      1.095875      0.000000        -19.870213          9.636197      0.569249      0.023699     -0.571744      2.913595
      0.156863      0.442939     -1.124489      1.120821      0.000000        -20.049210          9.568632      0.646422      0.030629     -0.571744      2.913595
      0.166667      0.468502     -1.092092      1.147944      0.000000        -20.251802          9.502798      0.728220      0.038951     -0.571744      2.913595
      0.176471      0.493634     -1.058885      1.177458      0.000000        -20.480415          9.438932      0.814567      0.048830     -0.571744      2.913595
      0.186275      0.518295     -1.024799      1.209579      0.000000        -20.737641          9.377346      0.905384      0.060430     -0.571744      2.913595
      0.196078      0.542443     -0.989756      1.244516      0.000000        -21.026192          9.318433      1.000581      0.073922     -0.571744      2.913595
      0.205882      0.566033     -0.953673      1.282455      0.000000        -21.348822          9.262690      1.100062      0.089474     -0.571744      2.913595
      0.215686      0.589018     -0.916460      1.323538      0.000000        -21.708206          9.210730      1.203724      0.107254     -0.571744      2.913595
      0.225490      0.611344     -0.878029      1.367832      0.000000        -22.106744          9.163310      1.311453      0.127425     -0.571744      2.913595
      0.235294      0.632958     -0.838287      1.415287      0.000000        -22.546280          9.121350      1.423126      0.150145     -0.571744      2.913595
      0.245098      0.653800     -0.797147      1.465675      0.000000        -23.027710          9.085958      1.538610      0.175557     -0.571744      2.913595
      0.254902      0.673805     -0.754531      1.518516      0.000000        -23.550440          9.058460      1.657760      0.203792     -0.571744      2.913595
      0.264706      0.692907     -0.710379      1.572993      0.000000        -24.111679          9.040412      1.780421      0.234959     -0.571744      2.913595
      0.274510      0.711036     -0.664663      1.627838      0.000000        -24.705581          9.033618      1.906424      0.269142     -0.571744      2.913595
      0.284314      0.728120     -0.617395      1.681240      0.000000        -25.322247          9.040123      2.035588      0.306393     -0.571744      2.913595
      0.294118      0.744085     -0.568652      1.730753      0.000000        -25.946733          9.062183      2.167719      0.346725     -0.571744      2.913595
      0.303922      0.758861     -0.518585      1.773278      0.000000        -26.558241          9.102192      2.302609      0.390106     -0.571744      2.913595
      0.313725      0.772380     -0.467447      1.805137      0.000000        -27.129854          9.162572      2.440040      0.436455     -0.571744      2.913595
      0.323529      0.784586     -0.415599      1.822306      0.000000        -27.629203          9.245588      2.579780      0.485636     -0.571744      2.913595
      0.333333      0.795433     -0.363518      1.820820      0.000000        -28.020498          9.353127      2.721589      0.537460     -0.571744      2.913595
      0.343137      0.804893     -0.311786      1.797346      0.000000        -28.268114          9.486431      2.865221      0.591685     -0.571744      2.913595
      0.352941      0.812960     -0.261066      1.749817      0.000000        -28.341487          9.645833      3.010425      0.648028     -0.571744      2.913595
      0.362745      0.819648     -0.212052      1.677985      0.000000        -28.220495          9.830552      3.156953      0.706174     -0.571744      2.913595
      0.372549      0.825001     -0.165418      1.583696      0.000000        -27.899985         10.038601      3.304561      0.765793     -0.571744      2.913595
      0.382353      0.829080     -0.121755      1.470786      0.000000        -27.392073         10.266846      3.453015      0.826555     -0.571744      2.913595
      0.392157      0.831970     -0.081520      1.344579      0.000000        -26.725344         10.511219      3.602092      0.888147     -0.571744      2.913595
      0.401961      0.833767     -0.045009      1.211142      0.000000        -25.941103         10.767054      3.751588      0.950282     -0.571744      2.913595
      0.411765      0.834576     -0.012340      1.076483      0.000000        -25.087698         11.029478      3.901317      1.012710     -0.571744      2.913595
      0.421569      0.834508      0.016529      0.945906      0.000000        -24.214453         11.293773      4.051110      1.075217     -0.571744      2.913595
      0.431373      0.833667      0.041778      0.823610      0.000000        -23.366526         11.555671      4.200821      1.137629     -0.571744      2.913595
      0.441176      0.832154      0.063689      0.712553      0.000000        -22.581506         11.811539      4.350318      1.199803     -0.571744      2.913595
      0.450980      0.830059      0.082610      0.614519      0.000000        -21.887840         12.058462      4.499491      1.261628     -0.571744      2.913595
      0.460784      0.827464      0.098928      0.530308      0.000000        -21.304800         12.294235      4.648242      1.323015     -0.571744      2.913595
      0.470588      0.824438      0.113039      0.459965      0.000000        -20.843452         12.517304      4.796487      1.383894     -0.571744      2.913595
      0.480392      0.821038      0.125333      0.403012      0.000000        -20.508127         12.726671      4.944155      1.444210     -0.571744      2.913595
      0.490196      0.817310      0.136182      0.358639      0.000000        -20.298015         12.921786      5.091182      1.503917     -0.571744      2.913595
      0.500000      0.813292      0.145932      0.325854      0.000000        -20.208631         13.102450      5.237514      1.562978     -0.571744      2.913595
      0.509804      0.809010      0.154898      0.303589      0.000000        -20.233053         13.268723      5.383101      1.621359     -0.571744      2.913595
      0.519608      0.804483      0.163366      0.290774      0.000000        -20.362881         13.420846      5.527897      1.679029     -0.571744      2.913595
      0.529412      0.799721      0.171590      0.286378      0.000000        -20.588953         13.559188      5.671860      1.735959     -0.571744      2.913595
      0.539216      0.794729      0.179798      0.289436      0.000000        -20.901834         13.684194      5.814947      1.792119     -0.571744      2.913595
      0.549020      0.789503      0.188188      0.299060      0.000000        -21.292154         13.796358      5.957117      1.847478     -0.571744      2.913595
      0.558824      0.784038      0.196937      0.314440      0.000000        -21.750803         13.896193      6.098328      1.902003     -0.571744      2.913595
      0.568627      0.778320      0.206199      0.334840      0.000000        -22.269046         13.984220      6.238535      1.955660     -0.571744      2.913595
      0.578431      0.772335      0.216108      0.359597      0.000000        -22.838581         14.060958      6.377693      2.008411     -0.571744      2.913595
      0.588235      0.766063      0.226779      0.388109      0.000000        -23.451548         14.126915      6.515751      2.060214     -0.571744      2.913595
      0.598039      0.759482      0.238311      0.419830      0.000000        -24.100529         14.182590      6.652656      2.111025     -0.571744      2.913595
      0.607843      0.752569      0.250789      0.454261      0.000000        -24.778526         14.228468      6.788350      2.160796     -0.571744      2.913595
      0.617647      0.745296      0.264284      0.490950      0.000000        -25.478946         14.265025      6.922772      2.209476     -0.571744      2.913595
      0.627451      0.737636      0.278854      0.529477      0.000000        -26.195585         14.292728      7.055854      2.257010     -0.571744      2.913595
      0.637255      0.729561      0.294547      0.569460      0.000000        -26.922614         14.312034      7.187525      2.303339     -0.571744      2.913595
      0.647059      0.721041      0.311398      0.610545      0.000000        -27.654575         14.323396      7.317707      2.348403     -0.571744      2.913595
      0.656863      0.712047      0.329434      0.652405      0.000000        -28.386382         14.327260      7.446317      2.392140     -0.571744      2.913595
      0.666667      0.702550      0.348674      0.694739      0.000000        -29.113328         14.324068      7.573269      2.434485     -0.571744      2.913595
      0.676471      0.692519      0.369126      0.737273      0.000000        -29.831093         14.314258      7.698468      2.475374     -0.571744      2.913595
      0.686275      0.681928      0.390793      0.779755      0.000000        -30.535754         14.298260      7.821818      2.514740     -0.571744      2.913595
      0.696078      0.670749      0.413670      0.821958      0.000000        -31.223797         14.276501      7.943214      2.552522     -0.571744      2.913595
      0.705882      0.658955      0.437746      0.863676      0.000000        -31.892125         14.249396      8.062549      2.588657     -0.571744      2.913595
      0.715686      0.646524      0.463005      0.904732      0.000000        -32.538061         14.217353      8.179711      2.623088     -0.571744      2.913595
      0.725490      0.633432      0.489425      0.944966      0.000000        -33.159350         14.180766      8.294582      2.655762     -0.571744      2.913595
      0.735294      0.619660      0.516981      0.984246      0.000000        -33.754147         14.140015      8.407043      2.686632     -0.571744      2.913595
      0.745098      0.605190      0.545644      1.022461      0.000000        -34.321013         14.095462      8.516970      2.715659     -0.571744      2.913595
      0.754902      0.590007      0.575383      1.059521      0.000000        -34.858890         14.047451      8.624236      2.742813     -0.571744      2.913595
      0.764706      0.574099      0.606162      1.095357      0.000000        -35.367081         13.996305      8.728712      2.768072     -0.571744      2.913595
      0.774510      0.557457      0.637948      1.129921      0.000000        -35.845220         13.942326      8.830267      2.791426     -0.571744      2.913595
      0.784314      0.540075      0.670702      1.163183      0.000000        -36.293242         13.885788      8.928769      2.812879     -0.571744      2.913595
      0.794118      0.521949      0.704387      1.195128      0.000000        -36.711349         13.826945      9.024085      2.832444     -0.571744      2.913595
      0.803922      0.503080      0.738966      1.225760      0.000000        -37.099974         13.766023      9.116080      2.850149     -0.571744      2.913595
      0.813725      0.483473      0.774401      1.255093      0.000000        -37.459747         13.703222      9.204623      2.866035     -0.571744      2.913595
      0.823529      0.463133      0.810656      1.283154      0.000000        -37.791461         13.638717      9.289581      2.880158     -0.571744      2.913595
      0.833333      0.442073      0.847695      1.309981      0.000000        -38.096036         13.572658      9.370824      2.892585     -0.571744      2.913595
      0.843137      0.420305      0.885483      1.335621      0.000000        -38.374493         13.505170      9.448223      2.903397     -0.571744      2.913595
      0.852941      0.397849      0.923988      1.360127      0.000000        -38.627922         13.436353      9.521653      2.912685     -0.571744      2.913595
      0.862745      0.374723      0.963176      1.383560      0.000000        -38.857460         13.366284      9.590992      2.920552     -0.571744      2.913595
      0.872549      0.350954      1.003020      1.405985      0.000000        -39.064265         13.295017      9.656123      2.927111     -0.571744      2.913595
      0.882353      0.326567      1.043490      1.427469      0.000000        -39.249502         13.222586      9.716931      2.932481     -0.571744      2.913595
      0.892157      0.301595      1.084562      1.448086      0.000000        -39.414325         13.149002      9.773310      2.936785     -0.571744      2.913595
      0.901961      0.276071      1.126211      1.467909      0.000000        -39.559862         13.074261      9.825157      2.940153     -0.571744      2.913595
      0.911765      0.250032      1.168416      1.487015      0.000000        -39.687208         12.998337      9.872376      2.942711     -0.571744      2.913595
      0.921569      0.223518      1.211157      1.505481      0.000000        -39.797414         12.921189      9.914879      2.944588     -0.571744      2.913595
      0.931373      0.196573      1.254418      1.523386      0.000000        -39.891483         12.842760      9.952583      2.945907     -0.571744      2.913595
      0.941176      0.169240      1.298182      1.540810      0.000000        -39.970367         12.762979      9.985416      2.946783     -0.571744      2.913595
      0.950980      0.141570      1.342439      1.557836      0.000000        -40.034961         12.681762     10.013313      2.947325     -0.571744      2.913595
      0.960784      0.113611      1.387178      1.574552      0.000000        -40.086108         12.599012     10.036216      2.947628     -0.571744      2.913595
      0.970588      0.085419      1.432390      1.591060      0.000000        -40.124599         12.514622     10.054080      2.947773     -0.571744      2.913595
      0.980392      0.057047      1.478073      1.607533      0.000000        -40.151179         12.428477     10.066867      2.947827     -0.571744      2.913595
      0.990196      0.028554      1.524234      1.624784      0.000000        -40.166561         12.340451     10.074550      2.947840     -0.571744      2.913595
      1.000000     -0.000000      1.570796      1.631059      0.000000        -40.169087         12.313807     10.077113      2.947841     -0.571744      2.913595
