             t             r           psi            cs            qs                 p               sig             A             V            Q2             S
      0.000000      0.000000     -1.570796     -0.900527      0.000000        -72.085161         40.023858     -0.000000      0.000000      0.093016      5.715768
      0.009804      0.056013     -1.520237     -0.905650      0.000000        -72.095920         39.878374      0.009863      0.000007      0.093016      5.715768
      0.019608      0.111882     -1.469278     -0.913178      0.000000        -72.136086         39.657275      0.039426      0.000112      0.093016      5.715768
      0.029412      0.167460     -1.417884     -0.921223      0.000000        -72.209528         39.441651      0.088614      0.000565      0.093016      5.715768
      0.039216      0.222598     -1.366019     -0.930033      0.000000        -72.322849         39.229974      0.157297      0.001780      0.093016      5.715768
      0.049020      0.277141     -1.313633     -0.939864      0.000000        -72.484458         39.020777      0.245294      0.004327      0.093016      5.715768
      0.058824      0.330933     -1.260660     -0.951028      0.000000        -72.705199         38.812652      0.352367      0.008918      0.093016      5.715768
      0.068627      0.383814     -1.207015     -0.963921      0.000000        -72.999156         38.604272      0.478224      0.016395      0.093016      5.715768
      0.078431      0.435617     -1.152588     -0.979043      0.000000        -73.384759         38.394406      0.622514      0.027706      0.093016      5.715768
      0.088235      0.486170     -1.097236     -0.997048      0.000000        -73.886292         38.181969      0.784830      0.043886      0.093016      5.715768
      0.098039      0.535296     -1.040775     -1.018790      0.000000        -74.535965         37.966099      0.964699      0.066031      0.093016      5.715768
      0.107843      0.582802     -0.982966     -1.045395      0.000000        -75.376722         37.746291      1.161585      0.095268      0.093016      5.715768
      0.117647      0.628487     -0.923495     -1.078357      0.000000        -76.465950         37.522648      1.374883      0.132724      0.093016      5.715768
      0.127451      0.672127     -0.861955     -1.119645      0.000000        -77.880045         37.296304      1.603914      0.179490      0.093016      5.715768
      0.137255      0.713476     -0.797810     -1.171798      0.000000        -79.719151         37.070173      1.847914      0.236587      0.093016      5.715768
      0.147059      0.752252     -0.730366     -1.237924      0.000000        -82.109389         36.850252      2.106028      0.304919      0.093016      5.715768
      0.156863      0.788128     -0.658747     -1.321345      0.000000        -85.194713         36.647858      2.377295      0.385218      0.093016      5.715768
      0.166667      0.820716     -0.581911     -1.424251      0.000000        -89.098155         36.483343      2.660627      0.477971      0.093016      5.715768
      0.176471      0.849562     -0.498802     -1.544067      0.000000        -93.807717         36.391688      2.954789      0.583320      0.093016      5.715768
      0.186275      0.874149     -0.408815     -1.665569      0.000000        -98.914666         36.429076      3.258373      0.700913      0.093016      5.715768
      0.196078      0.893945     -0.312823     -1.749199      0.000000       -103.186227         36.674786      3.569785      0.829716      0.093016      5.715768
      0.205882      0.908545     -0.214732     -1.728064      0.000000       -104.327282         37.213937      3.887261      0.967859      0.093016      5.715768
      0.215686      0.917892     -0.122283     -1.541979      0.000000        -99.914442         38.087350      4.208947      1.112705      0.093016      5.715768
      0.225490      0.922478     -0.044834     -1.202929      0.000000        -89.687687         39.235583      4.533062      1.261350      0.093016      5.715768
      0.235294      0.923310      0.011427     -0.804654      0.000000        -76.468422         40.509982      4.858097      1.411342      0.093016      5.715768
      0.245098      0.921603      0.046138     -0.446646      0.000000        -63.911531         41.757033      5.182942      1.561119      0.093016      5.715768
      0.254902      0.918472      0.063146     -0.176028      0.000000        -54.147131         42.884650      5.506906      1.709927      0.093016      5.715768
      0.264706      0.914766      0.067532      0.005936      0.000000        -47.582659         43.865177      5.829646      1.857522      0.093016      5.715768
      0.274510      0.911060      0.063809      0.116801      0.000000        -43.751237         44.708544      6.151068      2.003913      0.093016      5.715768
      0.284314      0.907706      0.055401      0.176182      0.000000        -41.976751         45.438945      6.471239      2.149224      0.093016      5.715768
      0.294118      0.904896      0.044724      0.200068      0.000000        -41.655231         46.082561      6.790321      2.293626      0.093016      5.715768
      0.303922      0.902707      0.033420      0.200224      0.000000        -42.320199         46.662816      7.108522      2.437302      0.093016      5.715768
      0.313725      0.901142      0.022569      0.185056      0.000000        -43.629247         47.199212      7.426064      2.580437      0.093016      5.715768
      0.323529      0.900156      0.012852      0.160589      0.000000        -45.333465         47.707513      7.743158      2.723202      0.093016      5.715768
      0.333333      0.899673      0.004662      0.131215      0.000000        -47.250125         48.200280      8.059996      2.865754      0.093016      5.715768
      0.343137      0.899602     -0.001823      0.100190      0.000000        -49.242946         48.687397      8.376739      3.008226      0.093016      5.715768
      0.352941      0.899845     -0.006581      0.069940      0.000000        -51.209335         49.176481      8.693515      3.150727      0.093016      5.715768
      0.362745      0.900309     -0.009709      0.042237      0.000000        -53.072817         49.673176      9.010419      3.293338      0.093016      5.715768
      0.372549      0.900906     -0.011386      0.018303      0.000000        -54.778907         50.181369      9.327511      3.436117      0.093016      5.715768
      0.382353      0.901562     -0.011845     -0.001132      0.000000        -56.292911         50.703371      9.644827      3.579095      0.093016      5.715768
      0.392157      0.902216     -0.011349     -0.015778      0.000000        -57.598419         51.240096      9.962374      3.722282      0.093016      5.715768
      0.401961      0.902821     -0.010165     -0.025729      0.000000        -58.695591         51.791277     10.280144      3.865671      0.093016      5.715768
      0.411765      0.903347     -0.008545     -0.031389      0.000000        -59.598741         52.355701     10.598114      4.009243      0.093016      5.715768
      0.421569      0.903775     -0.006715     -0.033389      0.000000        -60.333091         52.931486     10.916253      4.152968      0.093016      5.715768
      0.431373      0.904099     -0.004858     -0.032488      0.000000        -60.930959         53.516351     11.234523      4.296816      0.093016      5.715768
      0.441176      0.904322     -0.003113     -0.029489      0.000000        -61.427832         54.107876     11.552890      4.440751      0.093016      5.715768
      0.450980      0.904452     -0.001578     -0.025157      0.000000        -61.858819         54.703720     11.871319      4.584743      0.093016      5.715768
      0.460784      0.904503     -0.000306     -0.020169      0.000000        -62.255857         55.301782     12.189779      4.728764      0.093016      5.715768
      0.470588      0.904492      0.000681     -0.015078      0.000000        -62.645871         55.900301     12.508245      4.872791      0.093016      5.715768
      0.480392      0.904432      0.001390     -0.010304      0.000000        -63.049887         56.497908     12.826699      5.016806      0.093016      5.715768
      0.490196      0.904341      0.001847     -0.006133      0.000000        -63.482940         57.093617     13.145125      5.160796      0.093016      5.715768
      0.500000      0.904229      0.002092     -0.002740      0.000000        -63.954583         57.686799     13.463516      5.304754      0.093016      5.715768
      0.509804      0.904109      0.002170     -0.000203      0.000000        -64.469764         58.277122     13.781865      5.448675      0.093016      5.715768
      0.519608      0.903988      0.002131      0.001468      0.000000        -65.029875         58.864485     14.100172      5.592557      0.093016      5.715768
      0.529412      0.903872      0.002021      0.002312      0.000000        -65.633849         59.448949     14.418437      5.736401      0.093016      5.715768
      0.539216      0.903762      0.001886      0.002395      0.000000        -66.279197         60.030669     14.736662      5.880209      0.093016      5.715768
      0.549020      0.903660      0.001766      0.001789      0.000000        -66.962953         60.609835     15.054850      6.023984      0.093016      5.715768
      0.558824      0.903563      0.001697      0.000563      0.000000        -67.682500         61.186615     15.373003      6.167727      0.093016      5.715768
      0.568627      0.903468      0.001713     -0.001237      0.000000        -68.436293         61.761105     15.691123      6.311440      0.093016      5.715768
      0.578431      0.903369      0.001846     -0.003589      0.000000        -69.224504         62.333289     16.009208      6.455122      0.093016      5.715768
      0.588235      0.903259      0.002126     -0.006513      0.000000        -70.049598         62.902993     16.327257      6.598771      0.093016      5.715768
      0.598039      0.903127      0.002588     -0.010072      0.000000        -70.916894         63.469851     16.645263      6.742381      0.093016      5.715768
      0.607843      0.902965      0.003269     -0.014383      0.000000        -71.835120         64.033263     16.963218      6.885945      0.093016      5.715768
      0.617647      0.902756      0.004217     -0.019623      0.000000        -72.816998         64.592349     17.281108      7.029450      0.093016      5.715768
      0.627451      0.902486      0.005490     -0.026034      0.000000        -73.879864         65.145897     17.598914      7.172879      0.093016      5.715768
      0.637255      0.902133      0.007163     -0.033936      0.000000        -75.046320         65.692308     17.916612      7.316208      0.093016      5.715768
      0.647059      0.901674      0.009329     -0.043731      0.000000        -76.344863         66.229530     18.234167      7.459407      0.093016      5.715768
      0.656863      0.901076      0.012108     -0.055910      0.000000        -77.810408         66.754981     18.551537      7.602435      0.093016      5.715768
      0.666667      0.900303      0.015650     -0.071052      0.000000        -79.484521         67.265479     18.868667      7.745242      0.093016      5.715768
      0.676471      0.899305      0.020139     -0.089827      0.000000        -81.415107         67.757178     19.185487      7.887760      0.093016      5.715768
      0.686275      0.898024      0.025799     -0.112971      0.000000        -83.655170         68.225524     19.501908      8.029905      0.093016      5.715768
      0.696078      0.896387      0.032896     -0.141256      0.000000        -86.260179         68.665263     19.817817      8.171567      0.093016      5.715768
      0.705882      0.894305      0.041740     -0.175431      0.000000        -89.283566         69.070530     20.133074      8.312608      0.093016      5.715768
      0.715686      0.891671      0.052680     -0.216136      0.000000        -92.770063         69.435046     20.447505      8.452852      0.093016      5.715768
      0.725490      0.888358      0.066093     -0.263790      0.000000        -96.746993         69.752454     20.760893      8.592077      0.093016      5.715768
      0.735294      0.884216      0.082375     -0.318464      0.000000       -101.214475         70.016810     21.072972      8.730006      0.093016      5.715768
      0.745098      0.879076      0.101909     -0.379760      0.000000       -106.136460         70.223193     21.383424      8.866295      0.093016      5.715768
      0.754902      0.872749      0.125043     -0.446742      0.000000       -111.435381         70.368346     21.691862      9.000528      0.093016      5.715768
      0.764706      0.865028      0.152056     -0.517934      0.000000       -116.993247         70.451247     21.997833      9.132204      0.093016      5.715768
      0.774510      0.855700      0.183133     -0.591433      0.000000       -122.660800         70.473435     22.300810      9.260739      0.093016      5.715768
      0.784314      0.844546      0.218343     -0.665108      0.000000       -128.273879         70.438999     22.600187      9.385467      0.093016      5.715768
      0.794118      0.831355      0.257638     -0.736852      0.000000       -133.673474         70.354202     22.895284      9.505654      0.093016      5.715768
      0.803922      0.815927      0.300855     -0.804827      0.000000       -138.724415         70.226798     23.185348      9.620518      0.093016      5.715768
      0.813725      0.798089      0.347741     -0.867645      0.000000       -143.328209         70.065219     23.469561      9.729260      0.093016      5.715768
      0.823529      0.777692      0.397982     -0.924435      0.000000       -147.427873         69.877788     23.747047      9.831106      0.093016      5.715768
      0.833333      0.754621      0.451227     -0.974836      0.000000       -151.005330         69.672103     24.016883      9.925340      0.093016      5.715768
      0.843137      0.728799      0.507117     -1.018901      0.000000       -154.073844         69.454650     24.278114     10.011356      0.093016      5.715768
      0.852941      0.700184      0.565307     -1.056989      0.000000       -156.668442         69.230642     24.529762     10.088690      0.093016      5.715768
      0.862745      0.668768      0.625476     -1.089642      0.000000       -158.836720         69.004019     24.770841     10.157052      0.093016      5.715768
      0.872549      0.634581      0.687338     -1.117491      0.000000       -160.631368         68.777579     25.000370     10.216355      0.093016      5.715768
      0.882353      0.597685      0.750640     -1.141186      0.000000       -162.104880         68.553141     25.217383     10.266719      0.093016      5.715768
      0.892157      0.558170      0.815169     -1.161344      0.000000       -163.306261         68.331731     25.420941     10.308474      0.093016      5.715768
      0.901961      0.516157      0.880741     -1.178532      0.000000       -164.279320         68.113753     25.610142     10.342149      0.093016      5.715768
      0.911765      0.471790      0.947205     -1.193248      0.000000       -165.062058         67.899128     25.784133     10.368448      0.093016      5.715768
      0.921569      0.425236      1.014435     -1.205925      0.000000       -165.686733         67.687412     25.942111     10.388215      0.093016      5.715768
      0.931373      0.376685      1.082327     -1.216935      0.000000       -166.180319         67.477882     26.083341     10.402398      0.093016      5.715768
      0.941176      0.326341      1.150797     -1.226592      0.000000       -166.565117         67.269597     26.207155     10.411997      0.093016      5.715768
      0.950980      0.274428      1.219776     -1.235163      0.000000       -166.859420         67.061447     26.312960     10.418019      0.093016      5.715768
      0.960784      0.221182      1.289210     -1.242879      0.000000       -167.078152         66.852186     26.400245     10.421423      0.093016      5.715768
      0.970588      0.166853      1.359058     -1.249934      0.000000       -167.233438         66.640454     26.468585     10.423073      0.093016      5.715768
      0.980392      0.111699      1.429286     -1.256504      0.000000       -167.335115         66.424799     26.517643     10.423697      0.093016      5.715768
      0.990196      0.055990      1.499873     -1.262773      0.000000       -167.391193         66.203692     26.547176     10.423843      0.093016      5.715768
      1.000000      0.000000      1.570796     -1.267112      0.000000       -167.406304         66.058207     26.557037     10.423853      0.093016      5.715768
