             t             r           psi            cs            qs                 p               sig             A             V            Q2             S
      0.000000      0.000000     -1.570796     -0.803443      0.000000        -34.633326         21.553079      0.000000     -0.000000      0.102179      6.718299
      0.009804      0.065835     -1.517627     -0.813908      0.000000        -34.647156         21.372004      0.013626      0.000012      0.102179      6.718299
      0.019608      0.131481     -1.463540     -0.828643      0.000000        -34.697523         21.120487      0.054465      0.000191      0.102179      6.718299
      0.029412      0.196742     -1.408434     -0.844949      0.000000        -34.791548         20.875967      0.122399      0.000970      0.102179      6.718299
      0.039216      0.261409     -1.352184     -0.863517      0.000000        -34.940252         20.636151      0.217225      0.003067      0.102179      6.718299
      0.049020      0.325262     -1.294614     -0.885198      0.000000        -35.158550         20.398882      0.338653      0.007480      0.102179      6.718299
      0.058824      0.388067     -1.235483     -0.911121      0.000000        -35.466904         20.162173      0.486297      0.015467      0.102179      6.718299
      0.068627      0.449569     -1.174464     -0.942822      0.000000        -35.893729         19.924283      0.659673      0.028525      0.102179      6.718299
      0.078431      0.509489     -1.111110     -0.982435      0.000000        -36.478943         19.683851      0.858184      0.048356      0.102179      6.718299
      0.088235      0.567514     -1.044808     -1.032956      0.000000        -37.279192         19.440183      1.081112      0.076834      0.102179      6.718299
      0.098039      0.623284     -0.974706     -1.098630      0.000000        -38.375318         19.193793      1.327600      0.115956      0.102179      6.718299
      0.107843      0.676370     -0.899622     -1.185402      0.000000        -39.882127         18.947474      1.596629      0.167785      0.102179      6.718299
      0.117647      0.726246     -0.817915     -1.301249      0.000000        -41.957820         18.708395      1.886984      0.234370      0.102179      6.718299
      0.127451      0.772246     -0.727363     -1.455450      0.000000        -44.800400         18.492179      2.197204      0.317632      0.102179      6.718299
      0.137255      0.813510     -0.625203     -1.653886      0.000000        -48.586928         18.330473      2.525514      0.419159      0.102179      6.718299
      0.147059      0.848936     -0.508782     -1.882976      0.000000        -53.235382         18.283133      2.869735      0.539830      0.102179      6.718299
      0.156863      0.877234     -0.377931     -2.073409      0.000000        -57.801072         18.449644      3.227188      0.679166      0.102179      6.718299
      0.166667      0.897242     -0.239861     -2.071600      0.000000        -59.778784         18.952005      3.594668      0.834506      0.102179      6.718299
      0.176471      0.908659     -0.112477     -1.740002      0.000000        -56.233450         19.845436      3.968636      1.000808      0.102179      6.718299
      0.186275      0.912680     -0.016098     -1.166702      0.000000        -47.542002         21.015509      4.345732      1.172226      0.102179      6.718299
      0.196078      0.911639      0.041469     -0.600201      0.000000        -37.723875         22.240450      4.723356      1.344467      0.102179      6.718299
      0.205882      0.907937      0.066496     -0.189337      0.000000        -30.091072         23.357179      5.099924      1.515517      0.102179      6.718299
      0.215686      0.903355      0.070056      0.056967      0.000000        -25.463694         24.313591      5.474730      1.684830      0.102179      6.718299
      0.225490      0.898975      0.061657      0.181708      0.000000        -23.328438         25.123362      5.847655      1.852482      0.102179      6.718299
      0.235294      0.895355      0.047836      0.227840      0.000000        -22.922716         25.820907      6.218912      2.018755      0.102179      6.718299
      0.245098      0.892705      0.032681      0.226399      0.000000        -23.616795         26.440815      6.588868      2.183980      0.102179      6.718299
      0.254902      0.891026      0.018597      0.198061      0.000000        -24.960185         27.011840      6.957931      2.348488      0.102179      6.718299
      0.264706      0.890203      0.006877      0.156516      0.000000        -26.641393         27.556326      7.326482      2.512581      0.102179      6.718299
      0.274510      0.890056     -0.001934      0.110944      0.000000        -28.444373         28.091031      7.694839      2.676514      0.102179      6.718299
      0.284314      0.890392     -0.007786      0.067498      0.000000        -30.218866         28.628038      8.063241      2.840486      0.102179      6.718299
      0.294118      0.891023     -0.010960      0.030106      0.000000        -31.863451         29.175461      8.431850      3.004636      0.102179      6.718299
      0.303922      0.891788     -0.011934      0.000926      0.000000        -33.316599         29.738009      8.800753      3.169045      0.102179      6.718299
      0.313725      0.892559     -0.011279     -0.019344      0.000000        -34.551229         30.317506      9.169977      3.333741      0.102179      6.718299
      0.323529      0.893250     -0.009572     -0.031160      0.000000        -35.569537         30.913471      9.539506      3.498710      0.102179      6.718299
      0.333333      0.893809     -0.007332     -0.035793      0.000000        -36.396420         31.523766      9.909295      3.663915      0.102179      6.718299
      0.343137      0.894214     -0.004977     -0.034961      0.000000        -37.071469         32.145273     10.279283      3.829301      0.102179      6.718299
      0.352941      0.894468     -0.002806     -0.030492      0.000000        -37.640575         32.774527     10.649408      3.994811      0.102179      6.718299
      0.362745      0.894591     -0.001003     -0.024064      0.000000        -38.148580         33.408219     11.019610      4.160391      0.102179      6.718299
      0.372549      0.894610      0.000351     -0.017036      0.000000        -38.634008         34.043547     11.389840      4.325997      0.102179      6.718299
      0.382353      0.894555      0.001250     -0.010387      0.000000        -39.126236         34.678383     11.760062      4.491594      0.102179      6.718299
      0.392157      0.894455      0.001741     -0.004725      0.000000        -39.644813         35.311309     12.130250      4.657162      0.102179      6.718299
      0.401961      0.894333      0.001901     -0.000342      0.000000        -40.200323         35.941553     12.500392      4.822689      0.102179      6.718299
      0.411765      0.894210      0.001816      0.002708      0.000000        -40.796093         36.568865     12.870483      4.988169      0.102179      6.718299
      0.421569      0.894097      0.001571      0.004532      0.000000        -41.430191         37.193377     13.240524      5.153605      0.102179      6.718299
      0.431373      0.894005      0.001241      0.005331      0.000000        -42.097338         37.815469     13.610523      5.319004      0.102179      6.718299
      0.441176      0.893935      0.000886      0.005346      0.000000        -42.790533         38.435649     13.980488      5.484372      0.102179      6.718299
      0.450980      0.893887      0.000549      0.004821      0.000000        -43.502311         39.054462     14.350429      5.649719      0.102179      6.718299
      0.460784      0.893861      0.000258      0.003972      0.000000        -44.225628         39.672426     14.720355      5.815052      0.102179      6.718299
      0.470588      0.893852      0.000029      0.002982      0.000000        -44.954430         40.289986     15.090274      5.980379      0.102179      6.718299
      0.480392      0.893856     -0.000135      0.001986      0.000000        -45.683942         40.907494     15.460192      6.145705      0.102179      6.718299
      0.490196      0.893868     -0.000235      0.001080      0.000000        -46.410756         41.525200     15.830113      6.311034      0.102179      6.718299
      0.500000      0.893886     -0.000280      0.000317      0.000000        -47.132764         42.143260     16.200040      6.476369      0.102179      6.718299
      0.509804      0.893904     -0.000281     -0.000280      0.000000        -47.849000         42.761745     16.569976      6.641711      0.102179      6.718299
      0.519608      0.893922     -0.000247     -0.000714      0.000000        -48.559434         43.380658     16.939918      6.807059      0.102179      6.718299
      0.529412      0.893936     -0.000190     -0.001007      0.000000        -49.264744         43.999947     17.309868      6.972414      0.102179      6.718299
      0.539216      0.893947     -0.000117     -0.001191      0.000000        -49.966113         44.619526     17.679822      7.137772      0.102179      6.718299
      0.549020      0.893952     -0.000034     -0.001306      0.000000        -50.665053         45.239284     18.049780      7.303134      0.102179      6.718299
      0.558824      0.893951      0.000055     -0.001394      0.000000        -51.363288         45.859093     18.419738      7.468497      0.102179      6.718299
      0.568627      0.893944      0.000150     -0.001500      0.000000        -52.062680         46.478818     18.789695      7.633858      0.102179      6.718299
      0.578431      0.893931      0.000254     -0.001666      0.000000        -52.765226         47.098310     19.159648      7.799215      0.102179      6.718299
      0.588235      0.893911      0.000372     -0.001940      0.000000        -53.473103         47.717411     19.529594      7.964567      0.102179      6.718299
      0.598039      0.893882      0.000513     -0.002371      0.000000        -54.188790         48.335936     19.899530      8.129909      0.102179      6.718299
      0.607843      0.893842      0.000689     -0.003014      0.000000        -54.915235         48.953670     20.269452      8.295239      0.102179      6.718299
      0.617647      0.893790      0.000916     -0.003939      0.000000        -55.656105         49.570340     20.639355      8.460551      0.102179      6.718299
      0.627451      0.893720      0.001216     -0.005231      0.000000        -56.416108         50.185598     21.009232      8.625842      0.102179      6.718299
      0.637255      0.893627      0.001616     -0.007001      0.000000        -57.201412         50.798985     21.379077      8.791102      0.102179      6.718299
      0.647059      0.893504      0.002152     -0.009393      0.000000        -58.020161         51.409893     21.748877      8.956322      0.102179      6.718299
      0.656863      0.893340      0.002871     -0.012597      0.000000        -58.883138         52.017513     22.118618      9.121490      0.102179      6.718299
      0.666667      0.893121      0.003834     -0.016859      0.000000        -59.804561         52.620770     22.488280      9.286587      0.102179      6.718299
      0.676471      0.892828      0.005122     -0.022501      0.000000        -60.803053         53.218241     22.857837      9.451589      0.102179      6.718299
      0.686275      0.892437      0.006837     -0.029935      0.000000        -61.902743         53.808058     23.227253      9.616464      0.102179      6.718299
      0.696078      0.891915      0.009116     -0.039684      0.000000        -63.134469         54.387789     23.596482      9.781170      0.102179      6.718299
      0.705882      0.891220      0.012130     -0.052399      0.000000        -64.536929         54.954301     23.965460      9.945648      0.102179      6.718299
      0.715686      0.890296      0.016101     -0.068873      0.000000        -66.157510         55.503620     24.334106     10.109823      0.102179      6.718299
      0.725490      0.889072      0.021306     -0.090039      0.000000        -68.052347         56.030790     24.702310     10.273592      0.102179      6.718299
      0.735294      0.887455      0.028088     -0.116952      0.000000        -70.284915         56.529785     25.069930     10.436821      0.102179      6.718299
      0.745098      0.885328      0.036863     -0.150727      0.000000        -72.922238         56.993493     25.436780     10.599331      0.102179      6.718299
      0.754902      0.882546      0.048118     -0.192431      0.000000        -76.027783         57.413875     25.802619     10.760887      0.102179      6.718299
      0.764706      0.878926      0.062405     -0.242919      0.000000        -79.650435         57.782333     26.167141     10.921181      0.102179      6.718299
      0.774510      0.874251      0.080320     -0.302606      0.000000        -83.810130         58.090381     26.529955     11.079815      0.102179      6.718299
      0.784314      0.868265      0.102465     -0.371234      0.000000        -88.482576         58.330584     26.890571     11.236280      0.102179      6.718299
      0.794118      0.860674      0.129396     -0.447688      0.000000        -93.587782         58.497675     27.248390     11.389934      0.102179      6.718299
      0.803922      0.851155      0.161567     -0.529946      0.000000        -98.988203         58.589601     27.602679     11.539990      0.102179      6.718299
      0.813725      0.839367      0.199273     -0.615242      0.000000       -104.500717         58.608190     27.952571     11.685508      0.102179      6.718299
      0.823529      0.824964      0.242611     -0.700431      0.000000       -109.921740         58.559174     28.297056     11.825408      0.102179      6.718299
      0.833333      0.807614      0.291472     -0.782459      0.000000       -115.058797         58.451492     28.634981     11.958498      0.102179      6.718299
      0.843137      0.787016      0.345560     -0.858806      0.000000       -119.758532         58.296050     28.965063     12.083532      0.102179      6.718299
      0.852941      0.762918      0.404441     -0.927759      0.000000       -123.922967         58.104303     29.285905     12.199282      0.102179      6.718299
      0.862745      0.735125      0.467594     -0.988475      0.000000       -127.511479         57.887000     29.596015     12.304630      0.102179      6.718299
      0.872549      0.703510      0.534471     -1.040870      0.000000       -130.531576         57.653347     29.893835     12.398658      0.102179      6.718299
      0.882353      0.668015      0.604537     -1.085410      0.000000       -133.024228         57.410613     30.177769     12.480733      0.102179      6.718299
      0.892157      0.628652      0.677298     -1.122893      0.000000       -135.049018         57.164097     30.446212     12.550573      0.102179      6.718299
      0.901961      0.585497      0.752322     -1.154260      0.000000       -136.672200         56.917329     30.697577     12.608288      0.102179      6.718299
      0.911765      0.538691      0.829237     -1.180469      0.000000       -137.958634         56.672366     30.930320     12.654388      0.102179      6.718299
      0.921569      0.488431      0.907734     -1.202417      0.000000       -138.967226         56.430101     31.142971     12.689758      0.102179      6.718299
      0.931373      0.434963      0.987558     -1.220901      0.000000       -139.748932         56.190537     31.334148     12.715609      0.102179      6.718299
      0.941176      0.378582      1.068504     -1.236607      0.000000       -140.346412         55.953006     31.502584     12.733394      0.102179      6.718299
      0.950980      0.319621      1.150409     -1.250120      0.000000       -140.794581         55.716337     31.647141     12.744710      0.102179      6.718299
      0.960784      0.258449      1.233146     -1.261928      0.000000       -141.121568         55.478970     31.766827     12.751183      0.102179      6.718299
      0.970588      0.195465      1.316617     -1.272447      0.000000       -141.349779         55.239044     31.860807     12.754354      0.102179      6.718299
      0.980392      0.131095      1.400747     -1.282031      0.000000       -141.496940         54.994457     31.928420     12.755562      0.102179      6.718299
      0.990196      0.065786      1.485487     -1.291013      0.000000       -141.577041         54.742918     31.969184     12.755845      0.102179      6.718299
      1.000000     -0.000000      1.570796     -1.297604      0.000000       -141.599289         54.561841     31.982805     12.755865      0.102179      6.718299
