             t             r           psi            cs            qs                 p               sig             A             V            Q2             S
      0.000000     -0.000000     -1.570796     -0.932110      0.000000        -37.865677         20.311798      0.000000      0.000000      0.150946      2.901736
      0.009804      0.028445     -1.544269     -0.934511      0.000000        -37.867175         20.282439      0.002542      0.000000      0.150946      2.901736
      0.019608      0.056870     -1.517586     -0.941231      0.000000        -37.876353         20.185303      0.010168      0.000008      0.150946      2.901736
      0.029412      0.085254     -1.490716     -0.947827      0.000000        -37.892385         20.090017      0.022871      0.000039      0.150946      2.901736
      0.039216      0.113577     -1.463656     -0.954613      0.000000        -37.915875         19.996431      0.040642      0.000123      0.150946      2.901736
      0.049020      0.141818     -1.436399     -0.961664      0.000000        -37.947487         19.904404      0.063469      0.000301      0.150946      2.901736
      0.058824      0.169954     -1.408938     -0.969031      0.000000        -37.987954         19.813800      0.091335      0.000624      0.150946      2.901736
      0.068627      0.197964     -1.381261     -0.976767      0.000000        -38.038099         19.724495      0.124219      0.001156      0.150946      2.901736
      0.078431      0.225824     -1.353359     -0.984925      0.000000        -38.098841         19.636370      0.162096      0.001970      0.150946      2.901736
      0.088235      0.253513     -1.325217     -0.993563      0.000000        -38.171217         19.549320      0.204939      0.003152      0.150946      2.901736
      0.098039      0.281006     -1.296823     -1.002748      0.000000        -38.256389         19.463252      0.252714      0.004797      0.150946      2.901736
      0.107843      0.308279     -1.268158     -1.012550      0.000000        -38.355666         19.378083      0.305384      0.007007      0.150946      2.901736
      0.117647      0.335309     -1.239205     -1.023047      0.000000        -38.470519         19.293751      0.362907      0.009899      0.150946      2.901736
      0.127451      0.362068     -1.209943     -1.034328      0.000000        -38.602603         19.210209      0.425238      0.013592      0.150946      2.901736
      0.137255      0.388532     -1.180347     -1.046490      0.000000        -38.753774         19.127433      0.492326      0.018216      0.150946      2.901736
      0.147059      0.414674     -1.150392     -1.059638      0.000000        -38.926118         19.045422      0.564116      0.023908      0.150946      2.901736
      0.156863      0.440465     -1.120047     -1.073891      0.000000        -39.121967         18.964208      0.640548      0.030809      0.150946      2.901736
      0.166667      0.465878     -1.089279     -1.089379      0.000000        -39.343927         18.883857      0.721557      0.039065      0.150946      2.901736
      0.176471      0.490882     -1.058051     -1.106244      0.000000        -39.594894         18.804478      0.807072      0.048826      0.150946      2.901736
      0.186275      0.515448     -1.026323     -1.124640      0.000000        -39.878070         18.726231      0.897018      0.060246      0.150946      2.901736
      0.196078      0.539541     -0.994047     -1.144732      0.000000        -40.196971         18.649340      0.991313      0.073476      0.150946      2.901736
      0.205882      0.563129     -0.961173     -1.166694      0.000000        -40.555413         18.574103      1.089870      0.088671      0.150946      2.901736
      0.215686      0.586177     -0.927646     -1.190706      0.000000        -40.957478         18.500910      1.192596      0.105980      0.150946      2.901736
      0.225490      0.608646     -0.893405     -1.216944      0.000000        -41.407443         18.430261      1.299390      0.125552      0.150946      2.901736
      0.235294      0.630498     -0.858383     -1.245574      0.000000        -41.909645         18.362793      1.410146      0.147529      0.150946      2.901736
      0.245098      0.651690     -0.822512     -1.276731      0.000000        -42.468271         18.299303      1.524749      0.172043      0.150946      2.901736
      0.254902      0.672180     -0.785717     -1.310500      0.000000        -43.087029         18.240783      1.643078      0.199218      0.150946      2.901736
      0.264706      0.691919     -0.747924     -1.346878      0.000000        -43.768664         18.188456      1.765004      0.229166      0.150946      2.901736
      0.274510      0.710859     -0.709060     -1.385727      0.000000        -44.514257         18.143816      1.890387      0.261982      0.150946      2.901736
      0.284314      0.728948     -0.669060     -1.426716      0.000000        -45.322271         18.108668      2.019080      0.297742      0.150946      2.901736
      0.294118      0.746131     -0.627870     -1.469240      0.000000        -46.187287         18.085168      2.150927      0.336498      0.150946      2.901736
      0.303922      0.762351     -0.585459     -1.512327      0.000000        -47.098427         18.075845      2.285760      0.378277      0.150946      2.901736
      0.313725      0.777552     -0.541832     -1.554537      0.000000        -48.037526         18.083604      2.423402      0.423074      0.150946      2.901736
      0.323529      0.791674     -0.497038     -1.593876      0.000000        -48.977261         18.111695      2.563665      0.470846      0.150946      2.901736
      0.333333      0.804663     -0.451197     -1.627741      0.000000        -49.879627         18.163612      2.706352      0.521513      0.150946      2.901736
      0.343137      0.816468     -0.404507     -1.652965      0.000000        -50.695418         18.242924      2.851256      0.574950      0.150946      2.901736
      0.352941      0.827043     -0.357264     -1.665977      0.000000        -51.365571         18.353002      2.998160      0.630989      0.150946      2.901736
      0.362745      0.836356     -0.309868     -1.663153      0.000000        -51.825231         18.496653      3.146843      0.689415      0.150946      2.901736
      0.372549      0.844389     -0.262817     -1.641336      0.000000        -52.011006         18.675691      3.297076      0.749975      0.150946      2.901736
      0.382353      0.851141     -0.216682     -1.598453      0.000000        -51.870912         18.890500      3.448630      0.812384      0.150946      2.901736
      0.392157      0.856632     -0.172074     -1.534100      0.000000        -51.375201         19.139691      3.601278      0.876334      0.150946      2.901736
      0.401961      0.860900     -0.129586     -1.449877      0.000000        -50.525141         19.419952      3.754797      0.941509      0.150946      2.901736
      0.411765      0.864007     -0.089736     -1.349351      0.000000        -49.356702         19.726169      3.908974      1.007600      0.150946      2.901736
      0.421569      0.866027     -0.052919     -1.237594      0.000000        -47.937416         20.051817      4.063609      1.074315      0.150946      2.901736
      0.431373      0.867047     -0.019372     -1.120443      0.000000        -46.357021         20.389551      4.218513      1.141390      0.150946      2.901736
      0.441176      0.867160      0.010835     -1.003682      0.000000        -44.714569         20.731868      4.373518      1.208595      0.150946      2.901736
      0.450980      0.866461      0.037787     -0.892365      0.000000        -43.105574         21.071712      4.528469      1.275734      0.150946      2.901736
      0.460784      0.865040      0.061697     -0.790408      0.000000        -41.612088         21.402920      4.683229      1.342645      0.150946      2.901736
      0.470588      0.862979      0.082872     -0.700457      0.000000        -40.297052         21.720468      4.837676      1.409195      0.150946      2.901736
      0.480392      0.860353      0.101679     -0.623970      0.000000        -39.202765         22.020547      4.991704      1.475274      0.150946      2.901736
      0.490196      0.857223      0.118507     -0.561424      0.000000        -38.352383         22.300494      5.145216      1.540793      0.150946      2.901736
      0.500000      0.853641      0.133752     -0.512564      0.000000        -37.753123         22.558650      5.298128      1.605678      0.150946      2.901736
      0.509804      0.849647      0.147793     -0.476644      0.000000        -37.400047         22.794171      5.450363      1.669863      0.150946      2.901736
      0.519608      0.845271      0.160984     -0.452616      0.000000        -37.279674         23.006857      5.601849      1.733290      0.150946      2.901736
      0.529412      0.840532      0.173647     -0.439287      0.000000        -37.373050         23.196975      5.752520      1.795906      0.150946      2.901736
      0.539216      0.835443      0.186068     -0.435414      0.000000        -37.658134         23.365135      5.902312      1.857657      0.150946      2.901736
      0.549020      0.830007      0.198499     -0.439777      0.000000        -38.111545         23.512173      6.051164      1.918494      0.150946      2.901736
      0.558824      0.824221      0.211157     -0.451215      0.000000        -38.709773         23.639071      6.199013      1.978362      0.150946      2.901736
      0.568627      0.818078      0.224228     -0.468650      0.000000        -39.429974         23.746902      6.345796      2.037208      0.150946      2.901736
      0.578431      0.811565      0.237869     -0.491095      0.000000        -40.250460         23.836782      6.491448      2.094974      0.150946      2.901736
      0.588235      0.804666      0.252209     -0.517654      0.000000        -41.150986         23.909844      6.635902      2.151602      0.150946      2.901736
      0.598039      0.797360      0.267353     -0.547521      0.000000        -42.112895         23.967217      6.779087      2.207028      0.150946      2.901736
      0.607843      0.789627      0.283385     -0.579975      0.000000        -43.119181         24.010016      6.920927      2.261186      0.150946      2.901736
      0.617647      0.781443      0.300370     -0.614373      0.000000        -44.154496         24.039327      7.061346      2.314010      0.150946      2.901736
      0.627451      0.772785      0.318354     -0.650146      0.000000        -45.205123         24.056208      7.200260      2.365428      0.150946      2.901736
      0.637255      0.763626      0.337370     -0.686794      0.000000        -46.258937         24.061681      7.337581      2.415368      0.150946      2.901736
      0.647059      0.753943      0.357435     -0.723878      0.000000        -47.305350         24.056729      7.473219      2.463759      0.150946      2.901736
      0.656863      0.743712      0.378556     -0.761018      0.000000        -48.335242         24.042292      7.607078      2.510528      0.150946      2.901736
      0.666667      0.732908      0.400732     -0.797889      0.000000        -49.340892         24.019267      7.739057      2.555602      0.150946      2.901736
      0.676471      0.721509      0.423949     -0.834216      0.000000        -50.315896         23.988505      7.869052      2.598913      0.150946      2.901736
      0.686275      0.709496      0.448189     -0.869770      0.000000        -51.255081         23.950806      7.996955      2.640394      0.150946      2.901736
      0.696078      0.696848      0.473427     -0.904366      0.000000        -52.154409         23.906921      8.122654      2.679984      0.150946      2.901736
      0.705882      0.683549      0.499634     -0.937856      0.000000        -53.010875         23.857548      8.246035      2.717628      0.150946      2.901736
      0.715686      0.669584      0.526776     -0.970130      0.000000        -53.822407         23.803335      8.366979      2.753278      0.150946      2.901736
      0.725490      0.654941      0.554818     -1.001106      0.000000        -54.587757         23.744874      8.485366      2.786892      0.150946      2.901736
      0.735294      0.639609      0.583723     -1.030734      0.000000        -55.306393         23.682704      8.601074      2.818441      0.150946      2.901736
      0.745098      0.623581      0.613451     -1.058983      0.000000        -55.978401         23.617315      8.713980      2.847904      0.150946      2.901736
      0.754902      0.606852      0.643963     -1.085849      0.000000        -56.604379         23.549143      8.823958      2.875273      0.150946      2.901736
      0.764706      0.589421      0.675219     -1.111341      0.000000        -57.185351         23.478576      8.930884      2.900550      0.150946      2.901736
      0.774510      0.571289      0.707182     -1.135484      0.000000        -57.722671         23.405955      9.034631      2.923753      0.150946      2.901736
      0.784314      0.552458      0.739812     -1.158317      0.000000        -58.217956         23.331575      9.135074      2.944910      0.150946      2.901736
      0.794118      0.532934      0.773074     -1.179884      0.000000        -58.673006         23.255691      9.232089      2.964064      0.150946      2.901736
      0.803922      0.512728      0.806932     -1.200241      0.000000        -59.089754         23.178514      9.325553      2.981268      0.150946      2.901736
      0.813725      0.491849      0.841353     -1.219446      0.000000        -59.470205         23.100222      9.415346      2.996593      0.150946      2.901736
      0.823529      0.470314      0.876305     -1.237562      0.000000        -59.816398         23.020955      9.501347      3.010116      0.150946      2.901736
      0.833333      0.448137      0.911757     -1.254656      0.000000        -60.130369         22.940823      9.583441      3.021929      0.150946      2.901736
      0.843137      0.425339      0.947681     -1.270793      0.000000        -60.414122         22.859907      9.661516      3.032133      0.150946      2.901736
      0.852941      0.401941      0.984052     -1.286040      0.000000        -60.669604         22.778259      9.735461      3.040838      0.150946      2.901736
      0.862745      0.377967      1.020845     -1.300463      0.000000        -60.898694         22.695906      9.805173      3.048161      0.150946      2.901736
      0.872549      0.353443      1.058037     -1.314130      0.000000        -61.103183         22.612855      9.870549      3.054226      0.150946      2.901736
      0.882353      0.328397      1.095608     -1.327102      0.000000        -61.284770         22.529088      9.931495      3.059158      0.150946      2.901736
      0.892157      0.302860      1.133539     -1.339445      0.000000        -61.445058         22.444571      9.987919      3.063088      0.150946      2.901736
      0.901961      0.276864      1.171813     -1.351217      0.000000        -61.585547         22.359251     10.039738      3.066144      0.150946      2.901736
      0.911765      0.250444      1.210414     -1.362478      0.000000        -61.707636         22.273059     10.086871      3.068453      0.150946      2.901736
      0.921569      0.223635      1.249329     -1.373286      0.000000        -61.812625         22.185912     10.129247      3.070137      0.150946      2.901736
      0.931373      0.196475      1.288546     -1.383696      0.000000        -61.901716         22.097714     10.166798      3.071315      0.150946      2.901736
      0.941176      0.169003      1.328054     -1.393763      0.000000        -61.976019         22.008355     10.199466      3.072094      0.150946      2.901736
      0.950980      0.141260      1.367844     -1.403540      0.000000        -62.036555         21.917716     10.227199      3.072573      0.150946      2.901736
      0.960784      0.113288      1.407909     -1.413081      0.000000        -62.084262         21.825667     10.249952      3.072840      0.150946      2.901736
      0.970588      0.085131      1.448242     -1.422449      0.000000        -62.120006         21.732070     10.267688      3.072967      0.150946      2.901736
      0.980392      0.056833      1.488841     -1.431741      0.000000        -62.144585         21.636779     10.280377      3.073015      0.150946      2.901736
      0.990196      0.028440      1.529706     -1.441412      0.000000        -62.158754         21.539642     10.288000      3.073026      0.150946      2.901736
      1.000000      0.000000      1.570796     -1.444915      0.000000        -62.161074         21.510282     10.290542      3.073027      0.150946      2.901736
