             t             r           psi            cs            qs                 p               sig             A             V            Q2             S
      0.000000     -0.000000     -1.570796      0.953890      0.000000       -238.441268        124.983622      0.000000      0.000000     -0.178001      5.805952
      0.009804      0.056893     -1.516462      0.955832      0.000000       -238.453668        124.819973      0.010176      0.000008     -0.178001      5.805952
      0.019608      0.113618     -1.461976      0.958648      0.000000       -238.499814        124.573258      0.040675      0.000126     -0.178001      5.805952
      0.029412      0.170005     -1.407324      0.961642      0.000000       -238.584383        124.331730      0.091406      0.000633     -0.178001      5.805952
      0.039216      0.225886     -1.352495      0.964908      0.000000       -238.715194        124.093444      0.162218      0.001989     -0.178001      5.805952
      0.049020      0.281089     -1.297470      0.968544      0.000000       -238.902290        123.856461      0.252900      0.004820     -0.178001      5.805952
      0.058824      0.335445     -1.242225      0.972668      0.000000       -239.158718        123.618835      0.363178      0.009898     -0.178001      5.805952
      0.068627      0.388785     -1.186727      0.977430      0.000000       -239.501595        123.378600      0.492720      0.018125     -0.178001      5.805952
      0.078431      0.440937     -1.130936      0.983024      0.000000       -239.953580        123.133754      0.641131      0.030501     -0.178001      5.805952
      0.088235      0.491734     -1.074797      0.989703      0.000000       -240.544973        122.882241      0.807957      0.048100     -0.178001      5.805952
      0.098039      0.541004     -1.018239      0.997805      0.000000       -241.316735        122.621949      0.992682      0.072031     -0.178001      5.805952
      0.107843      0.588577     -0.961169      1.007787      0.000000       -242.324889        122.350720      1.194730      0.103411     -0.178001      5.805952
      0.117647      0.634281     -0.903463      1.020280      0.000000       -243.646988        122.066403      1.413464      0.143323     -0.178001      5.805952
      0.127451      0.677938     -0.844954      1.036162      0.000000       -245.391677        121.766996      1.648182      0.192785     -0.178001      5.805952
      0.137255      0.719366     -0.785417      1.056672      0.000000       -247.712758        121.450940      1.898121      0.252713     -0.178001      5.805952
      0.147059      0.758372     -0.724540      1.083570      0.000000       -250.829440        121.117759      2.162450      0.323885     -0.178001      5.805952
      0.156863      0.794746     -0.661893      1.119351      0.000000       -255.053621        120.769346      2.440264      0.406906     -0.178001      5.805952
      0.166667      0.828257     -0.596877      1.167456      0.000000       -260.819909        120.412596      2.730584      0.502173     -0.178001      5.805952
      0.176471      0.858636     -0.528670      1.232271      0.000000       -268.694146        120.064707      3.032337      0.609836     -0.178001      5.805952
      0.186275      0.885561     -0.456192      1.318099      0.000000       -279.270757        119.763672      3.344347      0.729746     -0.178001      5.805952
      0.196078      0.908646     -0.378211      1.424715      0.000000       -292.687705        119.587591      3.665314      0.861381     -0.178001      5.805952
      0.205882      0.927440     -0.293915      1.534340      0.000000       -307.147924        119.683295      3.993783      1.003730     -0.178001      5.805952
      0.215686      0.941490     -0.204573      1.587443      0.000000       -316.031784        120.281192      4.328137      1.155142     -0.178001      5.805952
      0.225490      0.950551     -0.116279      1.479440      0.000000       -306.996106        121.613576      4.666626      1.313230     -0.178001      5.805952
      0.235294      0.954916     -0.040373      1.155550      0.000000       -272.322072        123.675471      5.007496      1.475154     -0.178001      5.805952
      0.245098      0.955573      0.013127      0.720661      0.000000       -222.816665        126.094323      5.349226      1.638385     -0.178001      5.805952
      0.254902      0.953881      0.042698      0.336030      0.000000       -177.648474        128.412253      5.690730      1.801352     -0.178001      5.805952
      0.264706      0.951067      0.053714      0.071610      0.000000       -146.240629        130.392178      6.031397      1.963400     -0.178001      5.805952
      0.274510      0.947991      0.052945     -0.082988      0.000000       -128.102965        132.010992      6.370990      2.124391     -0.178001      5.805952
      0.284314      0.945163      0.045731     -0.160162      0.000000       -119.568733        133.335520      6.709517      2.284408     -0.178001      5.805952
      0.294118      0.942840      0.035645     -0.187833      0.000000       -117.253150        134.446328      7.047118      2.443614     -0.178001      5.805952
      0.303922      0.941118      0.024918     -0.185225      0.000000       -118.758017        135.412205      7.383995      2.602198     -0.178001      5.805952
      0.313725      0.939990      0.014892     -0.164878      0.000000       -122.500396        136.286433      7.720363      2.760344     -0.178001      5.805952
      0.323529      0.939394      0.006327     -0.135048      0.000000       -127.435646        137.109173      8.056426      2.918226     -0.178001      5.805952
      0.333333      0.939235     -0.000410     -0.101367      0.000000       -132.853203        137.910482      8.392356      3.075992     -0.178001      5.805952
      0.343137      0.939404     -0.005216     -0.067805      0.000000       -138.252709        138.712601      8.728292      3.233763     -0.178001      5.805952
      0.352941      0.939794     -0.008185     -0.037181      0.000000       -143.277348        139.531418      9.064330      3.391627     -0.178001      5.805952
      0.362745      0.940305     -0.009541     -0.011395      0.000000       -147.682658        140.377358      9.400533      3.549643     -0.178001      5.805952
      0.372549      0.940855     -0.009595      0.008462      0.000000       -151.324103        141.256000      9.736928      3.707839     -0.178001      5.805952
      0.382353      0.941380     -0.008697      0.022050      0.000000       -154.150777        142.168685     10.073516      3.866218     -0.178001      5.805952
      0.392157      0.941834     -0.007198      0.029687      0.000000       -156.196358        143.113259     10.410280      4.024764     -0.178001      5.805952
      0.401961      0.942194     -0.005415      0.032204      0.000000       -157.562894        144.085006     10.747191      4.183449     -0.178001      5.805952
      0.411765      0.942450     -0.003607      0.030756      0.000000       -158.397673        145.077698     11.084211      4.342240     -0.178001      5.805952
      0.421569      0.942608     -0.001965      0.026615      0.000000       -158.867052        146.084621     11.421306      4.501101     -0.178001      5.805952
      0.431373      0.942679     -0.000605      0.020996      0.000000       -159.132395        147.099433     11.758440      4.660001     -0.178001      5.805952
      0.441176      0.942683      0.000417      0.014918      0.000000       -159.332211        148.116771     12.095588      4.818913     -0.178001      5.805952
      0.450980      0.942638      0.001099      0.009151      0.000000       -159.572240        149.132560     12.432728      4.977818     -0.178001      5.805952
      0.460784      0.942564      0.001474      0.004195      0.000000       -159.922921        150.144078     12.769846      5.136702     -0.178001      5.805952
      0.470588      0.942475      0.001597      0.000312      0.000000       -160.422305        151.149840     13.106934      5.295558     -0.178001      5.805952
      0.480392      0.942385      0.001532     -0.002425      0.000000       -161.082080        152.149368     13.443990      5.454384     -0.178001      5.805952
      0.490196      0.942303      0.001342     -0.004081      0.000000       -161.894741        153.142933     13.781016      5.613180     -0.178001      5.805952
      0.500000      0.942234      0.001085     -0.004801      0.000000       -162.840550        154.131285     14.118014      5.771951     -0.178001      5.805952
      0.509804      0.942180      0.000809     -0.004777      0.000000       -163.893546        155.115428     14.454990      5.930702     -0.178001      5.805952
      0.519608      0.942142      0.000551     -0.004204      0.000000       -165.026306        156.096432     14.791949      6.089436     -0.178001      5.805952
      0.529412      0.942117      0.000338     -0.003263      0.000000       -166.213459        157.075291     15.128897      6.248161     -0.178001      5.805952
      0.539216      0.942102      0.000184     -0.002101      0.000000       -167.434092        158.052828     15.465838      6.406878     -0.178001      5.805952
      0.549020      0.942094      0.000100     -0.000825      0.000000       -168.673256        159.029634     15.802776      6.565592     -0.178001      5.805952
      0.558824      0.942089      0.000091      0.000507      0.000000       -169.922820        160.006028     16.139711      6.724304     -0.178001      5.805952
      0.568627      0.942082      0.000159      0.001882      0.000000       -171.181897        160.982047     16.476644      6.883014     -0.178001      5.805952
      0.578431      0.942070      0.000307      0.003337      0.000000       -172.457099        161.957428     16.813574      7.041721     -0.178001      5.805952
      0.588235      0.942046      0.000542      0.004958      0.000000       -173.762840        162.931600     17.150497      7.200422     -0.178001      5.805952
      0.598039      0.942006      0.000877      0.006880      0.000000       -175.121929        163.903660     17.487409      7.359112     -0.178001      5.805952
      0.607843      0.941944      0.001335      0.009296      0.000000       -176.566659        164.872321     17.824303      7.517785     -0.178001      5.805952
      0.617647      0.941851      0.001950      0.012461      0.000000       -178.140602        165.835840     18.161170      7.676432     -0.178001      5.805952
      0.627451      0.941718      0.002774      0.016712      0.000000       -179.901273        166.791896     18.497997      7.835041     -0.178001      5.805952
      0.637255      0.941530      0.003881      0.022481      0.000000       -181.923739        167.737426     18.834767      7.993597     -0.178001      5.805952
      0.647059      0.941269      0.005372      0.030326      0.000000       -184.305129        168.668399     19.171457      8.152076     -0.178001      5.805952
      0.656863      0.940908      0.007386      0.040954      0.000000       -187.169647        169.579542     19.508036      8.310450     -0.178001      5.805952
      0.666667      0.940415      0.010104      0.055247      0.000000       -190.673213        170.464012     19.844465      8.468679     -0.178001      5.805952
      0.676471      0.939740      0.013765      0.074279      0.000000       -195.005946        171.313066     20.180686      8.626707     -0.178001      5.805952
      0.686275      0.938824      0.018674      0.099295      0.000000       -200.389502        172.115780     20.516624      8.784461     -0.178001      5.805952
      0.696078      0.937584      0.025208      0.131651      0.000000       -207.064908        172.858944     20.852180      8.941839     -0.178001      5.805952
      0.705882      0.935915      0.033826      0.172668      0.000000       -215.265780        173.527317     21.187219      9.098702     -0.178001      5.805952
      0.715686      0.933684      0.045050      0.223384      0.000000       -225.173253        174.104437     21.521565      9.254863     -0.178001      5.805952
      0.725490      0.930728      0.059449      0.284227      0.000000       -236.854625        174.574183     21.854989      9.410074     -0.178001      5.805952
      0.735294      0.926850      0.077589      0.354658      0.000000       -250.198523        174.923053     22.187198      9.564003     -0.178001      5.805952
      0.745098      0.921824      0.099973      0.432930      0.000000       -264.871802        175.142825     22.517821      9.716225     -0.178001      5.805952
      0.754902      0.915402      0.126969      0.516121      0.000000       -280.327726        175.232839     22.846404      9.866199     -0.178001      5.805952
      0.764706      0.907321      0.158753      0.600519      0.000000       -295.880533        175.201022     23.172402     10.013265     -0.178001      5.805952
      0.774510      0.897319      0.195283      0.682282      0.000000       -310.829827        175.063059     23.495174     10.156643     -0.178001      5.805952
      0.784314      0.885152      0.236313      0.758143      0.000000       -324.589322        174.839870     23.813989     10.295454     -0.178001      5.805952
      0.794118      0.870599      0.281437      0.825882      0.000000       -336.772074        174.554280     24.128031     10.428744     -0.178001      5.805952
      0.803922      0.853480      0.330158      0.884458      0.000000       -347.210326        174.227923     24.436415     10.555539     -0.178001      5.805952
      0.813725      0.833653      0.381951      0.933844      0.000000       -355.920974        173.879171     24.738196     10.674886     -0.178001      5.805952
      0.823529      0.811022      0.436307      0.974709      0.000000       -363.044997        173.522234     25.032386     10.785911     -0.178001      5.805952
      0.833333      0.785532      0.492772      1.008094      0.000000       -368.786981        173.167199     25.317972     10.887869     -0.178001      5.805952
      0.843137      0.757168      0.550951      1.035161      0.000000       -373.369009        172.820612     25.593928     10.980183     -0.178001      5.805952
      0.852941      0.725948      0.610518      1.057030      0.000000       -377.002030        172.486256     25.859227     11.062479     -0.178001      5.805952
      0.862745      0.691925      0.671206      1.074698      0.000000       -379.871647        172.165900     26.112858     11.134601     -0.178001      5.805952
      0.872549      0.655177      0.732801      1.089009      0.000000       -382.133569        171.859926     26.353830     11.196625     -0.178001      5.805952
      0.882353      0.615808      0.795131      1.100655      0.000000       -383.914496        171.567808     26.581188     11.248851     -0.178001      5.805952
      0.892157      0.573944      0.858062      1.110194      0.000000       -385.315534        171.288448     26.794015     11.291793     -0.178001      5.805952
      0.901961      0.529729      0.921486      1.118067      0.000000       -386.416398        171.020403     26.991445     11.326151     -0.178001      5.805952
      0.911765      0.483325      0.985320      1.124626      0.000000       -387.279499        170.762035     27.172665     11.352782     -0.178001      5.805952
      0.921569      0.434909      1.049496      1.130146      0.000000       -387.953535        170.511598     27.336923     11.372659     -0.178001      5.805952
      0.931373      0.384669      1.113963      1.134847      0.000000       -388.476459        170.267292     27.483534     11.386827     -0.178001      5.805952
      0.941176      0.332809      1.178678      1.138904      0.000000       -388.877873        170.027284     27.611881     11.396360     -0.178001      5.805952
      0.950980      0.279540      1.243609      1.142455      0.000000       -389.180894        169.789722     27.721422     11.402307     -0.178001      5.805952
      0.960784      0.225081      1.308730      1.145614      0.000000       -389.403619        169.552733     27.811692     11.405653     -0.178001      5.805952
      0.970588      0.169662      1.374022      1.148476      0.000000       -389.560250        169.314426     27.882306     11.407270     -0.178001      5.805952
      0.980392      0.113515      1.439471      1.151119      0.000000       -389.661979        169.072883     27.932963     11.407879     -0.178001      5.805952
      0.990196      0.056880      1.505065      1.153624      0.000000       -389.717693        168.826163     27.963444     11.408020     -0.178001      5.805952
      1.000000      0.000000      1.570796      1.155363      0.000000       -389.732699        168.662514     27.973619     11.408030     -0.178001      5.805952
