             t             r           psi            cs            qs                 p               sig             A             V            Q2             S
      0.000000      0.000000     -1.570796      0.891822      0.000000       -103.744441         58.164296      0.000000      0.000000     -0.208881      7.922669
      0.009804      0.077611     -1.501352      0.897633      0.000000       -103.767708         57.916261      0.018946      0.000025     -0.208881      7.922669
      0.019608      0.154845     -1.431331      0.905471      0.000000       -103.851674         57.591998      0.075693      0.000407     -0.208881      7.922669
      0.029412      0.231320     -1.360666      0.914275      0.000000       -104.011776         57.275088      0.169962      0.002052     -0.208881      7.922669
      0.039216      0.306643     -1.289263      0.924552      0.000000       -104.271691         56.960865      0.301290      0.006436     -0.208881      7.922669
      0.049020      0.380416     -1.216984      0.936973      0.000000       -104.665540         56.644686      0.469016      0.015539     -0.208881      7.922669
      0.058824      0.452229     -1.143628      0.952488      0.000000       -105.243447         56.321890      0.672284      0.031767     -0.208881      7.922669
      0.068627      0.521660     -1.068903      0.972486      0.000000       -106.080536         55.987795      0.910035      0.057835     -0.208881      7.922669
      0.078431      0.588265     -0.992386      0.999069      0.000000       -107.291926         55.637788      1.181001      0.096644     -0.208881      7.922669
      0.088235      0.651571     -0.913448      1.035507      0.000000       -109.058151         55.267724      1.483687      0.151138     -0.208881      7.922669
      0.098039      0.711054     -0.831136      1.087016      0.000000       -111.668364         54.875052      1.816359      0.224153     -0.208881      7.922669
      0.107843      0.766105     -0.743980      1.162002      0.000000       -115.590821         54.461852      2.177006      0.318245     -0.208881      7.922669
      0.117647      0.815979     -0.649680      1.273618      0.000000       -121.567729         54.042747      2.563290      0.435503     -0.208881      7.922669
      0.127451      0.859706     -0.544724      1.439309      0.000000       -130.629499         53.665358      2.972461      0.577290     -0.208881      7.922669
      0.137255      0.895969     -0.424463      1.665484      0.000000       -143.408933         53.459909      3.401212      0.743808     -0.208881      7.922669
      0.147059      0.923072     -0.286221      1.874833      0.000000       -156.568180         53.727811      3.845499      0.933218     -0.208881      7.922669
      0.156863      0.939479     -0.140939      1.784488      0.000000       -155.895406         54.924599      4.300445      1.140315     -0.208881      7.922669
      0.166667      0.945526     -0.022819      1.190186      0.000000       -128.379605         57.120473      4.760793      1.356647     -0.208881      7.922669
      0.176471      0.944454      0.041186      0.484061      0.000000        -91.885928         59.589744      5.222183      1.574689     -0.208881      7.922669
      0.186275      0.940324      0.059396      0.033892      0.000000        -67.576168         61.686392      5.682158      1.791144     -0.208881      7.922669
      0.196078      0.935864      0.052930     -0.167849      0.000000        -56.930727         63.313657      6.139960      2.005510     -0.208881      7.922669
      0.205882      0.932342      0.037073     -0.223289      0.000000        -54.817287         64.601785      6.595785      2.218159     -0.208881      7.922669
      0.215686      0.930131      0.020126     -0.204948      0.000000        -57.146721         65.689505      7.050208      2.429633     -0.208881      7.922669
      0.225490      0.929140      0.006059     -0.154239      0.000000        -61.478249         66.678814      7.503858      2.640459     -0.208881      7.922669
      0.235294      0.929075     -0.003618     -0.094881      0.000000        -66.384115         67.638681      7.957264      2.851075     -0.208881      7.922669
      0.245098      0.929585     -0.008824     -0.040853      0.000000        -71.004717         68.613273      8.410794      3.061802     -0.208881      7.922669
      0.254902      0.930349     -0.010306      0.000155      0.000000        -74.846899         69.627364      8.864646      3.272823     -0.208881      7.922669
      0.264706      0.931119     -0.009213      0.025333      0.000000        -77.706897         70.689954      9.318880      3.484200     -0.208881      7.922669
      0.274510      0.931745     -0.006755      0.035740      0.000000        -79.621821         71.797915      9.773460      3.695902     -0.208881      7.922669
      0.284314      0.932160     -0.003951      0.034976      0.000000        -80.799406         72.940466     10.228295      3.907845     -0.208881      7.922669
      0.294118      0.932368     -0.001492      0.027598      0.000000        -81.524331         74.103925     10.683280      4.119931     -0.208881      7.922669
      0.303922      0.932410      0.000274      0.017763      0.000000        -82.069445         75.275620     11.138324      4.332073     -0.208881      7.922669
      0.313725      0.932345      0.001282      0.008446      0.000000        -82.639031         76.446198     11.593361      4.544207     -0.208881      7.922669
      0.323529      0.932228      0.001642      0.001271      0.000000        -83.350977         77.610255     12.048350      4.756298     -0.208881      7.922669
      0.333333      0.932102      0.001548     -0.003252      0.000000        -84.247269         78.765835     12.503279      4.968332     -0.208881      7.922669
      0.343137      0.931994      0.001200     -0.005347      0.000000        -85.317205         79.913395     12.958151      5.180312     -0.208881      7.922669
      0.352941      0.931917      0.000765     -0.005610      0.000000        -86.521563         81.054722     13.412976      5.392250     -0.208881      7.922669
      0.362745      0.931874      0.000358     -0.004732      0.000000        -87.811835         82.192054     13.867773      5.604161     -0.208881      7.922669
      0.372549      0.931859      0.000044     -0.003333      0.000000        -89.142927         83.327484     14.322556      5.816059     -0.208881      7.922669
      0.382353      0.931864     -0.000158     -0.001875      0.000000        -90.479927         84.462639     14.777337      6.027955     -0.208881      7.922669
      0.392157      0.931881     -0.000254     -0.000647      0.000000        -91.800330         85.598568     15.232123      6.239857     -0.208881      7.922669
      0.401961      0.931902     -0.000268      0.000222      0.000000        -93.093204         86.735778     15.686919      6.451767     -0.208881      7.922669
      0.411765      0.931921     -0.000229      0.000716      0.000000        -94.356663         87.874358     16.141725      6.663686     -0.208881      7.922669
      0.421569      0.931937     -0.000165      0.000894      0.000000        -95.594734         89.014119     16.596539      6.875614     -0.208881      7.922669
      0.431373      0.931947     -0.000096      0.000847      0.000000        -96.814384         90.154736     17.051360      7.087547     -0.208881      7.922669
      0.441176      0.931952     -0.000037      0.000670      0.000000        -98.023171         91.295858     17.506184      7.299484     -0.208881      7.922669
      0.450980      0.931953      0.000007      0.000445      0.000000        -99.227693         92.437178     17.961010      7.511422     -0.208881      7.922669
      0.460784      0.931951      0.000033      0.000230      0.000000       -100.432807         93.578470     18.415836      7.723360     -0.208881      7.922669
      0.470588      0.931948      0.000044      0.000056      0.000000       -101.641452         94.719599     18.870660      7.935296     -0.208881      7.922669
      0.480392      0.931945      0.000043     -0.000061      0.000000       -102.854871         95.860505     19.325483      8.147232     -0.208881      7.922669
      0.490196      0.931942      0.000035     -0.000124      0.000000       -104.073042         97.001191     19.780304      8.359165     -0.208881      7.922669
      0.500000      0.931939      0.000025     -0.000142      0.000000       -105.295162         98.141693     20.235124      8.571098     -0.208881      7.922669
      0.509804      0.931938      0.000014     -0.000129      0.000000       -106.520074         99.282066     20.689943      8.783030     -0.208881      7.922669
      0.519608      0.931937      0.000005     -0.000099      0.000000       -107.746598        100.422363     21.144761      8.994961     -0.208881      7.922669
      0.529412      0.931937     -0.000001     -0.000063      0.000000       -108.973739        101.562632     21.599579      9.206892     -0.208881      7.922669
      0.539216      0.931937     -0.000005     -0.000028      0.000000       -110.200790        102.702905     22.054397      9.418823     -0.208881      7.922669
      0.549020      0.931938     -0.000006      0.000002      0.000000       -111.427355        103.843201     22.509216      9.630754     -0.208881      7.922669
      0.558824      0.931938     -0.000004      0.000024      0.000000       -112.653319        104.983525     22.964034      9.842685     -0.208881      7.922669
      0.568627      0.931938     -0.000002      0.000042      0.000000       -113.878795        106.123871     23.418853     10.054617     -0.208881      7.922669
      0.578431      0.931938      0.000002      0.000057      0.000000       -115.104070        107.264227     23.873672     10.266548     -0.208881      7.922669
      0.588235      0.931938      0.000007      0.000073      0.000000       -116.329575        108.404572     24.328490     10.478480     -0.208881      7.922669
      0.598039      0.931937      0.000013      0.000096      0.000000       -117.555874        109.544880     24.783309     10.690411     -0.208881      7.922669
      0.607843      0.931936      0.000022      0.000133      0.000000       -118.783701        110.685117     25.238127     10.902341     -0.208881      7.922669
      0.617647      0.931934      0.000035      0.000191      0.000000       -120.014052        111.825236     25.692944     11.114271     -0.208881      7.922669
      0.627451      0.931930      0.000053      0.000283      0.000000       -121.248332        112.965173     26.147760     11.326200     -0.208881      7.922669
      0.637255      0.931925      0.000080      0.000427      0.000000       -122.488603        114.104832     26.602573     11.538127     -0.208881      7.922669
      0.647059      0.931918      0.000121      0.000647      0.000000       -123.737945        115.244068     27.057384     11.750051     -0.208881      7.922669
      0.656863      0.931906      0.000183      0.000982      0.000000       -125.001017        116.382666     27.512190     11.961970     -0.208881      7.922669
      0.666667      0.931888      0.000278      0.001489      0.000000       -126.284869        117.520297     27.966989     12.173883     -0.208881      7.922669
      0.676471      0.931861      0.000421      0.002254      0.000000       -127.600169        118.656463     28.421777     12.385786     -0.208881      7.922669
      0.686275      0.931821      0.000638      0.003405      0.000000       -128.963007        119.790413     28.876549     12.597674     -0.208881      7.922669
      0.696078      0.931759      0.000965      0.005132      0.000000       -130.397558        120.921014     29.331296     12.809539     -0.208881      7.922669
      0.705882      0.931667      0.001457      0.007718      0.000000       -131.939941        122.046567     29.786007     13.021370     -0.208881      7.922669
      0.715686      0.931527      0.002197      0.011579      0.000000       -133.643755        123.164537     30.240661     13.233148     -0.208881      7.922669
      0.725490      0.931316      0.003305      0.017320      0.000000       -135.587745        124.271160     30.695231     13.444847     -0.208881      7.922669
      0.735294      0.930999      0.004958      0.025811      0.000000       -137.885986        125.360907     31.149674     13.656426     -0.208881      7.922669
      0.745098      0.930525      0.007417      0.038276      0.000000       -140.700349        126.425756     31.603926     13.867826     -0.208881      7.922669
      0.754902      0.929817      0.011050      0.056391      0.000000       -144.253500        127.454284     32.057894     14.078956     -0.208881      7.922669
      0.764706      0.928765      0.016379      0.082339      0.000000       -148.837517        128.430659     32.511437     14.289682     -0.208881      7.922669
      0.774510      0.927210      0.024113      0.118772      0.000000       -154.807749        129.333809     32.964352     14.499800     -0.208881      7.922669
      0.784314      0.924933      0.035176      0.168536      0.000000       -162.544877        130.137300     33.416343     14.709013     -0.208881      7.922669
      0.794118      0.921632      0.050703      0.234035      0.000000       -172.365849        130.810823     33.866986     14.916881     -0.208881      7.922669
      0.803922      0.916912      0.071966      0.316207      0.000000       -184.379259        131.324210     34.315690     15.122768     -0.208881      7.922669
      0.813725      0.910282      0.100215      0.413361      0.000000       -198.325068        131.654161     34.761647     15.325773     -0.208881      7.922669
      0.823529      0.901167      0.136444      0.520592      0.000000       -213.496548        131.791971     35.203786     15.524660     -0.208881      7.922669
      0.833333      0.888940      0.181156      0.630472      0.000000       -228.847145        131.748561     35.640743     15.717823     -0.208881      7.922669
      0.843137      0.872976      0.234246      0.735049      0.000000       -243.277778        131.553296     36.070846     15.903290     -0.208881      7.922669
      0.852941      0.852708      0.295043      0.828100      0.000000       -255.951779        131.246527     36.492129     16.078810     -0.208881      7.922669
      0.862745      0.827670      0.362504      0.906382      0.000000       -266.460405        130.869785     36.902372     16.242029     -0.208881      7.922669
      0.872549      0.797532      0.435451      0.969501      0.000000       -274.791643        130.458204     37.299163     16.390701     -0.208881      7.922669
      0.882353      0.762102      0.512757      1.018945      0.000000       -281.186642        130.037233     37.679958     16.522926     -0.208881      7.922669
      0.892157      0.721325      0.593447      1.057026      0.000000       -285.990141        129.622875     38.042158     16.637358     -0.208881      7.922669
      0.901961      0.675271      0.676731      1.086147      0.000000       -289.549222        129.223665     38.383164     16.733350     -0.208881      7.922669
      0.911765      0.624115      0.761999      1.108427      0.000000       -292.164224        128.842951     38.700439     16.811030     -0.208881      7.922669
      0.921569      0.568128      0.848789      1.125581      0.000000       -294.074722        128.480789     38.991558     16.871304     -0.208881      7.922669
      0.931373      0.507659      0.936756      1.138935      0.000000       -295.463158        128.135276     39.254243     16.915776     -0.208881      7.922669
      0.941176      0.443124      1.025646      1.149489      0.000000       -296.464864        127.803391     39.486407     16.946613     -0.208881      7.922669
      0.950980      0.374997      1.115272      1.157988      0.000000       -297.178826        127.481486     39.686179     16.966357     -0.208881      7.922669
      0.960784      0.303799      1.205497      1.164990      0.000000       -297.676976        127.165548     39.851931     16.977707     -0.208881      7.922669
      0.970588      0.230094      1.296221      1.170918      0.000000       -298.011480        126.851322     39.982300     16.983286     -0.208881      7.922669
      0.980392      0.154475      1.387375      1.176097      0.000000       -298.220198        126.534368     40.076207     16.985415     -0.208881      7.922669
      0.990196      0.077564      1.478911      1.180792      0.000000       -298.330717        126.210085     40.132869     16.985916     -0.208881      7.922669
      1.000000      0.000000      1.570796      1.184331      0.000000       -298.361541        125.962048     40.151809     16.985950     -0.208881      7.922669
