             t             r           psi            cs            qs                 p               sig             A             V            Q2             S
      0.000000      0.000000     -1.570796      0.938410      0.000000       -100.980092         53.803843      0.000000     -0.000000     -0.287675      4.539075
      0.009804      0.044488     -1.529000      0.941214      0.000000       -100.986498         53.703792      0.006220      0.000003     -0.287675      4.539075
      0.019608      0.088898     -1.487014      0.945802      0.000000       -101.012129         53.525945      0.024871      0.000046     -0.287675      4.539075
      0.029412      0.133151     -1.444820      0.950558      0.000000       -101.058074         53.351948      0.055919      0.000234     -0.287675      4.539075
      0.039216      0.177167     -1.402408      0.955606      0.000000       -101.127348         53.181016      0.099308      0.000737     -0.287675      4.539075
      0.049020      0.220866     -1.359764      0.961032      0.000000       -101.223560         53.012386      0.154963      0.001794     -0.287675      4.539075
      0.058824      0.264167     -1.316868      0.966936      0.000000       -101.351087         52.845316      0.222782      0.003704     -0.287675      4.539075
      0.068627      0.306986     -1.273696      0.973429      0.000000       -101.515263         52.679092      0.302644      0.006824     -0.287675      4.539075
      0.078431      0.349241     -1.230220      0.980648      0.000000       -101.722623         52.513026      0.394400      0.011563     -0.287675      4.539075
      0.088235      0.390847     -1.186404      0.988753      0.000000       -101.981202         52.346464      0.497883      0.018374     -0.287675      4.539075
      0.098039      0.431719     -1.142204      0.997942      0.000000       -102.300923         52.178798      0.612899      0.027749     -0.287675      4.539075
      0.107843      0.471769     -1.097566      1.008453      0.000000       -102.694084         52.009474      0.739229      0.040209     -0.287675      4.539075
      0.117647      0.510909     -1.052426      1.020582      0.000000       -103.175984         51.838020      0.876633      0.056294     -0.287675      4.539075
      0.127451      0.549048     -1.006704      1.034693      0.000000       -103.765708         51.664078      1.024843      0.076555     -0.287675      4.539075
      0.137255      0.586090     -0.960301      1.051238      0.000000       -104.487114         51.487463      1.183566      0.101541     -0.287675      4.539075
      0.147059      0.621939     -0.913097      1.070777      0.000000       -105.370025         51.308244      1.352481      0.131792     -0.287675      4.539075
      0.156863      0.656491     -0.864945      1.094002      0.000000       -106.451599         51.126877      1.531241      0.167822     -0.287675      4.539075
      0.166667      0.689637     -0.815663      1.121759      0.000000       -107.777744         50.944409      1.719468      0.210114     -0.287675      4.539075
      0.176471      0.721259     -0.765025      1.155058      0.000000       -109.404176         50.762788      1.916753      0.259100     -0.287675      4.539075
      0.186275      0.751231     -0.712761      1.195052      0.000000       -111.396216         50.585336      2.122652      0.315153     -0.287675      4.539075
      0.196078      0.779410     -0.658547      1.242937      0.000000       -113.825298         50.417472      2.336684      0.378565     -0.287675      4.539075
      0.205882      0.805642     -0.602006      1.299687      0.000000       -116.758147         50.267777      2.558326      0.449536     -0.287675      4.539075
      0.215686      0.829750     -0.542738      1.365458      0.000000       -120.231041         50.149496      2.787011      0.528146     -0.287675      4.539075
      0.225490      0.851542     -0.480370      1.438412      0.000000       -124.196815         50.082474      3.022117      0.614328     -0.287675      4.539075
      0.235294      0.870807     -0.414694      1.512694      0.000000       -128.429908         50.095163      3.262968      0.707831     -0.287675      4.539075
      0.245098      0.887332     -0.345901      1.575654      0.000000       -132.388233         50.225478      3.508828      0.808184     -0.287675      4.539075
      0.254902      0.900927     -0.274942      1.605782      0.000000       -135.087861         50.517865      3.758902      0.914651     -0.287675      4.539075
      0.264706      0.911472     -0.203888      1.575139      0.000000       -135.161021         51.013013      4.012353      1.026230     -0.287675      4.539075
      0.274510      0.918979     -0.136008      1.460559      0.000000       -131.324161         51.729427      4.268325      1.141699     -0.287675      4.539075
      0.284314      0.923635     -0.075181      1.260399      0.000000       -123.190905         52.645249      4.525991      1.259753     -0.287675      4.539075
      0.294118      0.925814     -0.024706      1.001830      0.000000       -111.776269         53.696495      4.784602      1.379194     -0.287675      4.539075
      0.303922      0.926012      0.013761      0.728044      0.000000        -99.066715         54.798346      5.043534      1.499077     -0.287675      4.539075
      0.313725      0.924765      0.040435      0.476815      0.000000        -87.012893         55.874671      5.302306      1.618772     -0.287675      4.539075
      0.323529      0.922567      0.056847      0.268780      0.000000        -76.836921         56.875746      5.560586      1.737915     -0.287675      4.539075
      0.333333      0.919830      0.065074      0.108802      0.000000        -68.968829         57.779331      5.818167      1.856336     -0.287675      4.539075
      0.343137      0.916870      0.067182     -0.007361      0.000000        -63.318998         58.582796      6.074946      1.973982     -0.287675      4.539075
      0.352941      0.913919      0.064956     -0.087334      0.000000        -59.563962         59.294331      6.330893      2.090870     -0.287675      4.539075
      0.362745      0.911136      0.059829     -0.138950      0.000000        -57.326871         59.926637      6.586036      2.207052     -0.287675      4.539075
      0.372549      0.908623      0.052909     -0.168976      0.000000        -56.261777         60.493323      6.840437      2.322601     -0.287675      4.539075
      0.382353      0.906443      0.045029     -0.182842      0.000000        -56.081030         61.007188      7.094181      2.437599     -0.287675      4.539075
      0.392157      0.904622      0.036812     -0.184766      0.000000        -56.556208         61.479555      7.347365      2.552132     -0.287675      4.539075
      0.401961      0.903166      0.028713     -0.177993      0.000000        -57.509423         61.920154      7.600091      2.666286     -0.287675      4.539075
      0.411765      0.902060      0.021062     -0.165026      0.000000        -58.802761         62.337221      7.852460      2.780142     -0.287675      4.539075
      0.421569      0.901281      0.014088     -0.147817      0.000000        -60.328826         62.737674      8.104565      2.893780     -0.287675      4.539075
      0.431373      0.900794      0.007946     -0.127903      0.000000        -62.003240         63.127297      8.356495      3.007269     -0.287675      4.539075
      0.441176      0.900560      0.002727     -0.106508      0.000000        -63.759081         63.510888      8.608325      3.120673     -0.287675      4.539075
      0.450980      0.900537     -0.001526     -0.084613      0.000000        -65.542969         63.892387      8.860119      3.234048     -0.287675      4.539075
      0.460784      0.900682     -0.004808     -0.063000      0.000000        -67.312457         64.274961      9.111932      3.347438     -0.287675      4.539075
      0.470588      0.900951     -0.007146     -0.042275      0.000000        -69.034414         64.661073      9.363804      3.460880     -0.287675      4.539075
      0.480392      0.901304     -0.008591     -0.022892      0.000000        -70.684119         65.052523      9.615763      3.574400     -0.287675      4.539075
      0.490196      0.901703     -0.009208     -0.005156      0.000000        -72.244827         65.450482      9.867829      3.688014     -0.287675      4.539075
      0.500000      0.902113     -0.009077      0.010769      0.000000        -73.707613         65.855526     10.120008      3.801730     -0.287675      4.539075
      0.509804      0.902501     -0.008277      0.024856      0.000000        -75.071304         66.267658     10.372300      3.915549     -0.287675      4.539075
      0.519608      0.902841     -0.006890      0.037209      0.000000        -76.342380         66.686342     10.624694      4.029460     -0.287675      4.539075
      0.529412      0.903107     -0.004988      0.048054      0.000000        -77.534726         67.110545     10.877173      4.143450     -0.287675      4.539075
      0.539216      0.903278     -0.002631      0.057725      0.000000        -78.669202         67.538774     11.129714      4.257497     -0.287675      4.539075
      0.549020      0.903335      0.000139      0.066656      0.000000        -79.772998         67.969128     11.382287      4.371573     -0.287675      4.539075
      0.558824      0.903260      0.003298      0.075355      0.000000        -80.878821         68.399342     11.634858      4.485648     -0.287675      4.539075
      0.568627      0.903035      0.006850      0.084393      0.000000        -82.023929         68.826833     11.887387      4.599684     -0.287675      4.539075
      0.578431      0.902644      0.010823      0.094383      0.000000        -83.249058         69.248741     12.139831      4.713640     -0.287675      4.539075
      0.588235      0.902065      0.015274      0.105959      0.000000        -84.597264         69.661964     12.392140      4.827468     -0.287675      4.539075
      0.598039      0.901276      0.020287      0.119762      0.000000        -86.112651         70.063190     12.644258      4.941116     -0.287675      4.539075
      0.607843      0.900250      0.025975      0.136417      0.000000        -87.838934         70.448929     12.896123      5.054524     -0.287675      4.539075
      0.617647      0.898953      0.032479      0.156515      0.000000        -89.817747         70.815546     13.147664      5.167622     -0.287675      4.539075
      0.627451      0.897345      0.039964      0.180582      0.000000        -92.086612         71.159316     13.398800      5.280330     -0.287675      4.539075
      0.637255      0.895379      0.048617      0.209057      0.000000        -94.676496         71.476499     13.649437      5.392555     -0.287675      4.539075
      0.647059      0.892999      0.058641      0.242253      0.000000        -97.608990         71.763436     13.899469      5.504187     -0.287675      4.539075
      0.656863      0.890140      0.070250      0.280322      0.000000       -100.893249         72.016695     14.148769      5.615097     -0.287675      4.539075
      0.666667      0.886726      0.083662      0.323222      0.000000       -104.523056         72.233236     14.397195      5.725131     -0.287675      4.539075
      0.676471      0.882673      0.099085      0.370681      0.000000       -108.474479         72.410608     14.644578      5.834113     -0.287675      4.539075
      0.686275      0.877889      0.116713      0.422192      0.000000       -112.704775         72.547142     14.890729      5.941833     -0.287675      4.539075
      0.696078      0.872275      0.136710      0.477012      0.000000       -117.153084         72.642122     15.135428      6.048051     -0.287675      4.539075
      0.705882      0.865724      0.159203      0.534198      0.000000       -121.743301         72.695903     15.378428      6.152493     -0.287675      4.539075
      0.715686      0.858129      0.184273      0.592667      0.000000       -126.389036         72.709941     15.619454      6.254852     -0.287675      4.539075
      0.725490      0.849380      0.211953      0.651273      0.000000       -131.000114         72.686734     15.858197      6.354787     -0.287675      4.539075
      0.735294      0.839371      0.242223      0.708897      0.000000       -135.489651         72.629659     16.094321      6.451932     -0.287675      4.539075
      0.745098      0.827999      0.275016      0.764526      0.000000       -139.780546         72.542745     16.327457      6.545899     -0.287675      4.539075
      0.754902      0.815171      0.310225      0.817320      0.000000       -143.810402         72.430395     16.557213      6.636287     -0.287675      4.539075
      0.764706      0.800803      0.347708      0.866650      0.000000       -147.534288         72.297113     16.783168      6.722697     -0.287675      4.539075
      0.774510      0.784823      0.387300      0.912108      0.000000       -150.925242         72.147260     17.004882      6.804738     -0.287675      4.539075
      0.784314      0.767171      0.428826      0.953497      0.000000       -153.972882         71.984857     17.221895      6.882047     -0.287675      4.539075
      0.794118      0.747803      0.472102      0.990800      0.000000       -156.680741         71.813465     17.433733      6.954300     -0.287675      4.539075
      0.803922      0.726689      0.516950      1.024140      0.000000       -159.062993         71.636111     17.639913      7.021221     -0.287675      4.539075
      0.813725      0.703813      0.563197      1.053744      0.000000       -161.141134         71.455279     17.839943      7.082601     -0.287675      4.539075
      0.823529      0.679174      0.610684      1.079901      0.000000       -162.941017         71.272928     18.033330      7.138300     -0.287675      4.539075
      0.833333      0.652783      0.659263      1.102934      0.000000       -164.490426         71.090542     18.219582      7.188259     -0.287675      4.539075
      0.843137      0.624668      0.708805      1.123175      0.000000       -165.817270         70.909185     18.398214      7.232501     -0.287675      4.539075
      0.852941      0.594865      0.759191      1.140950      0.000000       -166.948332         70.729570     18.568747      7.271135     -0.287675      4.539075
      0.862745      0.563423      0.810319      1.156565      0.000000       -167.908494         70.552111     18.730717      7.304350     -0.287675      4.539075
      0.872549      0.530404      0.862099      1.170305      0.000000       -168.720324         70.376983     18.883673      7.332416     -0.287675      4.539075
      0.882353      0.495877      0.914454      1.182425      0.000000       -169.403927         70.204168     19.027185      7.355670     -0.287675      4.539075
      0.892157      0.459922      0.967316      1.193153      0.000000       -169.976967         70.033491     19.160841      7.374513     -0.287675      4.539075
      0.901961      0.422627      1.020629      1.202691      0.000000       -170.454808         69.864650     19.284255      7.389392     -0.287675      4.539075
      0.911765      0.384087      1.074342      1.211217      0.000000       -170.850701         69.697244     19.397064      7.400789     -0.287675      4.539075
      0.921569      0.344406      1.128416      1.218886      0.000000       -171.176007         69.530791     19.498935      7.409208     -0.287675      4.539075
      0.931373      0.303691      1.182814      1.225836      0.000000       -171.440424         69.364741     19.589563      7.415155     -0.287675      4.539075
      0.941176      0.262058      1.237508      1.232185      0.000000       -171.652193         69.198486     19.668677      7.419126     -0.287675      4.539075
      0.950980      0.219628      1.292473      1.238039      0.000000       -171.818308         69.031371     19.736036      7.421587     -0.287675      4.539075
      0.960784      0.176524      1.347690      1.243493      0.000000       -171.944685         68.862701     19.791433      7.422964     -0.287675      4.539075
      0.970588      0.132876      1.403141      1.248632      0.000000       -172.036332         68.691742     19.834699      7.423627     -0.287675      4.539075
      0.980392      0.088815      1.458816      1.253536      0.000000       -172.097490         68.517733     19.865701      7.423876     -0.287675      4.539075
      0.990196      0.044477      1.514706      1.258329      0.000000       -172.131787         68.339882     19.884340      7.423934     -0.287675      4.539075
      1.000000     -0.000000      1.570796      1.261290      0.000000       -172.140389         68.239831     19.890560      7.423938     -0.287675      4.539075
