             t             r           psi            cs            qs                 p               sig             A             V            Q2             S
      0.000000      0.000000     -1.570796     -0.912846      0.000000       -124.588775         68.241909      0.000000      0.000000      0.066399      7.241541
      0.009804      0.070946     -1.505869     -0.917356      0.000000       -124.608250         68.021899      0.015829      0.000018      0.066399      7.241541
      0.019608      0.141591     -1.440525     -0.923520      0.000000       -124.678730         67.724293      0.063250      0.000291      0.066399      7.241541
      0.029412      0.211631     -1.374722     -0.930316      0.000000       -124.811286         67.433501      0.142060      0.001466      0.066399      7.241541
      0.039216      0.280758     -1.308406     -0.938064      0.000000       -125.022860         67.145952      0.251922      0.004600      0.066399      7.241541
      0.049020      0.348657     -1.241494     -0.947161      0.000000       -125.336929         66.858105      0.392358      0.011119      0.066399      7.241541
      0.058824      0.415013     -1.173873     -0.958143      0.000000       -125.786534         66.566421      0.562749      0.022762      0.066399      7.241541
      0.068627      0.479500     -1.105384     -0.971754      0.000000       -126.418895         66.267353      0.762336      0.041515      0.066399      7.241541
      0.078431      0.541789     -1.035806     -0.989056      0.000000       -127.302622         65.957364      0.990211      0.069525      0.066399      7.241541
      0.088235      0.601534     -0.964824     -1.011603      0.000000       -128.539188         65.633041      1.245318      0.109014      0.066399      7.241541
      0.098039      0.658373     -0.891989     -1.041720      0.000000       -130.281364         65.291441      1.526441      0.162175      0.066399      7.241541
      0.107843      0.711911     -0.816648     -1.082940      0.000000       -132.762612         64.930956      1.832198      0.231070      0.066399      7.241541
      0.117647      0.761705     -0.737833     -1.140669      0.000000       -136.341811         64.553368      2.161020      0.317520      0.066399      7.241541
      0.127451      0.807236     -0.654104     -1.222961      0.000000       -141.560037         64.168699      2.511124      0.422985      0.066399      7.241541
      0.137255      0.847859     -0.563349     -1.340510      0.000000       -149.160117         63.806526      2.880471      0.548413      0.066399      7.241541
      0.147059      0.882750     -0.462718     -1.501529      0.000000       -159.821079         63.541388      3.266695      0.694023      0.066399      7.241541
      0.156863      0.910852     -0.349497     -1.686903      0.000000       -172.731479         63.541501      3.667013      0.858928      0.066399      7.241541
      0.166667      0.930999     -0.225138     -1.784760      0.000000       -181.555701         64.113912      4.078133      1.040494      0.066399      7.241541
      0.176471      0.942519     -0.103508     -1.574747      0.000000       -172.449155         65.568650      4.496318      1.233802      0.066399      7.241541
      0.186275      0.946310     -0.009966     -1.024753      0.000000       -141.053946         67.767605      4.917848      1.432612      0.066399      7.241541
      0.196078      0.944947      0.041513     -0.448185      0.000000       -105.519398         70.087691      5.339807      1.632126      0.066399      7.241541
      0.205882      0.941240      0.058454     -0.065128      0.000000        -81.136328         72.073595      5.760544      1.830271      0.066399      7.241541
      0.215686      0.937124      0.055256      0.129389      0.000000        -68.944140         73.652223      6.179484      2.026666      0.066399      7.241541
      0.225490      0.933610      0.042933      0.202696      0.000000        -64.984419         74.916171      6.596697      2.221534      0.066399      7.241541
      0.235294      0.931088      0.028070      0.207922      0.000000        -65.768989         75.974859      7.012558      2.415256      0.066399      7.241541
      0.245098      0.929599      0.014235      0.177877      0.000000        -69.049977         76.914801      7.427527      2.608227      0.066399      7.241541
      0.254902      0.929000      0.003174      0.132313      0.000000        -73.449895         77.798257      7.842038      2.800808      0.066399      7.241541
      0.264706      0.929067     -0.004480      0.083538      0.000000        -78.102228         78.668634      8.256439      2.993294      0.066399      7.241541
      0.274510      0.929557     -0.008799      0.039369      0.000000        -82.448370         79.554882      8.670973      3.185900      0.066399      7.241541
      0.284314      0.930249     -0.010291      0.004448      0.000000        -86.145617         80.474190      9.085779      3.378753      0.066399      7.241541
      0.294118      0.930969     -0.009699     -0.019189      0.000000        -89.030650         81.433845      9.500905      3.571904      0.066399      7.241541
      0.303922      0.931596     -0.007831     -0.031708      0.000000        -91.096937         82.433103      9.916334      3.765340      0.066399      7.241541
      0.313725      0.932068     -0.005418     -0.034916      0.000000        -92.461719         83.465511     10.332010      3.959009      0.066399      7.241541
      0.323529      0.932366     -0.003029     -0.031532      0.000000        -93.317468         84.521553     10.747858      4.152840      0.066399      7.241541
      0.333333      0.932507     -0.001028     -0.024441      0.000000        -93.877877         85.591153     11.163803      4.346763      0.066399      7.241541
      0.343137      0.932526      0.000413     -0.016118      0.000000        -94.333186         86.665551     11.579782      4.540719      0.066399      7.241541
      0.352941      0.932463      0.001274     -0.008333      0.000000        -94.824182         87.738321     11.995749      4.734663      0.066399      7.241541
      0.362745      0.932357      0.001633     -0.002105      0.000000        -95.435322         88.805602     12.411677      4.928571      0.066399      7.241541
      0.372549      0.932240      0.001619      0.002184      0.000000        -96.201375         89.865778     12.827555      5.122432      0.066399      7.241541
      0.382353      0.932133      0.001368      0.004597      0.000000        -97.120536         90.918905     13.243382      5.316245      0.066399      7.241541
      0.392157      0.932048      0.001003      0.005462      0.000000        -98.168563         91.966073     13.659166      5.510019      0.066399      7.241541
      0.401961      0.931991      0.000619      0.005215      0.000000        -99.310885         93.008868     14.074918      5.703763      0.066399      7.241541
      0.411765      0.931959      0.000278      0.004294      0.000000       -100.511518         94.048954     14.490650      5.897488      0.066399      7.241541
      0.421569      0.931949      0.000016      0.003074      0.000000       -101.738771         95.087800     14.906374      6.091206      0.066399      7.241541
      0.431373      0.931955     -0.000158      0.001840      0.000000       -102.968214         96.126545     15.322096      6.284922      0.066399      7.241541
      0.441176      0.931970     -0.000249      0.000773      0.000000       -104.183570         97.165945     15.737824      6.478643      0.066399      7.241541
      0.450980      0.931989     -0.000274     -0.000032      0.000000       -105.376155         98.206405     16.153559      6.672371      0.066399      7.241541
      0.460784      0.932007     -0.000251     -0.000554      0.000000       -106.543472         99.248039     16.569302      6.866108      0.066399      7.241541
      0.470588      0.932024     -0.000201     -0.000818      0.000000       -107.687433        100.290759     16.985054      7.059851      0.066399      7.241541
      0.480392      0.932036     -0.000140     -0.000877      0.000000       -108.812581        101.334352     17.400812      7.253601      0.066399      7.241541
      0.490196      0.932043     -0.000080     -0.000795      0.000000       -109.924551        102.378557     17.816574      7.447354      0.066399      7.241541
      0.500000      0.932047     -0.000029     -0.000634      0.000000       -111.028918        103.423114     18.232339      7.641110      0.066399      7.241541
      0.509804      0.932048      0.000009     -0.000443      0.000000       -112.130452        104.467803     18.648105      7.834867      0.066399      7.241541
      0.519608      0.932046      0.000034     -0.000261      0.000000       -113.232749        105.512457     19.063871      8.028624      0.066399      7.241541
      0.529412      0.932043      0.000047     -0.000112      0.000000       -114.338162        106.556966     19.479636      8.222379      0.066399      7.241541
      0.539216      0.932040      0.000051     -0.000008      0.000000       -115.447937        107.601273     19.895399      8.416133      0.066399      7.241541
      0.549020      0.932036      0.000049      0.000048      0.000000       -116.562475        108.645358     20.311160      8.609886      0.066399      7.241541
      0.558824      0.932033      0.000045      0.000059      0.000000       -117.681638        109.689229     20.726920      8.803638      0.066399      7.241541
      0.568627      0.932030      0.000042      0.000029      0.000000       -118.805066        110.732902     21.142679      8.997388      0.066399      7.241541
      0.578431      0.932027      0.000042     -0.000037      0.000000       -119.932461        111.776391     21.558436      9.191136      0.066399      7.241541
      0.588235      0.932024      0.000048     -0.000140      0.000000       -121.063847        112.819695     21.974192      9.384884      0.066399      7.241541
      0.598039      0.932020      0.000063     -0.000281      0.000000       -122.199813        113.862786     22.389946      9.578630      0.066399      7.241541
      0.607843      0.932014      0.000089     -0.000473      0.000000       -123.341760        114.905599     22.805698      9.772374      0.066399      7.241541
      0.617647      0.932007      0.000132     -0.000736      0.000000       -124.492199        115.948017     23.221448      9.966115      0.066399      7.241541
      0.627451      0.931995      0.000196     -0.001102      0.000000       -125.655149        116.989855     23.637193     10.159853      0.066399      7.241541
      0.637255      0.931978      0.000292     -0.001620      0.000000       -126.836709        118.030827     24.052932     10.353585      0.066399      7.241541
      0.647059      0.931953      0.000431     -0.002363      0.000000       -128.045883        119.070515     24.468661     10.547308      0.066399      7.241541
      0.656863      0.931915      0.000635     -0.003435      0.000000       -129.295798        120.108306     24.884377     10.741018      0.066399      7.241541
      0.666667      0.931860      0.000930     -0.004985      0.000000       -130.605447        121.143312     25.300072     10.934709      0.066399      7.241541
      0.676471      0.931780      0.001359     -0.007228      0.000000       -132.002178        122.174248     25.715738     11.128372      0.066399      7.241541
      0.686275      0.931663      0.001980     -0.010467      0.000000       -133.525158        123.199266     26.131360     11.321994      0.066399      7.241541
      0.696078      0.931492      0.002879     -0.015130      0.000000       -135.230096        124.215716     26.546918     11.515557      0.066399      7.241541
      0.705882      0.931245      0.004176     -0.021814      0.000000       -137.195419        125.219820     26.962385     11.709034      0.066399      7.241541
      0.715686      0.930886      0.006044     -0.031345      0.000000       -139.529921        126.206250     27.377717     11.902385      0.066399      7.241541
      0.725490      0.930368      0.008720     -0.044832      0.000000       -142.381272        127.167581     27.792856     12.095552      0.066399      7.241541
      0.735294      0.929621      0.012537     -0.063728      0.000000       -145.943603        128.093663     28.207716     12.288455      0.066399      7.241541
      0.745098      0.928550      0.017940     -0.089846      0.000000       -150.460159        128.970986     28.622175     12.480973      0.066399      7.241541
      0.754902      0.927023      0.025515     -0.125290      0.000000       -156.213851        129.782246     29.036060     12.672936      0.066399      7.241541
      0.764706      0.924859      0.036002     -0.172231      0.000000       -163.495374        130.506468     29.449129     12.864098      0.066399      7.241541
      0.774510      0.921822      0.050285     -0.232447      0.000000       -172.538920        131.120208     29.861049     13.054111      0.066399      7.241541
      0.784314      0.917609      0.069340     -0.306638      0.000000       -183.425492        131.600314     30.271364     13.242486      0.066399      7.241541
      0.794118      0.911850      0.094131     -0.393673      0.000000       -195.978209        131.928308     30.679469     13.428550      0.066399      7.241541
      0.803922      0.904111      0.125463     -0.490153      0.000000       -209.703984        132.095435     31.084581     13.611402      0.066399      7.241541
      0.813725      0.893920      0.163825     -0.590713      0.000000       -223.841502        132.106404     31.485712     13.789883      0.066399      7.241541
      0.823529      0.880794      0.209288     -0.689159      0.000000       -237.527130        131.979703     31.881661     13.962571      0.066399      7.241541
      0.833333      0.864275      0.261498     -0.779993      0.000000       -250.009937        131.743869     32.271013     14.127819      0.066399      7.241541
      0.843137      0.843965      0.319772     -0.859557      0.000000       -260.808990        131.431302     32.652164     14.283846      0.066399      7.241541
      0.852941      0.819551      0.383244     -0.926371      0.000000       -269.751496        131.072339     33.023350     14.428860      0.066399      7.241541
      0.862745      0.790814      0.451013     -0.980735      0.000000       -276.910455        130.691518     33.382688     14.561214      0.066399      7.241541
      0.872549      0.757637      0.522237     -1.024030      0.000000       -282.502762        130.306385     33.728219     14.679544      0.066399      7.241541
      0.882353      0.719993      0.596197     -1.058079      0.000000       -286.798620        129.928077     34.057954     14.782900      0.066399      7.241541
      0.892157      0.677942      0.672300     -1.084715      0.000000       -290.062779        129.562704     34.369909     14.870830      0.066399      7.241541
      0.901961      0.631619      0.750080     -1.105559      0.000000       -292.525810        129.212810     34.662148     14.943429      0.066399      7.241541
      0.911765      0.581224      0.829174     -1.121953      0.000000       -294.375453        128.878598     34.932806     15.001331      0.066399      7.241541
      0.921569      0.527013      0.909307     -1.134957      0.000000       -295.758552        128.558803     35.180122     15.045676      0.066399      7.241541
      0.931373      0.469291      0.990267     -1.145395      0.000000       -296.787241        128.251285     35.402461     15.078017      0.066399      7.241541
      0.941176      0.408406      1.071897     -1.153895      0.000000       -297.545986        127.953387     35.598332     15.100217      0.066399      7.241541
      0.950980      0.344740      1.154076     -1.160942      0.000000       -298.097961        127.662144     35.766409     15.114308      0.066399      7.241541
      0.960784      0.278709      1.236715     -1.166905      0.000000       -298.490277        127.374390     35.905543     15.122351      0.066399      7.241541
      0.970588      0.210750      1.319747     -1.172075      0.000000       -298.758050        127.086815     36.014774     15.126281      0.066399      7.241541
      0.980392      0.141325      1.403125     -1.176681      0.000000       -298.927495        126.795988     36.093347     15.127775      0.066399      7.241541
      0.990196      0.070912      1.486817     -1.180921      0.000000       -299.018277        126.498367     36.140711     15.128125      0.066399      7.241541
      1.000000      0.000000      1.570796     -1.184065      0.000000       -299.043491        126.278356     36.156537     15.128148      0.066399      7.241541
