             t             r           psi            cs            qs                 p               sig             A             V            Q2             S
      0.000000      0.000000     -1.570796      0.977003      0.000000       -609.572425        311.960523      0.000000      0.000000     -0.117169      4.704073
      0.009804      0.046103     -1.525730      0.977611      0.000000       -609.580252        311.838518      0.006681      0.000003     -0.117169      4.704073
      0.019608      0.092112     -1.480622      0.978579      0.000000       -609.611148        311.627577      0.026709      0.000055     -0.117169      4.704073
      0.029412      0.137933     -1.435469      0.979581      0.000000       -609.666794        311.420427      0.060045      0.000280     -0.117169      4.704073
      0.039216      0.183474     -1.390268      0.980644      0.000000       -609.751123        311.215939      0.106620      0.000880     -0.117169      4.704073
      0.049020      0.228640     -1.345016      0.981788      0.000000       -609.868912        311.012976      0.166340      0.002137     -0.117169      4.704073
      0.058824      0.273339     -1.299709      0.983036      0.000000       -610.026032        310.810392      0.239081      0.004399     -0.117169      4.704073
      0.068627      0.317478     -1.254342      0.984414      0.000000       -610.229760        310.607021      0.324697      0.008082     -0.117169      4.704073
      0.078431      0.360965     -1.208908      0.985953      0.000000       -610.489170        310.401667      0.423010      0.013653     -0.117169      4.704073
      0.088235      0.403710     -1.163398      0.987695      0.000000       -610.815643        310.193093      0.533819      0.021627     -0.117169      4.704073
      0.098039      0.445623     -1.117802      0.989686      0.000000       -611.223558        309.980005      0.656896      0.032553     -0.117169      4.704073
      0.107843      0.486615     -1.072108      0.991988      0.000000       -611.731214        309.761033      0.791986      0.047005     -0.117169      4.704073
      0.117647      0.526597     -1.026298      0.994678      0.000000       -612.362084        309.534719      0.938811      0.065566     -0.117169      4.704073
      0.127451      0.565484     -0.980354      0.997855      0.000000       -613.146553        309.299486      1.097065      0.088820     -0.117169      4.704073
      0.137255      0.603189     -0.934250      1.001648      0.000000       -614.124321        309.053625      1.266418      0.117339     -0.117169      4.704073
      0.147059      0.639628     -0.887954      1.006225      0.000000       -615.347799        308.795275      1.446515      0.151666     -0.117169      4.704073
      0.156863      0.674717     -0.841424      1.011812      0.000000       -616.886929        308.522406      1.636978      0.192307     -0.117169      4.704073
      0.166667      0.708371     -0.794607      1.018711      0.000000       -618.836119        308.232831      1.837402      0.239717     -0.117169      4.704073
      0.176471      0.740508     -0.747435      1.027334      0.000000       -621.324290        307.924241      2.047361      0.294291     -0.117169      4.704073
      0.186275      0.771042     -0.699814      1.038253      0.000000       -624.529524        307.594323      2.266402      0.356351     -0.117169      4.704073
      0.196078      0.799886     -0.651622      1.052260      0.000000       -628.700373        307.241008      2.494048      0.426137     -0.117169      4.704073
      0.205882      0.826950     -0.602693      1.070471      0.000000       -634.186412        306.863014      2.729796      0.503797     -0.117169      4.704073
      0.215686      0.852138     -0.552797      1.094453      0.000000       -641.480100        306.460922      2.973118      0.589381     -0.117169      4.704073
      0.225490      0.875344     -0.501622      1.126383      0.000000       -651.267336        306.039364      3.223454      0.682833     -0.117169      4.704073
      0.235294      0.896447     -0.448737      1.169142      0.000000       -664.465174        305.611377      3.480212      0.783980     -0.117169      4.704073
      0.245098      0.915308     -0.393566      1.226078      0.000000       -682.162280        305.207012      3.742764      0.892521     -0.117169      4.704073
      0.254902      0.931757     -0.335391      1.299505      0.000000       -705.193852        304.889764      4.010437      1.008011     -0.117169      4.704073
      0.264706      0.945594     -0.273500      1.385580      0.000000       -732.644481        304.784841      4.282503      1.129835     -0.117169      4.704073
      0.274510      0.956595     -0.207725      1.461547      0.000000       -758.040953        305.114411      4.558173      1.257159     -0.117169      4.704073
      0.284314      0.964567     -0.139746      1.467711      0.000000       -763.751418        306.193941      4.836595      1.388882     -0.117169      4.704073
      0.294118      0.969477     -0.074749      1.319945      0.000000       -723.999611        308.275367      5.116882      1.523645     -0.117169      4.704073
      0.303922      0.971620     -0.020730      0.999714      0.000000       -631.402918        311.235063      5.398178      1.660016     -0.117169      4.704073
      0.313725      0.971651      0.016432      0.612927      0.000000       -516.435827        314.523033      5.679770      1.796831     -0.117169      4.704073
      0.323529      0.970366      0.036743      0.283926      0.000000       -417.230013        317.582335      5.961162      1.933403     -0.117169      4.704073
      0.333333      0.968459      0.044242      0.058484      0.000000       -348.989949        320.162188      6.242078      2.069452     -0.117169      4.704073
      0.343137      0.966412      0.043545     -0.075721      0.000000       -308.742409        322.260101      6.522411      2.204920     -0.117169      4.704073
      0.352941      0.964514      0.038246     -0.145486      0.000000       -288.509971        323.969435      6.802167      2.339850     -0.117169      4.704073
      0.362745      0.962918      0.030765     -0.173457      0.000000       -281.323238        325.394180      7.081415      2.474323     -0.117169      4.704073
      0.372549      0.961686      0.022646     -0.175277      0.000000       -282.297799        326.621652      7.360253      2.608433     -0.117169      4.704073
      0.382353      0.960825      0.014841     -0.161192      0.000000       -288.217861        327.719261      7.638787      2.742277     -0.117169      4.704073
      0.392157      0.960304      0.007918     -0.137948      0.000000       -296.967588        328.737943      7.917123      2.875944     -0.117169      4.704073
      0.401961      0.960076      0.002186     -0.110134      0.000000       -307.113464        329.716178      8.195351      3.009515     -0.117169      4.704073
      0.411765      0.960082     -0.002221     -0.081006      0.000000       -317.644062        330.683069      8.473548      3.143058     -0.117169      4.704073
      0.421569      0.960260     -0.005302     -0.052943      0.000000       -327.821957        331.660369      8.751774      3.276627     -0.117169      4.704073
      0.431373      0.960552     -0.007148     -0.027683      0.000000       -337.107717        332.663688      9.030069      3.410262     -0.117169      4.704073
      0.441176      0.960903     -0.007917     -0.006421      0.000000       -345.127134        333.703216      9.308458      3.543986     -0.117169      4.704073
      0.450980      0.961269     -0.007812      0.010150      0.000000       -351.660568        334.784229      9.586952      3.677810     -0.117169      4.704073
      0.460784      0.961614     -0.007056      0.021823      0.000000       -356.638253        335.907610      9.865550      3.811734     -0.117169      4.704073
      0.470588      0.961913     -0.005871      0.028834      0.000000       -360.130023        337.070529     10.144242      3.945750     -0.117169      4.704073
      0.480392      0.962152     -0.004459      0.031789      0.000000       -362.323474        338.267306     10.423012      4.079842     -0.117169      4.704073
      0.490196      0.962323     -0.002988      0.031548      0.000000       -363.490754        339.490421     10.701841      4.213992     -0.117169      4.704073
      0.500000      0.962428     -0.001583      0.029104      0.000000       -363.949214        340.731519     10.980711      4.348181     -0.117169      4.704073
      0.509804      0.962472     -0.000322      0.025460      0.000000       -364.023518        341.982296     11.259602      4.482391     -0.117169      4.704073
      0.519608      0.962461      0.000761      0.021541      0.000000       -364.016012        343.235128     11.538497      4.616605     -0.117169      4.704073
      0.529412      0.962404      0.001673      0.018141      0.000000       -364.189272        344.483416     11.817382      4.750809     -0.117169      4.704073
      0.539216      0.962309      0.002452      0.015908      0.000000       -364.761386        345.721644     12.096245      4.884992     -0.117169      4.704073
      0.549020      0.962179      0.003166      0.015366      0.000000       -365.912088        346.945186     12.375076      5.019144     -0.117169      4.704073
      0.558824      0.962016      0.003902      0.016956      0.000000       -367.796659        348.149937     12.653864      5.153254     -0.117169      4.704073
      0.568627      0.961817      0.004769      0.021094      0.000000       -370.564483        349.331824     12.932600      5.287313     -0.117169      4.704073
      0.578431      0.961572      0.005894      0.028227      0.000000       -374.379502        350.486229     13.211271      5.421311     -0.117169      4.704073
      0.588235      0.961267      0.007427      0.038894      0.000000       -379.440098        351.607389     13.489864      5.555231     -0.117169      4.704073
      0.598039      0.960878      0.009546      0.053773      0.000000       -385.995613        352.687786     13.768357      5.689053     -0.117169      4.704073
      0.607843      0.960374      0.012464      0.073709      0.000000       -394.355607        353.717603     14.046721      5.822749     -0.117169      4.704073
      0.617647      0.959713      0.016438      0.099701      0.000000       -404.886085        354.684326     14.324917      5.956277     -0.117169      4.704073
      0.627451      0.958838      0.021770      0.132844      0.000000       -417.984969        355.572650     14.602893      6.089583     -0.117169      4.704073
      0.637255      0.957678      0.028817      0.174175      0.000000       -434.028667        356.364885     14.880575      6.222591     -0.117169      4.704073
      0.647059      0.956148      0.037973      0.224448      0.000000       -453.285689        357.042100     15.157870      6.355196     -0.117169      4.704073
      0.656863      0.954138      0.049660      0.283828      0.000000       -475.804903        357.586128     15.434655      6.487260     -0.117169      4.704073
      0.666667      0.951524      0.064282      0.351589      0.000000       -501.305464        357.982368     15.710773      6.618602     -0.117169      4.704073
      0.676471      0.948163      0.082191      0.425943      0.000000       -529.114425        358.222837     15.986030      6.748988     -0.117169      4.704073
      0.686275      0.943898      0.103629      0.504121      0.000000       -558.199581        358.308632     16.260185      6.878121     -0.117169      4.704073
      0.696078      0.938567      0.128696      0.582752      0.000000       -587.314567        358.250786     16.532954      7.005640     -0.117169      4.704073
      0.705882      0.932007      0.157335      0.658457      0.000000       -615.218956        358.069024     16.804004      7.131117     -0.117169      4.704073
      0.715686      0.924065      0.189342      0.728429      0.000000       -640.893793        357.788716     17.072956      7.254064     -0.117169      4.704073
      0.725490      0.914604      0.224405      0.790810      0.000000       -663.676578        357.437046     17.339390      7.373943     -0.117169      4.704073
      0.735294      0.903505      0.262153      0.844768      0.000000       -683.285941        357.039575     17.602848      7.490187     -0.117169      4.704073
      0.745098      0.890672      0.302195      0.890336      0.000000       -699.758207        356.617970     17.862840      7.602214     -0.117169      4.704073
      0.754902      0.876033      0.344155      0.928138      0.000000       -713.343249        356.189042     18.118854      7.709458     -0.117169      4.704073
      0.764706      0.859538      0.387698      0.959112      0.000000       -724.401748        355.764818     18.370357      7.811382     -0.117169      4.704073
      0.774510      0.841155      0.432532      0.984298      0.000000       -733.326606        355.353212     18.616808      7.907502     -0.117169      4.704073
      0.784314      0.820873      0.478413      1.004697      0.000000       -740.493485        354.958914     18.857657      7.997399     -0.117169      4.704073
      0.794118      0.798696      0.525142      1.021205      0.000000       -746.235578        354.584259     19.092354      8.080739     -0.117169      4.704073
      0.803922      0.774640      0.572558      1.034582      0.000000       -750.834858        354.229957     19.320352      8.157274     -0.117169      4.704073
      0.813725      0.748735      0.620530      1.045456      0.000000       -754.522852        353.895657     19.541111      8.226856     -0.117169      4.704073
      0.823529      0.721022      0.668956      1.054335      0.000000       -757.486009        353.580353     19.754100      8.289436     -0.117169      4.704073
      0.833333      0.691551      0.717754      1.061623      0.000000       -759.872679        353.282670     19.958803      8.345065     -0.117169      4.704073
      0.843137      0.660379      0.766858      1.067642      0.000000       -761.800076        353.001046     20.154718      8.393892     -0.117169      4.704073
      0.852941      0.627573      0.816214      1.072645      0.000000       -763.360501        352.733855     20.341361      8.436158     -0.117169      4.704073
      0.862745      0.593205      0.865782      1.076833      0.000000       -764.626574        352.479474     20.518271      8.472188     -0.117169      4.704073
      0.872549      0.557353      0.915528      1.080365      0.000000       -765.655486        352.236325     20.685004      8.502382     -0.117169      4.704073
      0.882353      0.520101      0.965423      1.083366      0.000000       -766.492370        352.002894     20.841144      8.527204     -0.117169      4.704073
      0.892157      0.481538      1.015447      1.085937      0.000000       -767.172956        351.777737     20.986297      8.547166     -0.117169      4.704073
      0.901961      0.441757      1.065581      1.088158      0.000000       -767.725625        351.559477     21.120097      8.562817     -0.117169      4.704073
      0.911765      0.400857      1.115811      1.090093      0.000000       -768.173011        351.346800     21.242205      8.574727     -0.117169      4.704073
      0.921569      0.358938      1.166124      1.091797      0.000000       -768.533234        351.138445     21.352311      8.583470     -0.117169      4.704073
      0.931373      0.316106      1.216512      1.093311      0.000000       -768.820860        350.933193     21.450136      8.589611     -0.117169      4.704073
      0.941176      0.272466      1.266965      1.094671      0.000000       -769.047643        350.729857     21.535430      8.593689     -0.117169      4.704073
      0.950980      0.228131      1.317479      1.095907      0.000000       -769.223104        350.527277     21.607974      8.596206     -0.117169      4.704073
      0.960784      0.183211      1.368047      1.097044      0.000000       -769.354982        350.324306     21.667584      8.597608     -0.117169      4.704073
      0.970588      0.137822      1.418665      1.098104      0.000000       -769.449596        350.119810     21.714107      8.598280     -0.117169      4.704073
      0.980392      0.092078      1.469331      1.099106      0.000000       -769.512134        349.912656     21.747423      8.598532     -0.117169      4.704073
      0.990196      0.046099      1.520043      1.100076      0.000000       -769.546903        349.701714     21.767447      8.598591     -0.117169      4.704073
      1.000000     -0.000000      1.570796      1.100687      0.000000       -769.555719        349.579708     21.774128      8.598595     -0.117169      4.704073
