             t             r           psi            cs            qs                 p               sig             A             V            Q2             S
      0.000000      0.000000     -1.570796      0.992416      0.000000      -5285.812925       2663.103236      0.000000      0.000000     -0.030667      6.863656
      0.009804      0.067241     -1.504013      0.992549      0.000000      -5285.833026       2662.870705      0.014220      0.000016     -0.030667      6.863656
      0.019608      0.134182     -1.437217      0.992731      0.000000      -5285.906324       2662.546813      0.056817      0.000254     -0.030667      6.863656
      0.029412      0.200524     -1.370409      0.992928      0.000000      -5286.043578       2662.228221      0.127600      0.001277     -0.030667      6.863656
      0.039216      0.265972     -1.303587      0.993150      0.000000      -5286.261377       2661.910932      0.226254      0.003996     -0.030667      6.863656
      0.049020      0.330233     -1.236749      0.993405      0.000000      -5286.582359       2661.590789      0.352338      0.009627     -0.030667      6.863656
      0.058824      0.393019     -1.169892      0.993708      0.000000      -5287.037902       2661.263372      0.505291      0.019639     -0.030667      6.863656
      0.068627      0.454051     -1.103013      0.994075      0.000000      -5287.672153       2660.923844      0.684428      0.035689     -0.030667      6.863656
      0.078431      0.513053     -1.036106      0.994532      0.000000      -5288.548285       2660.566749      0.888950      0.059542     -0.030667      6.863656
      0.088235      0.569761     -0.969164      0.995113      0.000000      -5289.758478       2660.185723      1.117943      0.092995     -0.030667      6.863656
      0.098039      0.623920     -0.902178      0.995873      0.000000      -5291.440344       2659.773088      1.370381      0.137788     -0.030667      6.863656
      0.107843      0.675285     -0.835133      0.996889      0.000000      -5293.804817       2659.319273      1.645136      0.195525     -0.030667      6.863656
      0.117647      0.723621     -0.768007      0.998288      0.000000      -5297.185325       2658.811977      1.940975      0.267591     -0.030667      6.863656
      0.127451      0.768707     -0.700768      1.000276      0.000000      -5302.128263       2658.234903      2.256572      0.355080     -0.030667      6.863656
      0.137255      0.810331     -0.633367      1.003203      0.000000      -5309.567858       2657.565840      2.590506      0.458736     -0.030667      6.863656
      0.147059      0.848295     -0.565721      1.007700      0.000000      -5321.184256       2656.773693      2.941272      0.578900     -0.030667      6.863656
      0.156863      0.882408     -0.497688      1.014969      0.000000      -5340.187984       2655.813892      3.307282      0.715477     -0.030667      6.863656
      0.166667      0.912481     -0.429009      1.027485      0.000000      -5373.178296       2654.621861      3.686868      0.867913     -0.030667      6.863656
      0.176471      0.938322     -0.359171      1.050793      0.000000      -5434.941479       2653.107014      4.078280      1.035193     -0.030667      6.863656
      0.186275      0.959700     -0.287059      1.098502      0.000000      -5561.772288       2651.169891      4.479684      1.215847     -0.030667      6.863656
      0.196078      0.976288     -0.210043      1.205014      0.000000      -5845.568317       2648.901663      4.889129      1.407949     -0.030667      6.863656
      0.205882      0.987498     -0.122435      1.410663      0.000000      -6396.980482       2648.038869      5.304479      1.609055     -0.030667      6.863656
      0.215686      0.992487     -0.027915      1.217453      0.000000      -5910.996613       2657.068597      5.723274      1.815821     -0.030667      6.863656
      0.225490      0.992362      0.020226      0.240774      0.000000      -3339.986557       2675.701873      6.142985      2.024122     -0.030667      6.863656
      0.235294      0.990863      0.020141     -0.142732      0.000000      -2328.510340       2687.925258      6.562237      2.231937     -0.030667      6.863656
      0.245098      0.989881      0.008836     -0.164522      0.000000      -2279.165555       2695.128072      6.980939      2.439236     -0.030667      6.863656
      0.254902      0.989613     -0.000067     -0.094836      0.000000      -2472.916582       2700.692552      7.399383      2.646300     -0.030667      6.863656
      0.264706      0.989774     -0.003888     -0.021928      0.000000      -2674.795949       2706.197206      7.817816      2.853355     -0.030667      6.863656
      0.274510      0.990045     -0.003709      0.021123      0.000000      -2796.826700       2712.283294      8.236351      3.060509     -0.030667      6.863656
      0.284314      0.990235     -0.001833      0.029743      0.000000      -2826.681097       2719.001723      8.654987      3.267764     -0.030667      6.863656
      0.294118      0.990297     -0.000153      0.018482      0.000000      -2803.162775       2726.070005      9.073675      3.475073     -0.030667      6.863656
      0.303922      0.990277      0.000603      0.004607      0.000000      -2772.610601       2733.183569      9.492371      3.682388     -0.030667      6.863656
      0.313725      0.990233      0.000608     -0.003271      0.000000      -2758.255667       2740.192788      9.911051      3.889688     -0.030667      6.863656
      0.323529      0.990202      0.000307     -0.004822      0.000000      -2761.025620       2747.090696     10.329714      4.096972     -0.030667      6.863656
      0.333333      0.990191      0.000033     -0.003071      0.000000      -2772.752971       2753.929942     10.748369      4.304247     -0.030667      6.863656
      0.343137      0.990194     -0.000096     -0.000841      0.000000      -2785.778414       2760.760660     11.167022      4.511520     -0.030667      6.863656
      0.352941      0.990201     -0.000102      0.000488      0.000000      -2796.346342       2767.607523     11.585678      4.718796     -0.030667      6.863656
      0.362745      0.990207     -0.000054      0.000794      0.000000      -2804.114810       2774.472749     12.004337      4.926075     -0.030667      6.863656
      0.372549      0.990209     -0.000008      0.000528      0.000000      -2810.320171       2781.348216     12.422997      5.133355     -0.030667      6.863656
      0.382353      0.990208      0.000015      0.000160      0.000000      -2816.242417       2788.225536     12.841657      5.340636     -0.030667      6.863656
      0.392157      0.990207      0.000017     -0.000070      0.000000      -2822.547551       2795.100350     13.260317      5.547916     -0.030667      6.863656
      0.401961      0.990206      0.000009     -0.000130      0.000000      -2829.321162       2801.972095     13.678977      5.755196     -0.030667      6.863656
      0.411765      0.990206      0.000002     -0.000091      0.000000      -2836.368700       2808.842046     14.097636      5.962475     -0.030667      6.863656
      0.421569      0.990206     -0.000002     -0.000030      0.000000      -2843.475978       2815.711605     14.516295      6.169755     -0.030667      6.863656
      0.431373      0.990206     -0.000003      0.000009      0.000000      -2850.525520       2822.581543     14.934955      6.377034     -0.030667      6.863656
      0.441176      0.990206     -0.000002      0.000021      0.000000      -2857.497061       2829.451992     15.353614      6.584314     -0.030667      6.863656
      0.450980      0.990206     -0.000000      0.000016      0.000000      -2864.420291       2836.322757     15.772273      6.791593     -0.030667      6.863656
      0.460784      0.990206      0.000000      0.000006      0.000000      -2871.331018       2843.193604     16.190933      6.998873     -0.030667      6.863656
      0.470588      0.990206      0.000000     -0.000001      0.000000      -2878.250132       2850.064397     16.609592      7.206152     -0.030667      6.863656
      0.480392      0.990206      0.000000     -0.000003      0.000000      -2885.182197       2856.935104     17.028252      7.413432     -0.030667      6.863656
      0.490196      0.990206      0.000000     -0.000003      0.000000      -2892.122813       2863.805755     17.446911      7.620712     -0.030667      6.863656
      0.500000      0.990206     -0.000000     -0.000001      0.000000      -2899.066012       2870.676390     17.865570      7.827991     -0.030667      6.863656
      0.509804      0.990206     -0.000000      0.000000      0.000000      -2906.008066       2877.547032     18.284230      8.035271     -0.030667      6.863656
      0.519608      0.990206     -0.000000      0.000001      0.000000      -2912.947985       2884.417688     18.702889      8.242550     -0.030667      6.863656
      0.529412      0.990206     -0.000000      0.000000      0.000000      -2919.886389       2891.288354     19.121549      8.449830     -0.030667      6.863656
      0.539216      0.990206      0.000000      0.000000      0.000000      -2926.824268       2898.159023     19.540208      8.657109     -0.030667      6.863656
      0.549020      0.990206      0.000000      0.000000      0.000000      -2933.762287       2905.029691     19.958867      8.864389     -0.030667      6.863656
      0.558824      0.990206      0.000000     -0.000000      0.000000      -2940.700661       2911.900357     20.377527      9.071669     -0.030667      6.863656
      0.568627      0.990206      0.000000     -0.000000      0.000000      -2947.639317       2918.771022     20.796186      9.278948     -0.030667      6.863656
      0.578431      0.990206      0.000000     -0.000000      0.000000      -2954.578113       2925.641685     21.214846      9.486228     -0.030667      6.863656
      0.588235      0.990206      0.000000      0.000000      0.000000      -2961.516976       2932.512348     21.633505      9.693507     -0.030667      6.863656
      0.598039      0.990206      0.000000      0.000000      0.000000      -2968.455974       2939.383010     22.052164      9.900787     -0.030667      6.863656
      0.607843      0.990206      0.000000      0.000000      0.000000      -2975.395381       2946.253669     22.470824     10.108066     -0.030667      6.863656
      0.617647      0.990206      0.000000      0.000001      0.000000      -2982.335856       2953.124321     22.889483     10.315346     -0.030667      6.863656
      0.627451      0.990206      0.000000      0.000003      0.000000      -2989.278926       2959.994957     23.308142     10.522626     -0.030667      6.863656
      0.637255      0.990206      0.000000      0.000006      0.000000      -2996.228187       2966.865551     23.726802     10.729905     -0.030667      6.863656
      0.647059      0.990206      0.000001      0.000015      0.000000      -3003.192180       2973.736050     24.145461     10.937185     -0.030667      6.863656
      0.656863      0.990206      0.000003      0.000035      0.000000      -3010.191205       2980.606318     24.564121     11.144464     -0.030667      6.863656
      0.666667      0.990206      0.000006      0.000083      0.000000      -3017.273514       2987.476041     24.982780     11.351744     -0.030667      6.863656
      0.676471      0.990205      0.000015      0.000197      0.000000      -3024.553673       2994.344468     25.401439     11.559023     -0.030667      6.863656
      0.686275      0.990203      0.000036      0.000467      0.000000      -3032.303388       3001.209818     25.820097     11.766302     -0.030667      6.863656
      0.696078      0.990200      0.000086      0.001106      0.000000      -3041.165867       3008.067872     26.238755     11.973579     -0.030667      6.863656
      0.705882      0.990190      0.000204      0.002614      0.000000      -3052.658698       3014.908660     26.657410     12.180854     -0.030667      6.863656
      0.715686      0.990169      0.000483      0.006164      0.000000      -3070.337465       3021.708727     27.076059     12.388123     -0.030667      6.863656
      0.725490      0.990117      0.001138      0.014451      0.000000      -3102.402767       3028.413456     27.494693     12.595378     -0.030667      6.863656
      0.735294      0.989996      0.002663      0.033457      0.000000      -3167.094025       3034.898546     27.913292     12.802598     -0.030667      6.863656
      0.745098      0.989716      0.006148      0.075379      0.000000      -3301.657444       3040.895554     28.331812     13.009737     -0.030667      6.863656
      0.754902      0.989077      0.013774      0.160448      0.000000      -3567.941522       3045.889750     28.750147     13.216686     -0.030667      6.863656
      0.764706      0.987689      0.029153      0.307390      0.000000      -4023.089799       3049.124885     29.168071     13.423193     -0.030667      6.863656
      0.774510      0.984889      0.056279      0.503135      0.000000      -4626.493671       3050.026202     29.585139     13.628714     -0.030667      6.863656
      0.784314      0.979819      0.096704      0.692119      0.000000      -5207.338909       3048.886467     30.000574     13.832220     -0.030667      6.863656
      0.794118      0.971651      0.148213      0.828818      0.000000      -5626.437059       3046.735114     30.413236     14.032096     -0.030667      6.863656
      0.803922      0.959794      0.207019      0.911359      0.000000      -5878.867631       3044.464271     30.821681     14.226275     -0.030667      6.863656
      0.813725      0.943914      0.270058      0.957752      0.000000      -6020.351760       3042.468473     31.224271     14.412514     -0.030667      6.863656
      0.823529      0.923864      0.335462      0.983745      0.000000      -6099.344551       3040.822999     31.619268     14.588628     -0.030667      6.863656
      0.833333      0.899614      0.402208      0.998734      0.000000      -6144.676014       3039.486599     32.004898     14.752669     -0.030667      6.863656
      0.843137      0.871206      0.469741      1.007727      0.000000      -6171.694903       3038.395274     32.379395     14.903023     -0.030667      6.863656
      0.852941      0.838732      0.537755      1.013350      0.000000      -6188.433412       3037.491821     32.741017     15.038486     -0.030667      6.863656
      0.862745      0.802319      0.606075      1.017005      0.000000      -6199.178054       3036.731438     33.088071     15.158295     -0.030667      6.863656
      0.872549      0.762124      0.674598      1.019467      0.000000      -6206.293172       3036.080441     33.418925     15.262150     -0.030667      6.863656
      0.882353      0.718325      0.743260      1.021178      0.000000      -6211.131323       3035.513689     33.732016     15.350204     -0.030667      6.863656
      0.892157      0.671124      0.812019      1.022403      0.000000      -6214.494397       3035.012280     34.025862     15.423036     -0.030667      6.863656
      0.901961      0.620738      0.880849      1.023303      0.000000      -6216.873906       3034.561788     34.299070     15.481607     -0.030667      6.863656
      0.911765      0.567405      0.949732      1.023981      0.000000      -6218.580404       3034.150987     34.550343     15.527204     -0.030667      6.863656
      0.921569      0.511375      1.018654      1.024503      0.000000      -6219.815535       3033.770938     34.778488     15.561361     -0.030667      6.863656
      0.931373      0.452912      1.087608      1.024915      0.000000      -6220.713473       3033.414335     34.982419     15.585783     -0.030667      6.863656
      0.941176      0.392295      1.156587      1.025246      0.000000      -6221.365452       3033.075032     35.161167     15.602255     -0.030667      6.863656
      0.950980      0.329809      1.225586      1.025520      0.000000      -6221.834717       3032.747703     35.313880     15.612552     -0.030667      6.863656
      0.960784      0.265753      1.294602      1.025752      0.000000      -6222.165859       3032.427585     35.439832     15.618353     -0.030667      6.863656
      0.970588      0.200431      1.363633      1.025953      0.000000      -6222.390784       3032.110299     35.538423     15.621157     -0.030667      6.863656
      0.980392      0.134154      1.432676      1.026132      0.000000      -6222.532627       3031.791704     35.609182     15.622214     -0.030667      6.863656
      0.990196      0.067237      1.501731      1.026298      0.000000      -6222.608411       3031.467811     35.651773     15.622461     -0.030667      6.863656
      1.000000      0.000000      1.570796      1.026418      0.000000      -6222.629198       3031.235280     35.665993     15.622477     -0.030667      6.863656
