             t             r           psi            cs            qs                 p               sig             A             V            Q2             S
      0.000000      0.000000     -1.570796      0.917689      0.000000        -47.416855         25.834935      0.000000      0.000000     -0.405756      3.140540
      0.009804      0.030786     -1.542527      0.920158      0.000000        -47.418892         25.794982      0.002978      0.000001     -0.405756      3.140540
      0.019608      0.061546     -1.514103      0.926098      0.000000        -47.429880         25.682922      0.011910      0.000010     -0.405756      3.140540
      0.029412      0.092257     -1.485499      0.932000      0.000000        -47.449152         25.572977      0.026788      0.000053     -0.405756      3.140540
      0.039216      0.122893     -1.456710      0.938098      0.000000        -47.477518         25.464932      0.047601      0.000166     -0.405756      3.140540
      0.049020      0.153428     -1.427729      0.944460      0.000000        -47.515874         25.358580      0.074330      0.000406     -0.405756      3.140540
      0.058824      0.183834     -1.398547      0.951140      0.000000        -47.565231         25.253721      0.106955      0.000841     -0.405756      3.140540
      0.068627      0.214086     -1.369154      0.958193      0.000000        -47.626735         25.150166      0.145448      0.001557     -0.405756      3.140540
      0.078431      0.244157     -1.339538      0.965679      0.000000        -47.701691         25.047735      0.189777      0.002653     -0.405756      3.140540
      0.088235      0.274017     -1.309684      0.973665      0.000000        -47.791589         24.946261      0.239902      0.004240     -0.405756      3.140540
      0.098039      0.303639     -1.279575      0.982226      0.000000        -47.898129         24.845590      0.295782      0.006447     -0.405756      3.140540
      0.107843      0.332993     -1.249192      0.991445      0.000000        -48.023257         24.745584      0.357367      0.009409     -0.405756      3.140540
      0.117647      0.362051     -1.218514      1.001416      0.000000        -48.169200         24.646125      0.424603      0.013279     -0.405756      3.140540
      0.127451      0.390781     -1.187517      1.012247      0.000000        -48.338507         24.547114      0.497428      0.018214     -0.405756      3.140540
      0.137255      0.419152     -1.156171      1.024057      0.000000        -48.534099         24.448481      0.575778      0.024384     -0.405756      3.140540
      0.147059      0.447131     -1.124445      1.036983      0.000000        -48.759321         24.350185      0.659579      0.031966     -0.405756      3.140540
      0.156863      0.474686     -1.092301      1.051180      0.000000        -49.017999         24.252225      0.748752      0.041142     -0.405756      3.140540
      0.166667      0.501783     -1.059699      1.066822      0.000000        -49.314507         24.154650      0.843212      0.052100     -0.405756      3.140540
      0.176471      0.528384     -1.026590      1.084106      0.000000        -49.653823         24.057565      0.942866      0.065032     -0.405756      3.140540
      0.186275      0.554453     -0.992922      1.103251      0.000000        -50.041599         23.961153      1.047616      0.080128     -0.405756      3.140540
      0.196078      0.579951     -0.958632      1.124503      0.000000        -50.484204         23.865689      1.157355      0.097582     -0.405756      3.140540
      0.205882      0.604836     -0.923651      1.148129      0.000000        -50.988750         23.771569      1.271968      0.117581     -0.405756      3.140540
      0.215686      0.629064     -0.887903      1.174415      0.000000        -51.563066         23.679339      1.391332      0.140311     -0.405756      3.140540
      0.225490      0.652590     -0.851301      1.203658      0.000000        -52.215593         23.589735      1.515316      0.165948     -0.405756      3.140540
      0.235294      0.675364     -0.813750      1.236151      0.000000        -52.955143         23.503735      1.643779      0.194659     -0.405756      3.140540
      0.245098      0.697332     -0.775144      1.272154      0.000000        -53.790432         23.422624      1.776571      0.226597     -0.405756      3.140540
      0.254902      0.718438     -0.735373      1.311850      0.000000        -54.729298         23.348066      1.913531      0.261899     -0.405756      3.140540
      0.264706      0.738622     -0.694323      1.355278      0.000000        -55.777423         23.282200      2.054485      0.300681     -0.405756      3.140540
      0.274510      0.757818     -0.651880      1.402231      0.000000        -56.936361         23.227743      2.199250      0.343033     -0.405756      3.140540
      0.284314      0.775957     -0.607944      1.452116      0.000000        -58.200670         23.188098      2.347627      0.389013     -0.405756      3.140540
      0.294118      0.792966     -0.562442      1.503761      0.000000        -59.553928         23.167456      2.499406      0.438644     -0.405756      3.140540
      0.303922      0.808769     -0.515346      1.555189      0.000000        -60.963652         23.170854      2.654359      0.491904     -0.405756      3.140540
      0.313725      0.823289     -0.466707      1.603378      0.000000        -62.375519         23.204159      2.812247      0.548717     -0.405756      3.140540
      0.323529      0.836453     -0.416687      1.644092      0.000000        -63.708118         23.273893      2.972813      0.608952     -0.405756      3.140540
      0.333333      0.848192     -0.365598      1.671893      0.000000        -64.850593         23.386835      3.135790      0.672412     -0.405756      3.140540
      0.343137      0.858452     -0.313930      1.680516      0.000000        -65.666669         23.549340      3.300895      0.738833     -0.405756      3.140540
      0.352941      0.867200     -0.262374      1.663726      0.000000        -66.008675         23.766363      3.467839      0.807892     -0.405756      3.140540
      0.362745      0.874427     -0.211791      1.616642      0.000000        -65.742933         24.040311      3.636328      0.879207     -0.405756      3.140540
      0.372549      0.880159     -0.163156      1.537221      0.000000        -64.782561         24.370007      3.806070      0.952366     -0.405756      3.140540
      0.382353      0.884455     -0.117445      1.427333      0.000000        -63.117339         24.750115      3.976781      1.026943     -0.405756      3.140540
      0.392157      0.887411     -0.075515      1.292875      0.000000        -60.827528         25.171353      4.148191      1.102525     -0.405756      3.140540
      0.401961      0.889145     -0.037992      1.142725      0.000000        -58.073489         25.621531      4.320053      1.178738     -0.405756      3.140540
      0.411765      0.889798     -0.005204      0.986937      0.000000        -55.064024         26.087145      4.492144      1.255260     -0.405756      3.140540
      0.421569      0.889514      0.022822      0.834884      0.000000        -52.016040         26.555059      4.664268      1.331826     -0.405756      3.140540
      0.431373      0.888439      0.046322      0.693964      0.000000        -49.119946         27.013826      4.836258      1.408230     -0.405756      3.140540
      0.441176      0.886705      0.065721      0.569086      0.000000        -46.519374         27.454431      5.007974      1.484318     -0.405756      3.140540
      0.450980      0.884432      0.081557      0.462799      0.000000        -44.305963         27.870471      5.179302      1.559974     -0.405756      3.140540
      0.460784      0.881719      0.094418      0.375785      0.000000        -42.524822         28.257923      5.350145      1.635117     -0.405756      3.140540
      0.470588      0.878651      0.104890      0.307444      0.000000        -41.185101         28.614714      5.520428      1.709686     -0.405756      3.140540
      0.480392      0.875291      0.113528      0.256412      0.000000        -40.271335         28.940223      5.690088      1.783637     -0.405756      3.140540
      0.490196      0.871688      0.120839      0.220955      0.000000        -39.753201         29.234836      5.859074      1.856936     -0.405756      3.140540
      0.500000      0.867877      0.127275      0.199232      0.000000        -39.592842         29.499575      6.027343      1.929553     -0.405756      3.140540
      0.509804      0.863877      0.133231      0.189452      0.000000        -39.749832         29.735829      6.194855      2.001462     -0.405756      3.140540
      0.519608      0.859698      0.139047      0.189956      0.000000        -40.184236         29.945153      6.361577      2.072638     -0.405756      3.140540
      0.529412      0.855340      0.145018      0.199252      0.000000        -40.858295         30.129147      6.527473      2.143053     -0.405756      3.140540
      0.539216      0.850795      0.151393      0.216021      0.000000        -41.737186         30.289380      6.692507      2.212676     -0.405756      3.140540
      0.549020      0.846047      0.158385      0.239102      0.000000        -42.789219         30.427342      6.856644      2.281473     -0.405756      3.140540
      0.558824      0.841075      0.166171      0.267479      0.000000        -43.985711         30.544431      7.019840      2.349404     -0.405756      3.140540
      0.568627      0.835852      0.174901      0.300257      0.000000        -45.300705         30.641950      7.182051      2.416424     -0.405756      3.140540
      0.578431      0.830349      0.184698      0.336644      0.000000        -46.710644         30.721112      7.343224      2.482482     -0.405756      3.140540
      0.588235      0.824531      0.195661      0.375934      0.000000        -48.194046         30.783056      7.503304      2.547520     -0.405756      3.140540
      0.598039      0.818364      0.207871      0.417495      0.000000        -49.731238         30.828861      7.662224      2.611472     -0.405756      3.140540
      0.607843      0.811810      0.221388      0.460753      0.000000        -51.304145         30.859555      7.819915      2.674268     -0.405756      3.140540
      0.617647      0.804830      0.236256      0.505189      0.000000        -52.896148         30.876135      7.976297      2.735828     -0.405756      3.140540
      0.627451      0.797383      0.252504      0.550328      0.000000        -54.492000         30.879573      8.131285      2.796069     -0.405756      3.140540
      0.637255      0.789432      0.270148      0.595740      0.000000        -56.077802         30.870822      8.284783      2.854900     -0.405756      3.140540
      0.647059      0.780937      0.289188      0.641037      0.000000        -57.641000         30.850825      8.436691      2.912227     -0.405756      3.140540
      0.656863      0.771859      0.309617      0.685870      0.000000        -59.170420         30.820509      8.586901      2.967950     -0.405756      3.140540
      0.666667      0.762162      0.331416      0.729931      0.000000        -60.656297         30.780788      8.735294      3.021967     -0.405756      3.140540
      0.676471      0.751811      0.354555      0.772953      0.000000        -62.090306         30.732556      8.881749      3.074178     -0.405756      3.140540
      0.686275      0.740773      0.379000      0.814710      0.000000        -63.465567         30.676686      9.026136      3.124478     -0.405756      3.140540
      0.696078      0.729017      0.404709      0.855015      0.000000        -64.776630         30.614017      9.168318      3.172770     -0.405756      3.140540
      0.705882      0.716517      0.431635      0.893722      0.000000        -66.019435         30.545353      9.308154      3.218957     -0.405756      3.140540
      0.715686      0.703248      0.459727      0.930719      0.000000        -67.191232         30.471453      9.445498      3.262952     -0.405756      3.140540
      0.725490      0.689188      0.488930      0.965932      0.000000        -68.290489         30.393027      9.580199      3.304674     -0.405756      3.140540
      0.735294      0.674320      0.519189      0.999320      0.000000        -69.316769         30.310734      9.712102      3.344053     -0.405756      3.140540
      0.745098      0.658629      0.550448      1.030867      0.000000        -70.270593         30.225171      9.841050      3.381031     -0.405756      3.140540
      0.754902      0.642107      0.582650      1.060586      0.000000        -71.153305         30.136881      9.966881      3.415565     -0.405756      3.140540
      0.764706      0.624745      0.615740      1.088509      0.000000        -71.966918         30.046344     10.089435      3.447627     -0.405756      3.140540
      0.774510      0.606540      0.649662      1.114687      0.000000        -72.713984         29.953982     10.208549      3.477204     -0.405756      3.140540
      0.784314      0.587495      0.684364      1.139184      0.000000        -73.397455         29.860158     10.324060      3.504304     -0.405756      3.140540
      0.794118      0.567613      0.719796      1.162077      0.000000        -74.020568         29.765180     10.435805      3.528952     -0.405756      3.140540
      0.803922      0.546904      0.755908      1.183448      0.000000        -74.586737         29.669304     10.543624      3.551190     -0.405756      3.140540
      0.813725      0.525378      0.792657      1.203386      0.000000        -75.099464         29.572734     10.647357      3.571080     -0.405756      3.140540
      0.823529      0.503051      0.829998      1.221984      0.000000        -75.562263         29.475629     10.746848      3.588702     -0.405756      3.140540
      0.833333      0.479944      0.867893      1.239332      0.000000        -75.978598         29.378105     10.841944      3.604154     -0.405756      3.140540
      0.843137      0.456076      0.906303      1.255525      0.000000        -76.351836         29.280237     10.932496      3.617549     -0.405756      3.140540
      0.852941      0.431476      0.945196      1.270654      0.000000        -76.685212         29.182067     11.018359      3.629014     -0.405756      3.140540
      0.862745      0.406170      0.984539      1.284806      0.000000        -76.981800         29.083602     11.099394      3.638688     -0.405756      3.140540
      0.872549      0.380190      1.024304      1.298068      0.000000        -77.244500         28.984820     11.175468      3.646722     -0.405756      3.140540
      0.882353      0.353571      1.064465      1.310521      0.000000        -77.476024         28.885671     11.246453      3.653274     -0.405756      3.140540
      0.892157      0.326350      1.104998      1.322246      0.000000        -77.678895         28.786081     11.312230      3.658506     -0.405756      3.140540
      0.901961      0.298566      1.145881      1.333316      0.000000        -77.855447         28.685954     11.372686      3.662583     -0.405756      3.140540
      0.911765      0.270261      1.187096      1.343804      0.000000        -78.007827         28.585174     11.427716      3.665669     -0.405756      3.140540
      0.921569      0.241480      1.228626      1.353777      0.000000        -78.138002         28.483605     11.477223      3.667925     -0.405756      3.140540
      0.931373      0.212267      1.270456      1.363300      0.000000        -78.247770         28.381097     11.521120      3.669504     -0.405756      3.140540
      0.941176      0.182673      1.312573      1.372436      0.000000        -78.338768         28.277482     11.559328      3.670550     -0.405756      3.140540
      0.950980      0.152747      1.354966      1.381243      0.000000        -78.412482         28.172582     11.591777      3.671194     -0.405756      3.140540
      0.960784      0.122540      1.397626      1.389781      0.000000        -78.470259         28.066204     11.618410      3.671553     -0.405756      3.140540
      0.970588      0.092107      1.440546      1.398113      0.000000        -78.513325         27.958145     11.639175      3.671724     -0.405756      3.140540
      0.980392      0.061501      1.483720      1.406325      0.000000        -78.542795         27.848195     11.654036      3.671789     -0.405756      3.140540
      0.990196      0.030780      1.527148      1.414750      0.000000        -78.559703         27.736132     11.662963      3.671804     -0.405756      3.140540
      1.000000      0.000000      1.570796      1.418298      0.000000        -78.562850         27.696180     11.665941      3.671805     -0.405756      3.140540
