             t             r           psi            cs            qs                 p               sig             A             V            Q2             S
      0.000000      0.000000     -1.570796     -0.897365      0.000000        -93.113666         51.881710      0.000000      0.000000      0.075475      6.953401
      0.009804      0.068128     -1.509486     -0.902782      0.000000        -93.130947         51.677930      0.014595      0.000015      0.075475      6.953401
      0.019608      0.135998     -1.447692     -0.910255      0.000000        -93.193606         51.398365      0.058326      0.000243      0.075475      6.953401
      0.029412      0.203349     -1.385364     -0.918459      0.000000        -93.310820         51.125541      0.131025      0.001229      0.075475      6.953401
      0.039216      0.269912     -1.322443     -0.927747      0.000000        -93.496680         50.856455      0.232414      0.003861      0.075475      6.953401
      0.049020      0.335415     -1.258840     -0.938555      0.000000        -93.770411         50.588161      0.362096      0.009352      0.075475      6.953401
      0.058824      0.399579     -1.194432     -0.951457      0.000000        -94.158615         50.317776      0.519558      0.019190      0.075475      6.953401
      0.068627      0.462116     -1.129052     -0.967236      0.000000        -94.698600         50.042481      0.704166      0.035092      0.075475      6.953401
      0.078431      0.522731     -1.062468     -0.986987      0.000000        -95.443433         49.759579      0.915159      0.058944      0.075475      6.953401
      0.088235      0.581112     -0.994360     -1.012272      0.000000        -96.469701         49.466628      1.151648      0.092727      0.075475      6.953401
      0.098039      0.636926     -0.924277     -1.045359      0.000000        -97.889484         49.161776      1.412606      0.138443      0.075475      6.953401
      0.107843      0.689810     -0.851582     -1.089585      0.000000        -99.868498         48.844493      1.696857      0.198030      0.075475      6.953401
      0.117647      0.739351     -0.775359     -1.149844      0.000000       -102.651888         48.517177      2.003060      0.273274      0.075475      6.953401
      0.127451      0.785068     -0.694290     -1.233102      0.000000       -106.593636         48.188627      2.329682      0.365702      0.075475      6.953401
      0.137255      0.826368     -0.606513     -1.348167      0.000000       -112.159823         47.881509      2.674964      0.476454      0.075475      6.953401
      0.147059      0.862503     -0.509592     -1.501779      0.000000       -119.781079         47.647821      3.036860      0.606098      0.075475      6.953401
      0.156863      0.892531     -0.401107     -1.682144      0.000000       -129.160033         47.596856      3.412963      0.754307      0.075475      6.953401
      0.166667      0.915376     -0.281210     -1.816218      0.000000       -137.340729         47.924820      3.800427      0.919350      0.075475      6.953401
      0.176471      0.930200     -0.158354     -1.736521      0.000000       -136.740437         48.868900      4.195976      1.097517      0.075475      6.953401
      0.186275      0.937202     -0.052200     -1.328076      0.000000       -120.809606         50.471318      4.596164      1.283392      0.075475      6.953401
      0.196078      0.938111      0.019005     -0.759306      0.000000        -95.628229         52.396567      4.997962      1.471791      0.075475      6.953401
      0.205882      0.935450      0.053698     -0.287294      0.000000        -73.455983         54.220760      5.399296      1.659658      0.075475      6.953401
      0.215686      0.931384      0.062347      0.004966      0.000000        -59.466341         55.752230      5.799126      1.845939      0.075475      6.953401
      0.225490      0.927285      0.056313      0.152601      0.000000        -52.670154         56.995803      6.197171      2.030557      0.075475      6.953401
      0.235294      0.923859      0.043625      0.207934      0.000000        -50.679636         58.022229      6.593589      2.213766      0.075475      6.953401
      0.245098      0.921378      0.029175      0.209428      0.000000        -51.566884         58.903875      6.988738      2.395913      0.075475      6.953401
      0.254902      0.919858      0.015731      0.181618      0.000000        -54.049224         59.698406      7.383032      2.577349      0.075475      6.953401
      0.264706      0.919177      0.004723      0.139990      0.000000        -57.300884         60.448635      7.776861      2.758393      0.075475      6.953401
      0.274510      0.919146     -0.003272      0.094597      0.000000        -60.779436         61.185462      8.170545      2.939313      0.075475      6.953401
      0.284314      0.919554     -0.008241      0.052068      0.000000        -64.121382         61.930387      8.564316      3.120311      0.075475      6.953401
      0.294118      0.920208     -0.010533      0.016584      0.000000        -67.090128         62.697158      8.958322      3.301519      0.075475      6.953401
      0.303922      0.920942     -0.010713     -0.009666      0.000000        -69.553190         63.492913      9.352631      3.483004      0.075475      6.953401
      0.313725      0.921636     -0.009437     -0.026196      0.000000        -71.469946         64.319240      9.747248      3.664774      0.075475      6.953401
      0.323529      0.922211     -0.007343     -0.033886      0.000000        -72.877454         65.173423     10.142139      3.846800      0.075475      6.953401
      0.333333      0.922631     -0.004977     -0.034540      0.000000        -73.869146         66.049926     10.537244      4.029025      0.075475      6.953401
      0.343137      0.922892     -0.002743     -0.030376      0.000000        -74.568108         66.941924     10.932495      4.211387      0.075475      6.953401
      0.352941      0.923014     -0.000895     -0.023577      0.000000        -75.100767         67.842649     11.327826      4.393825      0.075475      6.953401
      0.362745      0.923026      0.000453     -0.015963      0.000000        -75.576716         68.746338     11.723185      4.576289      0.075475      6.953401
      0.372549      0.922963      0.001293     -0.008838      0.000000        -76.077535         69.648727     12.118532      4.758741      0.075475      6.953401
      0.382353      0.922860      0.001687     -0.002979      0.000000        -76.654132         70.547154     12.513842      4.941160      0.075475      6.953401
      0.392157      0.922741      0.001735      0.001284      0.000000        -77.330055         71.440368     12.909104      5.123534      0.075475      6.953401
      0.401961      0.922628      0.001548      0.003950      0.000000        -78.107859         72.328216     13.304316      5.305861      0.075475      6.953401
      0.411765      0.922533      0.001229      0.005228      0.000000        -78.976174         73.211279     13.699483      5.488147      0.075475      6.953401
      0.421569      0.922462      0.000860      0.005428      0.000000        -79.916058         74.090548     14.094614      5.670400      0.075475      6.953401
      0.431373      0.922416      0.000505      0.004890      0.000000        -80.906008         74.967156     14.489720      5.852631      0.075475      6.953401
      0.441176      0.922392      0.000203      0.003928      0.000000        -81.925475         75.842192     14.884811      6.034847      0.075475      6.953401
      0.450980      0.922386     -0.000027      0.002800      0.000000        -82.957029         76.716584     15.279896      6.217058      0.075475      6.953401
      0.460784      0.922394     -0.000179      0.001699      0.000000        -83.987417         77.591039     15.674982      6.399269      0.075475      6.953401
      0.470588      0.922409     -0.000262      0.000747      0.000000        -85.007777         78.466027     16.070072      6.581485      0.075475      6.953401
      0.480392      0.922428     -0.000286      0.000010      0.000000        -86.013276         79.341808     16.465170      6.763708      0.075475      6.953401
      0.490196      0.922447     -0.000268     -0.000495      0.000000        -87.002398         80.218459     16.860277      6.945938      0.075475      6.953401
      0.500000      0.922464     -0.000224     -0.000787      0.000000        -87.976079         81.095932     17.255391      7.128176      0.075475      6.953401
      0.509804      0.922477     -0.000165     -0.000901      0.000000        -88.936839         81.974092     17.650512      7.310420      0.075475      6.953401
      0.519608      0.922487     -0.000104     -0.000886      0.000000        -89.888009         82.852762     18.045637      7.492668      0.075475      6.953401
      0.529412      0.922492     -0.000046     -0.000790      0.000000        -90.833128         83.731753     18.440766      7.674919      0.075475      6.953401
      0.539216      0.922493      0.000003     -0.000658      0.000000        -91.775519         84.610889     18.835896      7.857171      0.075475      6.953401
      0.549020      0.922491      0.000044     -0.000527      0.000000        -92.718058         85.490017     19.231025      8.039423      0.075475      6.953401
      0.558824      0.922487      0.000076     -0.000427      0.000000        -93.663096         86.369012     19.626154      8.221674      0.075475      6.953401
      0.568627      0.922481      0.000103     -0.000379      0.000000        -94.612526         87.247774     20.021280      8.403923      0.075475      6.953401
      0.578431      0.922473      0.000129     -0.000402      0.000000        -95.567944         88.126218     20.416404      8.586169      0.075475      6.953401
      0.588235      0.922463      0.000160     -0.000511      0.000000        -96.530892         89.004261     20.811523      8.768412      0.075475      6.953401
      0.598039      0.922451      0.000201     -0.000725      0.000000        -97.503172         89.881809     21.206638      8.950650      0.075475      6.953401
      0.607843      0.922436      0.000261     -0.001068      0.000000        -98.487220         90.758731     21.601747      9.132883      0.075475      6.953401
      0.617647      0.922415      0.000350     -0.001574      0.000000        -99.486563         91.634838     21.996848      9.315109      0.075475      6.953401
      0.627451      0.922387      0.000481     -0.002296      0.000000       -100.506389         92.509856     22.391939      9.497325      0.075475      6.953401
      0.637255      0.922348      0.000670     -0.003309      0.000000       -101.554268         93.383378     22.787016      9.679528      0.075475      6.953401
      0.647059      0.922294      0.000941     -0.004722      0.000000       -102.641110         94.254820     23.182073      9.861713      0.075475      6.953401
      0.656863      0.922217      0.001326     -0.006688      0.000000       -103.782436         95.123349     23.577102     10.043872      0.075475      6.953401
      0.666667      0.922109      0.001870     -0.009421      0.000000       -105.000064         95.987788     23.972092     10.225995      0.075475      6.953401
      0.676471      0.921957      0.002635     -0.013219      0.000000       -106.324345         96.846488     24.367027     10.408067      0.075475      6.953401
      0.686275      0.921743      0.003706     -0.018486      0.000000       -107.797041         97.697159     24.761884     10.590067      0.075475      6.953401
      0.696078      0.921442      0.005201     -0.025766      0.000000       -109.474893         98.536651     25.156632     10.771966      0.075475      6.953401
      0.705882      0.921021      0.007281     -0.035785      0.000000       -111.433769         99.360669     25.551227     10.953721      0.075475      6.953401
      0.715686      0.920431      0.010163     -0.049482      0.000000       -113.772934        100.163437     25.945607     11.135275      0.075475      6.953401
      0.725490      0.919610      0.014138     -0.068046      0.000000       -116.618359        100.937325     26.339688     11.316548      0.075475      6.953401
      0.735294      0.918470      0.019584     -0.092912      0.000000       -120.123017        101.672493     26.733352     11.497425      0.075475      6.953401
      0.745098      0.916896      0.026986     -0.125713      0.000000       -124.460770        102.356669     27.126440     11.677750      0.075475      6.953401
      0.754902      0.914734      0.036942     -0.168119      0.000000       -129.809323        102.975247     27.518734     11.857304      0.075475      6.953401
      0.764706      0.911787      0.050159     -0.221562      0.000000       -136.318034        103.511953     27.909942     12.035788      0.075475      6.953401
      0.774510      0.907806      0.067419     -0.286802      0.000000       -144.060132        103.950330     28.299675     12.212792      0.075475      6.953401
      0.784314      0.902492      0.089522     -0.363442      0.000000       -152.978019        104.276105     28.687430     12.387767      0.075475      6.953401
      0.794118      0.895492      0.117188     -0.449553      0.000000       -162.842511        104.480111     29.072561     12.559993      0.075475      6.953401
      0.803922      0.886416      0.150951     -0.541652      0.000000       -173.253500        104.560932     29.454264     12.728549      0.075475      6.953401
      0.813725      0.874851      0.191070     -0.635191      0.000000       -183.698468        104.526156     29.831560     12.892307      0.075475      6.953401
      0.823529      0.860391      0.237479     -0.725449      0.000000       -193.655735        104.391487     30.203298     13.049941      0.075475      6.953401
      0.833333      0.842659      0.289813     -0.808488      0.000000       -202.700903        104.177902     30.568153     13.199980      0.075475      6.953401
      0.843137      0.821332      0.347486     -0.881769      0.000000       -210.572898        103.907938     30.924654     13.340890      0.075475      6.953401
      0.852941      0.796159      0.409789     -0.944268      0.000000       -217.182311        103.602398     31.271203     13.471176      0.075475      6.953401
      0.862745      0.766968      0.475988     -0.996203      0.000000       -222.575643        103.278329     31.606115     13.589509      0.075475      6.953401
      0.872549      0.733668      0.545395     -1.038578      0.000000       -226.882584        102.948328     31.927645     13.694832      0.075475      6.953401
      0.882353      0.696249      0.617403     -1.072763      0.000000       -230.268215        102.620815     32.234028     13.786457      0.075475      6.953401
      0.892157      0.654769      0.691503     -1.100192      0.000000       -232.899862        102.300789     32.523511     13.864128      0.075475      6.953401
      0.901961      0.609357      0.767281     -1.122187      0.000000       -234.928837        101.990681     32.794379     13.928055      0.075475      6.953401
      0.911765      0.560194      0.844406     -1.139888      0.000000       -236.483090        101.691116     33.044985     13.978904      0.075475      6.953401
      0.921569      0.507517      0.922619     -1.154231      0.000000       -237.666400        101.401497     33.273771     14.017755      0.075475      6.953401
      0.931373      0.451605      1.001716     -1.165970      0.000000       -238.560747        101.120426     33.479291     14.046035      0.075475      6.953401
      0.941176      0.392776      1.081543     -1.175702      0.000000       -239.229835        100.845981     33.660225     14.065416      0.075475      6.953401
      0.950980      0.331381      1.161978     -1.183899      0.000000       -239.722676        100.575888     33.815399     14.077702      0.075475      6.953401
      0.960784      0.267801      1.242931     -1.190935      0.000000       -240.076763        100.307629     33.943793     14.084707      0.075475      6.953401
      0.970588      0.202441      1.324332     -1.197108      0.000000       -240.320697        100.038497     34.044558     14.088128      0.075475      6.953401
      0.980392      0.135725      1.406132     -1.202663      0.000000       -240.476281         99.765633     34.117022     14.089427      0.075475      6.953401
      0.990196      0.068093      1.488295     -1.207816      0.000000       -240.560189         99.486053     34.160697     14.089732      0.075475      6.953401
      1.000000     -0.000000      1.570796     -1.211613      0.000000       -240.583472         99.282272     34.175288     14.089752      0.075475      6.953401
