             t             r           psi            cs            qs                 p               sig             A             V            Q2             S
      0.000000     -0.000000     -1.570796      0.993333      0.000000      -5781.359864       2910.081842      0.000000      0.000000     -0.030186      5.148182
      0.009804      0.050451     -1.520659      0.993413      0.000000      -5781.370109       2909.931649      0.008001      0.000005     -0.030186      5.148182
      0.019608      0.100776     -1.470516      0.993536      0.000000      -5781.409534       2909.686432      0.031986      0.000081     -0.030186      5.148182
      0.029412      0.150847     -1.420367      0.993665      0.000000      -5781.481167       2909.445299      0.071892      0.000407     -0.030186      5.148182
      0.039216      0.200539     -1.370211      0.993802      0.000000      -5781.590812       2909.206591      0.127621      0.001279     -0.030186      5.148182
      0.049020      0.249726     -1.320047      0.993952      0.000000      -5781.745701       2908.968616      0.199031      0.003099     -0.030186      5.148182
      0.058824      0.298285     -1.269876      0.994118      0.000000      -5781.954966       2908.729631      0.285944      0.006368     -0.030186      5.148182
      0.068627      0.346094     -1.219696      0.994304      0.000000      -5782.230238       2908.487821      0.388141      0.011670     -0.030186      5.148182
      0.078431      0.393032     -1.169506      0.994517      0.000000      -5782.586448       2908.241264      0.505364      0.019661     -0.030186      5.148182
      0.088235      0.438981     -1.119304      0.994762      0.000000      -5783.042928       2907.987898      0.637319      0.031049     -0.030186      5.148182
      0.098039      0.483824     -1.069089      0.995050      0.000000      -5783.624953       2907.725462      0.783673      0.046576     -0.030186      5.148182
      0.107843      0.527448     -1.018858      0.995392      0.000000      -5784.365919       2907.451438      0.944057      0.067004     -0.030186      5.148182
      0.117647      0.569743     -0.968608      0.995804      0.000000      -5785.310483       2907.162964      1.118068      0.093085     -0.030186      5.148182
      0.127451      0.610601     -0.918336      0.996307      0.000000      -5786.519166       2906.856726      1.305267      0.125552     -0.030186      5.148182
      0.137255      0.649919     -0.868034      0.996930      0.000000      -5788.075219       2906.528819      1.505182      0.165091     -0.030186      5.148182
      0.147059      0.687595     -0.817698      0.997713      0.000000      -5790.095090       2906.174556      1.717308      0.212325     -0.030186      5.148182
      0.156863      0.723534     -0.767317      0.998713      0.000000      -5792.744740       2905.788219      1.941109      0.267796     -0.030186      5.148182
      0.166667      0.757641     -0.716878      1.000013      0.000000      -5796.265746       2905.362713      2.176019      0.331950     -0.030186      5.148182
      0.176471      0.789829     -0.666364      1.001738      0.000000      -5801.018238       2904.889096      2.421443      0.405118     -0.030186      5.148182
      0.186275      0.820010     -0.615748      1.004075      0.000000      -5807.553844       2904.355920      2.676759      0.487509     -0.030186      5.148182
      0.196078      0.848104     -0.564992      1.007325      0.000000      -5816.744104       2903.748319      2.941318      0.579198     -0.030186      5.148182
      0.205882      0.874031     -0.514040      1.011977      0.000000      -5830.015784       2903.046744      3.214444      0.680118     -0.030186      5.148182
      0.215686      0.897713     -0.462801      1.018865      0.000000      -5849.801760       2902.225310      3.495439      0.790057     -0.030186      5.148182
      0.225490      0.919072     -0.411129      1.029481      0.000000      -5880.447758       2901.249954      3.783577      0.908659     -0.030186      5.148182
      0.235294      0.938027     -0.358772      1.046626      0.000000      -5930.126266       2900.077770      4.078110      1.035419     -0.030186      5.148182
      0.245098      0.954482     -0.305277      1.075855      0.000000      -6015.021567       2898.663564      4.378261      1.169692     -0.030186      5.148182
      0.254902      0.968320     -0.249782      1.128505      0.000000      -6168.211062       2896.999454      4.683218      1.310689     -0.030186      5.148182
      0.264706      0.979362     -0.190613      1.225823      0.000000      -6451.892024       2895.299456      4.992127      1.457478     -0.030186      5.148182
      0.274510      0.987326     -0.125023      1.378473      0.000000      -6899.423651       2894.776907      5.304058      1.608942     -0.030186      5.148182
      0.284314      0.991831     -0.053691      1.375188      0.000000      -6906.765269       2899.600388      5.617976      1.763660     -0.030186      5.148182
      0.294118      0.992993      0.002218      0.749287      0.000000      -5116.248578       2913.016328      5.932772      1.919839     -0.030186      5.148182
      0.303922      0.992239      0.022268      0.113300      0.000000      -3280.380392       2926.633414      6.247584      2.076076     -0.030186      5.148182
      0.313725      0.991108      0.020548     -0.130457      0.000000      -2578.354224       2935.612005      6.562068      2.231968     -0.030186      5.148182
      0.323529      0.990267      0.012446     -0.170778      0.000000      -2467.875317       2941.546000      6.876231      2.387559     -0.030186      5.148182
      0.333333      0.989846      0.004525     -0.136439      0.000000      -2574.325171       2946.097319      7.190195      2.542969     -0.030186      5.148182
      0.343137      0.989769     -0.000981     -0.080697      0.000000      -2742.623753       2950.202414      7.504082      2.698309     -0.030186      5.148182
      0.352941      0.989898     -0.003678     -0.027952      0.000000      -2901.924082       2954.374695      7.817982      2.853661     -0.030186      5.148182
      0.362745      0.990101     -0.004066      0.009413      0.000000      -3016.281872       2958.873145      8.131937      3.009067     -0.030186      5.148182
      0.372549      0.990285     -0.003060      0.027253      0.000000      -3073.599619       2963.765702      8.445956      3.164536     -0.030186      5.148182
      0.382353      0.990403     -0.001597      0.028491      0.000000      -3082.336602       2968.978994      8.760023      3.320054     -0.030186      5.148182
      0.392157      0.990450     -0.000344      0.020211      0.000000      -3063.165111       2974.371067      9.074116      3.475598     -0.030186      5.148182
      0.401961      0.990446      0.000406      0.009577      0.000000      -3037.087435       2979.806798      9.388215      3.631148     -0.030186      5.148182
      0.411765      0.990417      0.000662      0.001148      0.000000      -3017.511056       2985.201467      9.702308      3.786692     -0.030186      5.148182
      0.421569      0.990385      0.000586     -0.003498      0.000000      -3009.097784       2990.525201     10.016391      3.942226     -0.030186      5.148182
      0.431373      0.990360      0.000365     -0.004784      0.000000      -3010.613783       2995.785357     10.330465      4.097750     -0.030186      5.148182
      0.441176      0.990348      0.000139     -0.003966      0.000000      -3018.352803       3001.005421     10.644533      4.253270     -0.030186      5.148182
      0.450980      0.990345     -0.000021     -0.002323      0.000000      -3028.533561       3006.209702     10.958598      4.408786     -0.030186      5.148182
      0.460784      0.990349     -0.000097     -0.000760      0.000000      -3038.475871       3011.415526     11.272664      4.564303     -0.030186      5.148182
      0.470588      0.990354     -0.000107      0.000283      0.000000      -3046.867142       3016.631379     11.586732      4.719822     -0.030186      5.148182
      0.480392      0.990359     -0.000079      0.000736      0.000000      -3053.500160       3021.858588     11.900801      4.875342     -0.030186      5.148182
      0.490196      0.990362     -0.000040      0.000744      0.000000      -3058.807186       3027.094351     12.214871      5.030863     -0.030186      5.148182
      0.500000      0.990363     -0.000008      0.000521      0.000000      -3063.421376       3032.334580     12.528942      5.186386     -0.030186      5.148182
      0.509804      0.990363      0.000012      0.000247      0.000000      -3067.885714       3037.575774     12.843013      5.341908     -0.030186      5.148182
      0.519608      0.990362      0.000018      0.000034      0.000000      -3072.530084       3042.815808     13.157084      5.497430     -0.030186      5.148182
      0.529412      0.990361      0.000017     -0.000080      0.000000      -3077.474840       3048.053906     13.471155      5.652951     -0.030186      5.148182
      0.539216      0.990360      0.000012     -0.000101      0.000000      -3082.699571       3053.290200     13.785225      5.808473     -0.030186      5.148182
      0.549020      0.990360      0.000008     -0.000056      0.000000      -3088.126051       3058.525193     14.099295      5.963994     -0.030186      5.148182
      0.558824      0.990359      0.000007      0.000034      0.000000      -3093.686738       3063.759320     14.413365      6.119515     -0.030186      5.148182
      0.568627      0.990359      0.000012      0.000164      0.000000      -3099.372238       3068.992642     14.727435      6.275036     -0.030186      5.148182
      0.578431      0.990358      0.000025      0.000362      0.000000      -3105.267505       3074.224612     15.041505      6.430557     -0.030186      5.148182
      0.588235      0.990356      0.000051      0.000701      0.000000      -3111.598094       3079.453773     15.355574      6.586078     -0.030186      5.148182
      0.598039      0.990353      0.000100      0.001327      0.000000      -3118.818698       3084.677189     15.669643      6.741597     -0.030186      5.148182
      0.607843      0.990346      0.000194      0.002519      0.000000      -3127.793287       3089.889271     15.983710      6.897115     -0.030186      5.148182
      0.617647      0.990332      0.000372      0.004799      0.000000      -3140.147909       3095.079467     16.297773      7.052630     -0.030186      5.148182
      0.627451      0.990305      0.000713      0.009146      0.000000      -3158.931642       3100.227867     16.611831      7.208139     -0.030186      5.148182
      0.637255      0.990255      0.001360      0.017370      0.000000      -3189.793834       3105.297141     16.925876      7.363636     -0.030186      5.148182
      0.647059      0.990158      0.002585      0.032727      0.000000      -3242.910152       3110.218477     17.239899      7.519110     -0.030186      5.148182
      0.656863      0.989976      0.004875      0.060747      0.000000      -3335.589018       3114.869348     17.553880      7.674541     -0.030186      5.148182
      0.666667      0.989634      0.009070      0.109812      0.000000      -3494.092868       3119.045494     17.867779      7.829890     -0.030186      5.148182
      0.676471      0.989007      0.016484      0.189897      0.000000      -3749.668332       3122.446024     18.181530      7.985082     -0.030186      5.148182
      0.686275      0.987887      0.028867      0.306829      0.000000      -4120.472624       3124.721067     18.495010      8.139981     -0.030186      5.148182
      0.696078      0.985980      0.047955      0.452793      0.000000      -4581.695000       3125.631786     18.808019      8.294340     -0.030186      5.148182
      0.705882      0.982920      0.074661      0.603866      0.000000      -5057.930331       3125.248722     19.120250      8.447759     -0.030186      5.148182
      0.715686      0.978330      0.108550      0.733940      0.000000      -5467.168175       3123.964776     19.431278      8.599643     -0.030186      5.148182
      0.725490      0.971890      0.148180      0.830724      0.000000      -5771.112455       3122.268297     19.740565      8.749221     -0.030186      5.148182
      0.735294      0.963364      0.191881      0.896394      0.000000      -5976.963155       3120.522310     20.047483      8.895597     -0.030186      5.148182
      0.745098      0.952602      0.238279      0.939035      0.000000      -6110.362548       3118.913091     20.351346      9.037816     -0.030186      5.148182
      0.754902      0.939519      0.286416      0.966435      0.000000      -6195.880527       3117.503182     20.651430      9.174933     -0.030186      5.148182
      0.764706      0.924076      0.335675      0.984199      0.000000      -6251.168565       3116.293159     20.946990      9.306053     -0.030186      5.148182
      0.774510      0.906269      0.385665      0.995934      0.000000      -6287.561993       3115.259966     21.237279      9.430367     -0.030186      5.148182
      0.784314      0.886112      0.436145      1.003865      0.000000      -6312.045488       3114.375177     21.521547      9.547172     -0.030186      5.148182
      0.794118      0.863638      0.486960      1.009353      0.000000      -6328.890233       3113.612196     21.799055      9.655893     -0.030186      5.148182
      0.803922      0.838893      0.538008      1.013241      0.000000      -6340.731376       3112.948419     22.069073      9.756090     -0.030186      5.148182
      0.813725      0.811931      0.589223      1.016054      0.000000      -6349.222080       3112.365391     22.330892      9.847466     -0.030186      5.148182
      0.823529      0.782819      0.640561      1.018133      0.000000      -6355.420425       3111.848277     22.583817      9.929871     -0.030186      5.148182
      0.833333      0.751628      0.691989      1.019697      0.000000      -6360.017957       3111.385199     22.827178     10.003300     -0.030186      5.148182
      0.843137      0.718437      0.743487      1.020895      0.000000      -6363.476095       3110.966620     23.060329     10.067888     -0.030186      5.148182
      0.852941      0.683332      0.795039      1.021827      0.000000      -6366.108848       3110.584828     23.282648     10.123902     -0.030186      5.148182
      0.862745      0.646405      0.846632      1.022563      0.000000      -6368.133911       3110.233531     23.493542     10.171731     -0.030186      5.148182
      0.872549      0.607752      0.898259      1.023153      0.000000      -6369.704834       3109.907542     23.692450     10.211871     -0.030186      5.148182
      0.882353      0.567476      0.949912      1.023632      0.000000      -6370.931663       3109.602526     23.878840     10.244912     -0.030186      5.148182
      0.892157      0.525683      1.001588      1.024025      0.000000      -6371.894434       3109.314813     24.052214     10.271513     -0.030186      5.148182
      0.901961      0.482485      1.053281      1.024354      0.000000      -6372.652146       3109.041248     24.212109     10.292390     -0.030186      5.148182
      0.911765      0.437996      1.104990      1.024630      0.000000      -6373.248831       3108.779079     24.358096     10.308288     -0.030186      5.148182
      0.921569      0.392335      1.156712      1.024867      0.000000      -6373.717727       3108.525857     24.489786     10.319967     -0.030186      5.148182
      0.931373      0.345624      1.208444      1.025072      0.000000      -6374.084177       3108.279372     24.606826     10.328174     -0.030186      5.148182
      0.941176      0.297987      1.260187      1.025251      0.000000      -6374.367692       3108.037592     24.708902     10.333627     -0.030186      5.148182
      0.950980      0.249552      1.311938      1.025412      0.000000      -6374.583414       3107.798616     24.795741     10.336993     -0.030186      5.148182
      0.960784      0.200449      1.363696      1.025556      0.000000      -6374.743188       3107.560642     24.867111     10.338869     -0.030186      5.148182
      0.970588      0.150809      1.415462      1.025689      0.000000      -6374.856347       3107.321932     24.922820     10.339768     -0.030186      5.148182
      0.980392      0.100764      1.467234      1.025813      0.000000      -6374.930302       3107.080798     24.962719     10.340105     -0.030186      5.148182
      0.990196      0.050450      1.519012      1.025932      0.000000      -6374.971017       3106.835580     24.986702     10.340183     -0.030186      5.148182
      1.000000      0.000000      1.570796      1.026010      0.000000      -6374.981599       3106.685387     24.994703     10.340189     -0.030186      5.148182
