             t             r           psi            cs            qs                 p               sig             A             V            Q2             S
      0.000000      0.000000     -1.570796     -0.029726      0.000000         -0.151527          2.548718      0.000000      0.000000      0.134147      7.036581
      0.009804      0.068986     -1.568661     -0.033145      0.000000         -0.152081          2.372435      0.014951      0.000001      0.134147      7.036581
      0.019608      0.137972     -1.566187     -0.038865      0.000000         -0.154197          2.133457      0.059804      0.000009      0.134147      7.036581
      0.029412      0.206957     -1.563248     -0.046807      0.000000         -0.158458          1.902669      0.134559      0.000050      0.134147      7.036581
      0.039216      0.275940     -1.559645     -0.058421      0.000000         -0.165847          1.678072      0.239216      0.000170      0.134147      7.036581
      0.049020      0.344919     -1.555043     -0.076407      0.000000         -0.177987          1.457962      0.373772      0.000454      0.134147      7.036581
      0.058824      0.413893     -1.548835     -0.106252      0.000000         -0.197713          1.241074      0.538227      0.001044      0.134147      7.036581
      0.068627      0.482856     -1.539840     -0.160224      0.000000         -0.230357          1.026897      0.732577      0.002196      0.134147      7.036581
      0.078431      0.551793     -1.525498     -0.269372      0.000000         -0.286902          0.816365      0.956813      0.004392      0.134147      7.036581
      0.088235      0.620665     -1.499435     -0.525479      0.000000         -0.392877          0.613527      1.210919      0.008669      0.134147      7.036581
      0.098039      0.689327     -1.442762     -1.251849      0.000000         -0.617688          0.429822      1.494842      0.017644      0.134147      7.036581
      0.107843      0.756995     -1.290174     -3.624263      0.000000         -1.182501          0.296357      1.808371      0.039418      0.134147      7.036581
      0.117647      0.818425     -0.880245     -8.119191      0.000000         -2.653733          0.298257      2.150267      0.099318      0.134147      7.036581
      0.127451      0.856733     -0.337019     -6.347726      0.000000         -4.379822          0.587952      2.514443      0.224598      0.134147      7.036581
      0.137255      0.868274     -0.046345     -2.399052      0.000000         -4.096285          1.154037      2.889003      0.383596      0.134147      7.036581
      0.147059      0.867591      0.045036     -0.542207      0.000000         -3.031002          1.789622      3.265433      0.546987      0.134147      7.036581
      0.156863      0.863865      0.055668      0.110054      0.000000         -2.489204          2.380326      3.640709      0.709203      0.134147      7.036581
      0.166667      0.860476      0.040802      0.272862      0.000000         -2.587747          2.913087      4.014381      0.870076      0.134147      7.036581
      0.176471      0.858315      0.022120      0.252023      0.000000         -3.108333          3.405402      4.386842      1.030020      0.134147      7.036581
      0.186275      0.857333      0.007264      0.175266      0.000000         -3.842014          3.876468      4.758631      1.189451      0.134147      7.036581
      0.196078      0.857184     -0.002033      0.096248      0.000000         -4.645796          4.340402      5.130188      1.348701      0.134147      7.036581
      0.205882      0.857500     -0.006441      0.035227      0.000000         -5.435045          4.805822      5.501794      1.507991      0.134147      7.036581
      0.215686      0.857993     -0.007411     -0.003496      0.000000         -6.168579          5.276916      5.873584      1.667437      0.134147      7.036581
      0.225490      0.858478     -0.006404     -0.022924      0.000000         -6.835239          5.754765      6.245591      1.827068      0.134147      7.036581
      0.235294      0.858858     -0.004564     -0.028618      0.000000         -7.442272          6.238585      6.617787      1.986864      0.134147      7.036581
      0.245098      0.859106     -0.002643     -0.026135      0.000000         -8.005711          6.726739      6.990119      2.146779      0.134147      7.036581
      0.254902      0.859230     -0.001044     -0.019874      0.000000         -8.543335          7.217449      7.362532      2.306763      0.134147      7.036581
      0.264706      0.859261      0.000081     -0.012780      0.000000         -9.070419          7.709199      7.734977      2.466775      0.134147      7.036581
      0.274510      0.859230      0.000739     -0.006515      0.000000         -9.597911          8.200909      8.107420      2.626785      0.134147      7.036581
      0.284314      0.859168      0.001016     -0.001793      0.000000        -10.132282          8.691940      8.479843      2.786778      0.134147      7.036581
      0.294118      0.859096      0.001025      0.001274      0.000000        -10.676294          9.182019      8.852235      2.946745      0.134147      7.036581
      0.303922      0.859030      0.000873      0.002906      0.000000        -11.230092          9.671129      9.224598      3.106686      0.134147      7.036581
      0.313725      0.858977      0.000649      0.003452      0.000000        -11.792259         10.159411      9.596934      3.266605      0.134147      7.036581
      0.323529      0.858941      0.000413      0.003280      0.000000        -12.360664         10.647074      9.969251      3.426508      0.134147      7.036581
      0.333333      0.858919      0.000205      0.002706      0.000000        -12.933064         11.134341     10.341556      3.586399      0.134147      7.036581
      0.343137      0.858911      0.000044      0.001972      0.000000        -13.507474         11.621408     10.713855      3.746286      0.134147      7.036581
      0.352941      0.858912     -0.000067      0.001243      0.000000        -14.082344         12.108430     11.086152      3.906171      0.134147      7.036581
      0.362745      0.858919     -0.000130      0.000616      0.000000        -14.656608         12.595512     11.458451      4.066057      0.134147      7.036581
      0.372549      0.858929     -0.000155      0.000135      0.000000        -15.229651         13.082715     11.830753      4.225947      0.134147      7.036581
      0.382353      0.858940     -0.000153     -0.000192      0.000000        -15.801224         13.570064     12.203061      4.385841      0.134147      7.036581
      0.392157      0.858950     -0.000132     -0.000382      0.000000        -16.371344         14.057557     12.575372      4.545739      0.134147      7.036581
      0.401961      0.858958     -0.000102     -0.000460      0.000000        -16.940201         14.545176     12.947688      4.705640      0.134147      7.036581
      0.411765      0.858964     -0.000070     -0.000458      0.000000        -17.508075         15.032892     13.320007      4.865544      0.134147      7.036581
      0.421569      0.858968     -0.000040     -0.000405      0.000000        -18.075270         15.520675     13.692328      5.025449      0.134147      7.036581
      0.431373      0.858970     -0.000015     -0.000326      0.000000        -18.642072         16.008497     14.064650      5.185356      0.134147      7.036581
      0.441176      0.858970      0.000004     -0.000239      0.000000        -19.208723         16.496334     14.436973      5.345263      0.134147      7.036581
      0.450980      0.858969      0.000018     -0.000158      0.000000        -19.775412         16.984168     14.809295      5.505170      0.134147      7.036581
      0.460784      0.858968      0.000026     -0.000091      0.000000        -20.342270         17.471985     15.181617      5.665076      0.134147      7.036581
      0.470588      0.858966      0.000031     -0.000043      0.000000        -20.909379         17.959776     15.553938      5.824982      0.134147      7.036581
      0.480392      0.858964      0.000033     -0.000015      0.000000        -21.476785         18.447539     15.926259      5.984887      0.134147      7.036581
      0.490196      0.858961      0.000034     -0.000007      0.000000        -22.044506         18.935270     16.298578      6.144791      0.134147      7.036581
      0.500000      0.858959      0.000034     -0.000017      0.000000        -22.612550         19.422969     16.670896      6.304694      0.134147      7.036581
      0.509804      0.858957      0.000036     -0.000045      0.000000        -23.180924         19.910635     17.043213      6.464597      0.134147      7.036581
      0.519608      0.858954      0.000041     -0.000091      0.000000        -23.749649         20.398267     17.415530      6.624498      0.134147      7.036581
      0.529412      0.858951      0.000049     -0.000154      0.000000        -24.318771         20.885859     17.787844      6.784398      0.134147      7.036581
      0.539216      0.858947      0.000063     -0.000239      0.000000        -24.888369         21.373404     18.160158      6.944298      0.134147      7.036581
      0.549020      0.858942      0.000083     -0.000349      0.000000        -25.458575         21.860888     18.532469      7.104195      0.134147      7.036581
      0.558824      0.858935      0.000112     -0.000492      0.000000        -26.029583         22.348293     18.904779      7.264090      0.134147      7.036581
      0.568627      0.858926      0.000152     -0.000677      0.000000        -26.601671         22.835591     19.277084      7.423983      0.134147      7.036581
      0.578431      0.858914      0.000206     -0.000921      0.000000        -27.175227         23.322744     19.649385      7.583871      0.134147      7.036581
      0.588235      0.858897      0.000280     -0.001241      0.000000        -27.750778         23.809698     20.021680      7.743755      0.134147      7.036581
      0.598039      0.858875      0.000380     -0.001664      0.000000        -28.329039         24.296383     20.393967      7.903631      0.134147      7.036581
      0.607843      0.858844      0.000513     -0.002223      0.000000        -28.910967         24.782704     20.766242      8.063497      0.134147      7.036581
      0.617647      0.858803      0.000691     -0.002963      0.000000        -29.497839         25.268533     21.138501      8.223350      0.134147      7.036581
      0.627451      0.858748      0.000927     -0.003942      0.000000        -30.091357         25.753701     21.510740      8.383184      0.134147      7.036581
      0.637255      0.858673      0.001242     -0.005236      0.000000        -30.693774         26.237983     21.882951      8.542995      0.134147      7.036581
      0.647059      0.858574      0.001659     -0.006941      0.000000        -31.308068         26.721081     22.255124      8.702774      0.134147      7.036581
      0.656863      0.858441      0.002212     -0.009186      0.000000        -31.938160         27.202600     22.627248      8.862510      0.134147      7.036581
      0.666667      0.858265      0.002943     -0.012132      0.000000        -32.589188         27.682022     22.999305      9.022188      0.134147      7.036581
      0.676471      0.858030      0.003907     -0.015991      0.000000        -33.267850         28.158667     23.371273      9.181790      0.134147      7.036581
      0.686275      0.857719      0.005176     -0.021029      0.000000        -33.982819         28.631645     23.743124      9.341290      0.134147      7.036581
      0.696078      0.857307      0.006843     -0.027586      0.000000        -34.745235         29.099804     24.114819      9.500656      0.134147      7.036581
      0.705882      0.856763      0.009027     -0.036085      0.000000        -35.569243         29.561656     24.486308      9.659843      0.134147      7.036581
      0.715686      0.856046      0.011879     -0.047053      0.000000        -36.472567         30.015299     24.857526      9.818793      0.134147      7.036581
      0.725490      0.855104      0.015590     -0.061129      0.000000        -37.477011         30.458329     25.228386      9.977432      0.134147      7.036581
      0.735294      0.853870      0.020402     -0.079075      0.000000        -38.608753         30.887744     25.598777     10.135659      0.134147      7.036581
      0.745098      0.852257      0.026609     -0.101770      0.000000        -39.898214         31.299868     25.968555     10.293344      0.134147      7.036581
      0.754902      0.850158      0.034575     -0.130188      0.000000        -41.379164         31.690292     26.337533     10.450318      0.134147      7.036581
      0.764706      0.847438      0.044727     -0.165347      0.000000        -43.086660         32.053890     26.705472     10.606360      0.134147      7.036581
      0.774510      0.843928      0.057565     -0.208213      0.000000        -45.053439         32.384918     27.072067     10.761183      0.134147      7.036581
      0.784314      0.839426      0.073650     -0.259566      0.000000        -47.304517         32.677268     27.436934     10.914421      0.134147      7.036581
      0.794118      0.833688      0.093583     -0.319820      0.000000        -49.850299         32.924882     27.799591     11.065606      0.134147      7.036581
      0.803922      0.826431      0.117978     -0.388834      0.000000        -52.679236         33.122346     28.159442     11.214150      0.134147      7.036581
      0.813725      0.817335      0.147414     -0.465748      0.000000        -55.752016         33.265580     28.515762     11.359324      0.134147      7.036581
      0.823529      0.806044      0.182383     -0.548926      0.000000        -58.999822         33.352517     28.867677     11.500252      0.134147      7.036581
      0.833333      0.792183      0.223241     -0.636036      0.000000        -62.328695         33.383595     29.214154     11.635902      0.134147      7.036581
      0.843137      0.775372      0.270165     -0.724301      0.000000        -65.630278         33.361876     29.553997     11.765109      0.134147      7.036581
      0.852941      0.755241      0.323135     -0.810863      0.000000        -68.796660         33.292750     29.885847     11.886612      0.134147      7.036581
      0.862745      0.731455      0.381943     -0.893165      0.000000        -71.735200         33.183252     30.208191     11.999124      0.134147      7.036581
      0.872549      0.703731      0.446223     -0.969246      0.000000        -74.379149         33.041178     30.519380     12.101423      0.134147      7.036581
      0.882353      0.671853      0.515500     -1.037889      0.000000        -76.691786         32.874225     30.817658     12.192456      0.134147      7.036581
      0.892157      0.635684      0.589240     -1.098601      0.000000        -78.664388         32.689306     31.101192     12.271451      0.134147      7.036581
      0.901961      0.595176      0.666896     -1.151489      0.000000        -80.310130         32.492136     31.368108     12.338013      0.134147      7.036581
      0.911765      0.550370      0.747946     -1.197087      0.000000        -81.656537         32.287067     31.616531     12.392193      0.134147      7.036581
      0.921569      0.501394      0.831911     -1.236179      0.000000        -82.738508         32.077117     31.844623     12.434520      0.134147      7.036581
      0.931373      0.448463      0.918375     -1.269657      0.000000        -83.592932         31.864102     32.050620     12.465981      0.134147      7.036581
      0.941176      0.391869      1.006981     -1.298430      0.000000        -84.255143         31.648818     32.232868     12.487964      0.134147      7.036581
      0.950980      0.331979      1.097434     -1.323359      0.000000        -84.756935         31.431219     32.389857     12.502148      0.134147      7.036581
      0.960784      0.269222      1.189497     -1.345234      0.000000        -85.125731         31.210581     32.520248     12.510362      0.134147      7.036581
      0.970588      0.204087      1.282985     -1.364765      0.000000        -85.384484         30.985634     32.622902     12.514427      0.134147      7.036581
      0.980392      0.137112      1.377758     -1.382592      0.000000        -85.551991         30.754671     32.696905     12.515989      0.134147      7.036581
      0.990196      0.068877      1.473719     -1.399335      0.000000        -85.643452         30.515641     32.741583     12.516358      0.134147      7.036581
      1.000000      0.000000      1.570796     -1.411848      0.000000        -85.669131         30.339354     32.756523     12.516383      0.134147      7.036581
