             t             r           psi            cs            qs                 p               sig             A             V            Q2             S
      0.000000      0.000000     -1.570796     -0.888426      0.000000        -32.917294         18.525634      0.000000      0.000000      0.143264      4.231717
      0.009804      0.041478     -1.533871     -0.894367      0.000000        -32.922004         18.449820      0.005407      0.000002      0.143264      4.231717
      0.019608      0.082899     -1.496553     -0.904662      0.000000        -32.941495         18.306613      0.021619      0.000033      0.143264      4.231717
      0.029412      0.124204     -1.458801     -0.915350      0.000000        -32.976240         18.167025      0.048616      0.000168      0.143264      4.231717
      0.039216      0.165334     -1.420592     -0.926713      0.000000        -33.028310         18.030593      0.086358      0.000533      0.143264      4.231717
      0.049020      0.206224     -1.381895     -0.938928      0.000000        -33.100135         17.896888      0.134791      0.001301      0.143264      4.231717
      0.058824      0.246810     -1.342670     -0.952185      0.000000        -33.194601         17.765517      0.193845      0.002697      0.143264      4.231717
      0.068627      0.287026     -1.302870     -0.966700      0.000000        -33.315146         17.636138      0.263432      0.004990      0.143264      4.231717
      0.078431      0.326801     -1.262438     -0.982728      0.000000        -33.465883         17.508459      0.343447      0.008494      0.143264      4.231717
      0.088235      0.366062     -1.221304     -1.000564      0.000000        -33.651727         17.382259      0.433764      0.013563      0.143264      4.231717
      0.098039      0.404734     -1.179386     -1.020556      0.000000        -33.878564         17.257402      0.534241      0.020591      0.143264      4.231717
      0.107843      0.442734     -1.136588     -1.043115      0.000000        -34.153429         17.133862      0.644712      0.030000      0.143264      4.231717
      0.117647      0.479979     -1.092792     -1.068719      0.000000        -34.484708         17.011754      0.764993      0.042240      0.143264      4.231717
      0.127451      0.516378     -1.047861     -1.097927      0.000000        -34.882348         16.891382      0.894874      0.057785      0.143264      4.231717
      0.137255      0.551831     -1.001633     -1.131378      0.000000        -35.358034         16.773304      1.034123      0.077117      0.143264      4.231717
      0.147059      0.586235     -0.953917     -1.169791      0.000000        -35.925276         16.658413      1.182478      0.100728      0.143264      4.231717
      0.156863      0.619473     -0.904490     -1.213934      0.000000        -36.599289         16.548063      1.339653      0.129102      0.143264      4.231717
      0.166667      0.651418     -0.853101     -1.264569      0.000000        -37.396429         16.444231      1.505326      0.162709      0.143264      4.231717
      0.176471      0.681930     -0.799464     -1.322322      0.000000        -38.332824         16.349731      1.679143      0.201988      0.143264      4.231717
      0.186275      0.710855     -0.743279     -1.387455      0.000000        -39.421577         16.268495      1.860710      0.247332      0.143264      4.231717
      0.196078      0.738020     -0.684245     -1.459464      0.000000        -40.667622         16.205917      2.049591      0.299063      0.143264      4.231717
      0.205882      0.763237     -0.622110     -1.536441      0.000000        -42.059080         16.169214      2.245305      0.357410      0.143264      4.231717
      0.215686      0.786305     -0.556747     -1.614183      0.000000        -43.554135         16.167745      2.447316      0.422472      0.143264      4.231717
      0.225490      0.807014     -0.488266     -1.685145      0.000000        -45.063948         16.213055      2.655037      0.494184      0.143264      4.231717
      0.235294      0.825164     -0.417175     -1.737693      0.000000        -46.436138         16.318352      2.867827      0.572276      0.143264      4.231717
      0.245098      0.840585     -0.344546     -1.756581      0.000000        -47.450430         16.496970      3.084996      0.656246      0.143264      4.231717
      0.254902      0.853168     -0.272112     -1.725775      0.000000        -47.844403         16.759578      3.305816      0.745355      0.143264      4.231717
      0.264706      0.862900     -0.202200     -1.633890      0.000000        -47.381759         17.110495      3.529543      0.838669      0.143264      4.231717
      0.274510      0.869888     -0.137402     -1.480170      0.000000        -45.947488         17.544513      3.755447      0.935141      0.143264      4.231717
      0.284314      0.874361     -0.080072     -1.276981      0.000000        -43.617725         18.046154      3.982837      1.033729      0.143264      4.231717
      0.294118      0.876647     -0.031826     -1.046287      0.000000        -40.650786         18.592404      4.211101      1.133509      0.143264      4.231717
      0.303922      0.877135      0.006698     -0.812116      0.000000        -37.399306         19.157852      4.439718      1.233747      0.143264      4.231717
      0.313725      0.876222      0.035782     -0.593785      0.000000        -34.200331         19.719767      4.668271      1.333915      0.143264      4.231717
      0.323529      0.874285      0.056351     -0.402947      0.000000        -31.301970         20.261178      4.896444      1.433667      0.143264      4.231717
      0.333333      0.871650      0.069662     -0.244163      0.000000        -28.844041         20.771570      5.124015      1.532802      0.143264      4.231717
      0.343137      0.868591      0.077050     -0.117101      0.000000        -26.875634         21.245981      5.350839      1.631218      0.143264      4.231717
      0.352941      0.865327      0.079776     -0.018766      0.000000        -25.385355         21.683482      5.576834      1.728880      0.143264      4.231717
      0.362745      0.862027      0.078949      0.054876      0.000000        -24.328879         22.085701      5.801971      1.825795      0.143264      4.231717
      0.372549      0.858819      0.075507      0.107957      0.000000        -23.648413         22.455679      6.026257      1.921995      0.143264      4.231717
      0.382353      0.855793      0.070223      0.144253      0.000000        -23.284344         22.797088      6.249729      2.017530      0.143264      4.231717
      0.392157      0.853014      0.063724      0.167015      0.000000        -23.181222         23.113744      6.472443      2.112457      0.143264      4.231717
      0.401961      0.850519      0.056514      0.178963      0.000000        -23.290228         23.409333      6.694469      2.206840      0.143264      4.231717
      0.411765      0.848331      0.048993      0.182334      0.000000        -23.569700         23.687269      6.915885      2.300744      0.143264      4.231717
      0.421569      0.846456      0.041478      0.178958      0.000000        -23.984711         23.950634      7.136771      2.394234      0.143264      4.231717
      0.431373      0.844887      0.034217      0.170332      0.000000        -24.506264         24.202165      7.357208      2.487374      0.143264      4.231717
      0.441176      0.843611      0.027401      0.157684      0.000000        -25.110414         24.444264      7.577275      2.580222      0.143264      4.231717
      0.450980      0.842606      0.021175      0.142020      0.000000        -25.777445         24.679015      7.797045      2.672838      0.143264      4.231717
      0.460784      0.841844      0.015647      0.124170      0.000000        -26.491177         24.908207      8.016585      2.765271      0.143264      4.231717
      0.470588      0.841297      0.010892      0.104815      0.000000        -27.238408         25.133353      8.235956      2.857569      0.143264      4.231717
      0.480392      0.840929      0.006963      0.084509      0.000000        -28.008487         25.355711      8.455208      2.949772      0.143264      4.231717
      0.490196      0.840707      0.003887      0.063697      0.000000        -28.793005         25.576295      8.674384      3.041913      0.143264      4.231717
      0.500000      0.840595      0.001680      0.042722      0.000000        -29.585572         25.795884      8.893517      3.134019      0.143264      4.231717
      0.509804      0.840556      0.000341      0.021838      0.000000        -30.381682         26.015035      9.112631      3.226109      0.143264      4.231717
      0.519608      0.840554     -0.000136      0.001213      0.000000        -31.178626         26.234082      9.331741      3.318196      0.143264      4.231717
      0.529412      0.840555      0.000236     -0.019068      0.000000        -31.975438         26.453146      9.550851      3.410283      0.143264      4.231717
      0.539216      0.840523      0.001441     -0.038997      0.000000        -32.772865         26.672133      9.769959      3.502368      0.143264      4.231717
      0.549020      0.840424      0.003468     -0.058641      0.000000        -33.573328         26.890743      9.989049      3.594438      0.143264      4.231717
      0.558824      0.840224      0.006305     -0.078136      0.000000        -34.380865         27.108472     10.208102      3.686476      0.143264      4.231717
      0.568627      0.839890      0.009951     -0.097681      0.000000        -35.201042         27.324620     10.427086      3.778454      0.143264      4.231717
      0.578431      0.839387      0.014414     -0.117531      0.000000        -36.040812         27.538300     10.645961      3.870337      0.143264      4.231717
      0.588235      0.838683      0.019712     -0.137989      0.000000        -36.908308         27.748453     10.864680      3.962082      0.143264      4.231717
      0.598039      0.837740      0.025877     -0.159390      0.000000        -37.812569         27.953859     11.083184      4.053637      0.143264      4.231717
      0.607843      0.836523      0.032955     -0.182092      0.000000        -38.763182         28.153165     11.301408      4.144941      0.143264      4.231717
      0.617647      0.834993      0.041009     -0.206460      0.000000        -39.769849         28.344907     11.519275      4.235924      0.143264      4.231717
      0.627451      0.833107      0.050114     -0.232845      0.000000        -40.841867         28.527539     11.736698      4.326504      0.143264      4.231717
      0.637255      0.830820      0.060362     -0.261570      0.000000        -41.987550         28.699477     11.953577      4.416588      0.143264      4.231717
      0.647059      0.828084      0.071854     -0.292907      0.000000        -43.213602         28.859135     12.169804      4.506072      0.143264      4.231717
      0.656863      0.824845      0.084705     -0.327061      0.000000        -44.524482         29.004981     12.385252      4.594835      0.143264      4.231717
      0.666667      0.821044      0.099033     -0.364148      0.000000        -45.921801         29.135585     12.599785      4.682742      0.143264      4.231717
      0.676471      0.816619      0.114960     -0.404184      0.000000        -47.403816         29.249676     12.813247      4.769644      0.143264      4.231717
      0.686275      0.811503      0.132609     -0.447070      0.000000        -48.965080         29.346197     13.025466      4.855370      0.143264      4.231717
      0.696078      0.805624      0.152093     -0.492593      0.000000        -50.596311         29.424358     13.236254      4.939734      0.143264      4.231717
      0.705882      0.798906      0.173514     -0.540423      0.000000        -52.284531         29.483674     13.445402      5.022530      0.143264      4.231717
      0.715686      0.791272      0.196960     -0.590125      0.000000        -54.013501         29.523996     13.652682      5.103533      0.143264      4.231717
      0.725490      0.782642      0.222498     -0.641181      0.000000        -55.764426         29.545520     13.857843      5.182502      0.143264      4.231717
      0.735294      0.772936      0.250173     -0.693014      0.000000        -57.516909         29.548782     14.060616      5.259179      0.143264      4.231717
      0.745098      0.762074      0.280003     -0.745016      0.000000        -59.250026         29.534632     14.260710      5.333296      0.143264      4.231717
      0.754902      0.749980      0.311984     -0.796584      0.000000        -60.943453         29.504188     14.457813      5.404578      0.143264      4.231717
      0.764706      0.736582      0.346086     -0.847147      0.000000        -62.578496         29.458779     14.651596      5.472747      0.143264      4.231717
      0.774510      0.721812      0.382255     -0.896194      0.000000        -64.138939         29.399881     14.841708      5.537533      0.143264      4.231717
      0.784314      0.705613      0.420420     -0.943293      0.000000        -65.611641         29.329048     15.027785      5.598676      0.143264      4.231717
      0.794118      0.687931      0.460493     -0.988103      0.000000        -66.986840         29.247848     15.209448      5.655943      0.143264      4.231717
      0.803922      0.668727      0.502373     -1.030380      0.000000        -68.258191         29.157803     15.386304      5.709127      0.143264      4.231717
      0.813725      0.647970      0.545951     -1.069970      0.000000        -69.422566         29.060346     15.557951      5.758064      0.143264      4.231717
      0.823529      0.625640      0.591115     -1.106808      0.000000        -70.479690         28.956784     15.723984      5.802634      0.143264      4.231717
      0.833333      0.601728      0.637751     -1.140900      0.000000        -71.431660         28.848276     15.883989      5.842772      0.143264      4.231717
      0.843137      0.576241      0.685744     -1.172314      0.000000        -72.282437         28.735817     16.037555      5.878473      0.143264      4.231717
      0.852941      0.549192      0.734988     -1.201165      0.000000        -73.037339         28.620238     16.184274      5.909792      0.143264      4.231717
      0.862745      0.520611      0.785377     -1.227601      0.000000        -73.702574         28.502209     16.323742      5.936848      0.143264      4.231717
      0.872549      0.490536      0.836817     -1.251795      0.000000        -74.284854         28.382245     16.455563      5.959822      0.143264      4.231717
      0.882353      0.459020      0.889216     -1.273932      0.000000        -74.791062         28.260716     16.579355      5.978952      0.143264      4.231717
      0.892157      0.426122      0.942495     -1.294202      0.000000        -75.228010         28.137863     16.694751      5.994530      0.143264      4.231717
      0.901961      0.391916      0.996580     -1.312797      0.000000        -75.602258         28.013811     16.801399      6.006891      0.143264      4.231717
      0.911765      0.356484      1.051404     -1.329904      0.000000        -75.919987         27.888576     16.898969      6.016406      0.143264      4.231717
      0.921569      0.319916      1.106910     -1.345703      0.000000        -76.186928         27.762083     16.987152      6.023467      0.143264      4.231717
      0.931373      0.282312      1.163048     -1.360367      0.000000        -76.408317         27.634175     17.065666      6.028478      0.143264      4.231717
      0.941176      0.243781      1.219773     -1.374058      0.000000        -76.588892         27.504620     17.134254      6.031837      0.143264      4.231717
      0.950980      0.204437      1.277049     -1.386932      0.000000        -76.732892         27.373124     17.192689      6.033928      0.143264      4.231717
      0.960784      0.164402      1.334844     -1.399136      0.000000        -76.844090         27.239337     17.240776      6.035103      0.143264      4.231717
      0.970588      0.123805      1.393134     -1.410812      0.000000        -76.925822         27.102859     17.278351      6.035670      0.143264      4.231717
      0.980392      0.082779      1.451901     -1.422111      0.000000        -76.981032         26.963252     17.305284      6.035883      0.143264      4.231717
      0.990196      0.041463      1.511132     -1.433315      0.000000        -77.012339         26.820040     17.321482      6.035933      0.143264      4.231717
      1.000000      0.000000      1.570796     -1.439936      0.000000        -77.019960         26.744226     17.326888      6.035936      0.143264      4.231717
