             t             r           psi            cs            qs                 p               sig             A             V            Q2             S
      0.000000      0.000000     -1.570796      0.979662      0.000000       -765.031778        390.457085      0.000000      0.000000     -0.102929      3.559097
      0.009804      0.034886     -1.536611      0.979958      0.000000       -765.035465        390.386584      0.003825      0.000001     -0.102929      3.559097
      0.019608      0.069732     -1.502406      0.980554      0.000000       -765.052754        390.224047      0.015294      0.000018     -0.102929      3.559097
      0.029412      0.104496     -1.468181      0.981152      0.000000       -765.083353        390.063987      0.034395      0.000092     -0.102929      3.559097
      0.039216      0.139137     -1.433935      0.981770      0.000000       -765.128808        389.905907      0.061104      0.000290     -0.102929      3.559097
      0.049020      0.173616     -1.399667      0.982416      0.000000       -765.190886        389.749306      0.095392      0.000707     -0.102929      3.559097
      0.058824      0.207891     -1.365376      0.983098      0.000000       -765.271634        389.593684      0.137216      0.001459     -0.102929      3.559097
      0.068627      0.241921     -1.331060      0.983822      0.000000       -765.373446        389.438535      0.186530      0.002690     -0.102929      3.559097
      0.078431      0.275668     -1.296718      0.984598      0.000000       -765.499128        389.283346      0.243273      0.004564     -0.102929      3.559097
      0.088235      0.309090     -1.262348      0.985434      0.000000       -765.651989        389.127599      0.307381      0.007264     -0.102929      3.559097
      0.098039      0.342147     -1.227947      0.986343      0.000000       -765.835942        388.970760      0.378776      0.010993     -0.102929      3.559097
      0.107843      0.374801     -1.193514      0.987336      0.000000       -766.055628        388.812282      0.457376      0.015967     -0.102929      3.559097
      0.117647      0.407012     -1.159044      0.988429      0.000000       -766.316577        388.651600      0.543087      0.022417     -0.102929      3.559097
      0.127451      0.438742     -1.124534      0.989640      0.000000       -766.625402        388.488124      0.635807      0.030584     -0.102929      3.559097
      0.137255      0.469951     -1.089979      0.990990      0.000000       -766.990049        388.321236      0.735428      0.040715     -0.102929      3.559097
      0.147059      0.500603     -1.055374      0.992504      0.000000       -767.420110        388.150284      0.841831      0.053063     -0.102929      3.559097
      0.156863      0.530659     -1.020713      0.994213      0.000000       -767.927221        387.974576      0.954889      0.067881     -0.102929      3.559097
      0.166667      0.560082     -0.985989      0.996153      0.000000       -768.525574        387.793370      1.074468      0.085420     -0.102929      3.559097
      0.176471      0.588836     -0.951193      0.998369      0.000000       -769.232582        387.605872      1.200424      0.105928     -0.102929      3.559097
      0.186275      0.616884     -0.916313      1.000918      0.000000       -770.069735        387.411224      1.332609      0.129642     -0.102929      3.559097
      0.196078      0.644190     -0.881338      1.003867      0.000000       -771.063731        387.208498      1.470861      0.156790     -0.102929      3.559097
      0.205882      0.670718     -0.846251      1.007303      0.000000       -772.247960        386.996689      1.615016      0.187584     -0.102929      3.559097
      0.215686      0.696434     -0.811035      1.011333      0.000000       -773.664483        386.774710      1.764898      0.222222     -0.102929      3.559097
      0.225490      0.721301     -0.775666      1.016093      0.000000       -775.366670        386.541394      1.920326      0.260878     -0.102929      3.559097
      0.235294      0.745286     -0.740115      1.021759      0.000000       -777.422759        386.295498      2.081110      0.303706     -0.102929      3.559097
      0.245098      0.768352     -0.704348      1.028555      0.000000       -779.920657        386.035726      2.247052      0.350835     -0.102929      3.559097
      0.254902      0.790463     -0.668320      1.036772      0.000000       -782.974460        385.760778      2.417946      0.402366     -0.102929      3.559097
      0.264706      0.811583     -0.631974      1.046791      0.000000       -786.733254        385.469437      2.593581      0.458371     -0.102929      3.559097
      0.274510      0.831676     -0.595241      1.059112      0.000000       -791.392946        385.160730      2.773734      0.518891     -0.102929      3.559097
      0.284314      0.850700     -0.558029      1.074392      0.000000       -797.211773        384.834229      2.958176      0.583932     -0.102929      3.559097
      0.294118      0.868614     -0.520219      1.093497      0.000000       -804.529715        384.490554      3.146668      0.653468     -0.102929      3.559097
      0.303922      0.885372     -0.481660      1.117550      0.000000       -813.790145        384.132287      3.338961      0.727436     -0.102929      3.559097
      0.313725      0.900924     -0.442156      1.147974      0.000000       -825.556746        383.765542      3.534797      0.805734     -0.102929      3.559097
      0.323529      0.915213     -0.401454      1.186454      0.000000       -840.504718        383.402712      3.733906      0.888218     -0.102929      3.559097
      0.333333      0.928170     -0.359244      1.234680      0.000000       -859.331300        383.067165      3.936002      0.974701     -0.102929      3.559097
      0.343137      0.939719     -0.315166      1.293526      0.000000       -882.455529        382.800978      4.140787      1.064948     -0.102929      3.559097
      0.352941      0.949770     -0.268871      1.360945      0.000000       -909.240559        382.676584      4.347941      1.158661     -0.102929      3.559097
      0.362745      0.958223     -0.220194      1.427567      0.000000       -936.342446        382.810638      4.557125      1.255475     -0.102929      3.559097
      0.372549      0.964983     -0.169520      1.470019      0.000000       -955.147077        383.369574      4.767978      1.354938     -0.102929      3.559097
      0.382353      0.969986     -0.118358      1.447695      0.000000       -950.359852        384.539136      4.980122      1.456506     -0.102929      3.559097
      0.392157      0.973249     -0.069752      1.318264      0.000000       -905.495450        386.426881      5.193170      1.559558     -0.102929      3.559097
      0.401961      0.974924     -0.027693      1.076590      0.000000       -817.512284        388.936402      5.406756      1.663469     -0.102929      3.559097
      0.411765      0.975295      0.004674      0.774996      0.000000       -705.289287        391.758664      5.620559      1.767710     -0.102929      3.559097
      0.421569      0.974721      0.026557      0.486566      0.000000       -596.594240        394.536683      5.834334      1.871916     -0.102929      3.559097
      0.431373      0.973548      0.039332      0.257294      0.000000       -509.658911        397.032719      6.047911      1.975887     -0.102929      3.559097
      0.441176      0.972055      0.045327      0.097434      0.000000       -449.105570        399.160566      6.261192      2.079534     -0.102929      3.559097
      0.450980      0.970438      0.046833     -0.002302      0.000000       -411.768617        400.931015      6.474129      2.182830     -0.102929      3.559097
      0.460784      0.968819      0.045700     -0.056151      0.000000       -392.316769        402.394195      6.686709      2.285781     -0.102929      3.559097
      0.470588      0.967264      0.043299     -0.076778      0.000000       -385.886945        403.606659      6.898941      2.388403     -0.102929      3.559097
      0.480392      0.965801      0.040616     -0.073707      0.000000       -388.776840        404.617980      7.110842      2.490716     -0.102929      3.559097
      0.490196      0.964426      0.038353     -0.053619      0.000000       -398.373463        405.467202      7.322432      2.592741     -0.102929      3.559097
      0.500000      0.963115      0.037019     -0.021065      0.000000       -412.894005        406.183182      7.533728      2.694489     -0.102929      3.559097
      0.509804      0.961828      0.036992      0.020886      0.000000       -431.137238        406.786108      7.744740      2.795966     -0.102929      3.559097
      0.519608      0.960515      0.038561      0.070152      0.000000       -452.289058        407.289195      7.955468      2.897168     -0.102929      3.559097
      0.529412      0.959116      0.041955      0.125269      0.000000       -475.777368        407.700280      8.165900      2.998076     -0.102929      3.559097
      0.539216      0.957565      0.047358      0.185124      0.000000       -501.162574        408.023329      8.376010      3.098656     -0.102929      3.559097
      0.549020      0.955787      0.054918      0.248745      0.000000       -528.053562        408.259901      8.585756      3.198857     -0.102929      3.559097
      0.558824      0.953708      0.064750      0.315145      0.000000       -556.045587        408.410585      8.795081      3.298609     -0.102929      3.559097
      0.568627      0.951245      0.076931      0.383228      0.000000       -584.681974        408.476351      9.003909      3.397816     -0.102929      3.559097
      0.578431      0.948317      0.091499      0.451757      0.000000       -613.443591        408.459676      9.212148      3.496361     -0.102929      3.559097
      0.588235      0.944841      0.108447      0.519391      0.000000       -641.767358        408.365294      9.419687      3.594103     -0.102929      3.559097
      0.598039      0.940737      0.127719      0.584779      0.000000       -669.088494        408.200435      9.626396      3.690873     -0.102929      3.559097
      0.607843      0.935927      0.149216      0.646692      0.000000       -694.894186        407.974544      9.832130      3.786479     -0.102929      3.559097
      0.617647      0.930339      0.172797      0.704132      0.000000       -718.773026        407.698595     10.036724      3.880710     -0.102929      3.559097
      0.627451      0.923908      0.198294      0.756415      0.000000       -740.447113        407.384182     10.240003      3.973333     -0.102929      3.559097
      0.637255      0.916574      0.225520      0.803195      0.000000       -759.780861        407.042623     10.441773      4.064103     -0.102929      3.559097
      0.647059      0.908287      0.254282      0.844433      0.000000       -776.768470        406.684234     10.641832      4.152768     -0.102929      3.559097
      0.656863      0.899006      0.284388      0.880340      0.000000       -791.507291        406.317865     10.839966      4.239072     -0.102929      3.559097
      0.666667      0.888697      0.315660      0.911298      0.000000       -804.165683        405.950691     11.035953      4.322760     -0.102929      3.559097
      0.676471      0.877334      0.347932      0.937791      0.000000       -814.952364        405.588230     11.229565      4.403589     -0.102929      3.559097
      0.686275      0.864898      0.381059      0.960343      0.000000       -824.091318        405.234488     11.420568      4.481326     -0.102929      3.559097
      0.696078      0.851377      0.414911      0.979475      0.000000       -831.803707        404.892183     11.608726      4.555760     -0.102929      3.559097
      0.705882      0.836766      0.449378      0.995676      0.000000       -838.296368        404.562995     11.793800      4.626698     -0.102929      3.559097
      0.715686      0.821063      0.484366      1.009389      0.000000       -843.755623        404.247797     11.975551      4.693975     -0.102929      3.559097
      0.725490      0.804272      0.519795      1.021002      0.000000       -848.344906        403.946863     12.153740      4.757455     -0.102929      3.559097
      0.735294      0.786403      0.555598      1.030851      0.000000       -852.204864        403.660035     12.328129      4.817030     -0.102929      3.559097
      0.745098      0.767468      0.591717      1.039224      0.000000       -855.454889        403.386859     12.498484      4.872626     -0.102929      3.559097
      0.754902      0.747483      0.628107      1.046360      0.000000       -858.195362        403.126687     12.664571      4.924201     -0.102929      3.559097
      0.764706      0.726468      0.664727      1.052462      0.000000       -860.510126        402.878752     12.826165      4.971745     -0.102929      3.559097
      0.774510      0.704444      0.701544      1.057697      0.000000       -862.468910        402.642220     12.983039      5.015284     -0.102929      3.559097
      0.784314      0.681436      0.738531      1.062207      0.000000       -864.129564        402.416234     13.134977      5.054872     -0.102929      3.559097
      0.794118      0.657473      0.775665      1.066105      0.000000       -865.540025        402.199937     13.281765      5.090598     -0.102929      3.559097
      0.803922      0.632583      0.812925      1.069490      0.000000       -866.740012        401.992488     13.423198      5.122578     -0.102929      3.559097
      0.813725      0.606798      0.850295      1.072442      0.000000       -867.762460        401.793072     13.559075      5.150955     -0.102929      3.559097
      0.823529      0.580152      0.887762      1.075026      0.000000       -868.634710        401.600908     13.689204      5.175897     -0.102929      3.559097
      0.833333      0.552680      0.925314      1.077300      0.000000       -869.379502        401.415250     13.813399      5.197595     -0.102929      3.559097
      0.843137      0.524419      0.962940      1.079309      0.000000       -870.015789        401.235385     13.931485      5.216256     -0.102929      3.559097
      0.852941      0.495407      1.000632      1.081094      0.000000       -870.559399        401.060636     14.043291      5.232106     -0.102929      3.559097
      0.862745      0.465685      1.038383      1.082686      0.000000       -871.023589        400.890356     14.148659      5.245381     -0.102929      3.559097
      0.872549      0.435294      1.076187      1.084114      0.000000       -871.419485        400.723925     14.247436      5.256323     -0.102929      3.559097
      0.882353      0.404277      1.114037      1.085401      0.000000       -871.756452        400.560748     14.339481      5.265183     -0.102929      3.559097
      0.892157      0.372677      1.151931      1.086569      0.000000       -872.042392        400.400252     14.424661      5.272210     -0.102929      3.559097
      0.901961      0.340539      1.189864      1.087633      0.000000       -872.283990        400.241884     14.502853      5.277649     -0.102929      3.559097
      0.911765      0.307909      1.227832      1.088610      0.000000       -872.486912        400.085102     14.573944      5.281741     -0.102929      3.559097
      0.921569      0.274833      1.265833      1.089512      0.000000       -872.655978        399.929379     14.637832      5.284713     -0.102929      3.559097
      0.931373      0.241358      1.303864      1.090350      0.000000       -872.795290        399.774197     14.694424      5.286782     -0.102929      3.559097
      0.941176      0.207534      1.341924      1.091134      0.000000       -872.908355        399.619045     14.743637      5.288145     -0.102929      3.559097
      0.950980      0.173408      1.380010      1.091873      0.000000       -872.998171        399.463417     14.785401      5.288980     -0.102929      3.559097
      0.960784      0.139031      1.418121      1.092576      0.000000       -873.067312        399.306811     14.819655      5.289443     -0.102929      3.559097
      0.970588      0.104450      1.456256      1.093249      0.000000       -873.117997        399.148727     14.846348      5.289664     -0.102929      3.559097
      0.980392      0.069718      1.494414      1.093900      0.000000       -873.152148        398.988665     14.865443      5.289746     -0.102929      3.559097
      0.990196      0.034885      1.532595      1.094551      0.000000       -873.171460        398.826128     14.876911      5.289765     -0.102929      3.559097
      1.000000      0.000000      1.570796      1.094876      0.000000       -873.175581        398.755627     14.880736      5.289766     -0.102929      3.559097
