             t             r           psi            cs            qs                 p               sig             A             V            Q2             S
      0.000000      0.000000     -1.570796     -0.800508      0.000000        -22.573474         14.099476      0.000000      0.000000      0.136301      5.238082
      0.009804      0.051339     -1.529520     -0.810681      0.000000        -22.580820         13.986765      0.008284      0.000004      0.136301      5.238082
      0.019608      0.102590     -1.487490     -0.826353      0.000000        -22.608792         13.807313      0.033121      0.000070      0.136301      5.238082
      0.029412      0.153659     -1.444627     -0.843190      0.000000        -22.659617         13.633014      0.074469      0.000358      0.136301      5.238082
      0.039216      0.204447     -1.400859     -0.861680      0.000000        -22.737460         13.462982      0.132252      0.001137      0.136301      5.238082
      0.049020      0.254851     -1.356090     -0.882300      0.000000        -22.847507         13.296412      0.206363      0.002783      0.136301      5.238082
      0.058824      0.304758     -1.310195     -0.905620      0.000000        -22.996281         13.132594      0.296661      0.005781      0.136301      5.238082
      0.068627      0.354049     -1.263018     -0.932347      0.000000        -23.192030         12.970942      0.402966      0.010717      0.136301      5.238082
      0.078431      0.402594     -1.214362     -0.963365      0.000000        -23.445231         12.811033      0.525059      0.018278      0.136301      5.238082
      0.088235      0.450251     -1.163981     -0.999780      0.000000        -23.769222         12.652668      0.662677      0.029239      0.136301      5.238082
      0.098039      0.496864     -1.111561     -1.042983      0.000000        -24.180986         12.495961      0.815508      0.044460      0.136301      5.238082
      0.107843      0.542255     -1.056713     -1.094709      0.000000        -24.702067         12.341488      0.983187      0.064868      0.136301      5.238082
      0.117647      0.586224     -0.998944     -1.157087      0.000000        -25.359507         12.190507      1.165288      0.091449      0.136301      5.238082
      0.127451      0.628538     -0.937646     -1.232625      0.000000        -26.186437         12.045304      1.361317      0.125222      0.136301      5.238082
      0.137255      0.668925     -0.872072     -1.324047      0.000000        -27.221483         11.909725      1.570696      0.167213      0.136301      5.238082
      0.147059      0.707060     -0.801343     -1.433741      0.000000        -28.505008         11.789967      1.792752      0.218413      0.136301      5.238082
      0.156863      0.742559     -0.724489     -1.562415      0.000000        -30.068187         11.695718      2.026700      0.279718      0.136301      5.238082
      0.166667      0.774966     -0.640606     -1.706308      0.000000        -31.907864         11.641603      2.271616      0.351833      0.136301      5.238082
      0.176471      0.803763     -0.549193     -1.852322      0.000000        -33.938278         11.648575      2.526421      0.435134      0.136301      5.238082
      0.186275      0.828396     -0.450799     -1.971967      0.000000        -35.919445         11.744048      2.789860      0.529480      0.136301      5.238082
      0.196078      0.848364     -0.347889     -2.019455      0.000000        -37.400590         11.958313      3.060508      0.634024      0.136301      5.238082
      0.205882      0.863356     -0.245492     -1.944786      0.000000        -37.785369         12.314637      3.336799      0.747122      0.136301      5.238082
      0.215686      0.873410     -0.150655     -1.725417      0.000000        -36.616671         12.814746      3.617125      0.866495      0.136301      5.238082
      0.225490      0.878996     -0.070257     -1.391968      0.000000        -33.935039         13.429927      3.899955      0.989684      0.136301      5.238082
      0.235294      0.880933     -0.008441     -1.014488      0.000000        -30.328100         14.108671      4.183974      1.114576      0.136301      5.238082
      0.245098      0.880190      0.034365     -0.660803      0.000000        -26.578834         14.796840      4.468160      1.239701      0.136301      5.238082
      0.254902      0.877690      0.060510     -0.369312      0.000000        -23.283362         15.454442      4.751799      1.364217      0.136301      5.238082
      0.264706      0.874203      0.073533     -0.149575      0.000000        -20.723997         16.060348      5.034454      1.487733      0.136301      5.238082
      0.274510      0.870308      0.076989      0.005137      0.000000        -18.941530         16.608419      5.315905      1.610131      0.136301      5.238082
      0.284314      0.866415      0.073907      0.107179      0.000000        -17.851420         17.101484      5.596091      1.731430      0.136301      5.238082
      0.294118      0.862795      0.066669      0.168968      0.000000        -17.326919         17.546568      5.875059      1.851724      0.136301      5.238082
      0.303922      0.859613      0.057061      0.200991      0.000000        -17.241665         17.952017      6.152926      1.971138      0.136301      5.238082
      0.313725      0.856955      0.046392      0.211503      0.000000        -17.486039         18.326031      6.429849      2.089812      0.136301      5.238082
      0.323529      0.854852      0.035597      0.206828      0.000000        -17.970543         18.676039      6.706005      2.207887      0.136301      5.238082
      0.333333      0.853291      0.025327      0.191787      0.000000        -18.623967         19.008502      6.981569      2.325502      0.136301      5.238082
      0.343137      0.852234      0.016013      0.170070      0.000000        -19.390113         19.328911      7.256713      2.442787      0.136301      5.238082
      0.352941      0.851625      0.007924      0.144521      0.000000        -20.224597         19.641864      7.531590      2.559862      0.136301      5.238082
      0.362745      0.851397      0.001197      0.117344      0.000000        -21.092274         19.951151      7.806334      2.676830      0.136301      5.238082
      0.372549      0.851478     -0.004129      0.090238      0.000000        -21.965321         20.259842      8.081056      2.793781      0.136301      5.238082
      0.382353      0.851798     -0.008094      0.064492      0.000000        -22.821928         20.570356      8.355844      2.910786      0.136301      5.238082
      0.392157      0.852288     -0.010793      0.041046      0.000000        -23.645410         20.884524      8.630765      3.027901      0.136301      5.238082
      0.401961      0.852887     -0.012360      0.020538      0.000000        -24.423642         21.203637      8.905863      3.145165      0.136301      5.238082
      0.411765      0.853541     -0.012959      0.003337      0.000000        -25.148640         21.528507      9.181164      3.262601      0.136301      5.238082
      0.421569      0.854204     -0.012762     -0.010421      0.000000        -25.816212         21.859510      9.456679      3.380218      0.136301      5.238082
      0.431373      0.854841     -0.011946     -0.020796      0.000000        -26.425584         22.196655      9.732405      3.498017      0.136301      5.238082
      0.441176      0.855423     -0.010680     -0.028011      0.000000        -26.978955         22.539641     10.008328      3.615985      0.136301      5.238082
      0.450980      0.855933     -0.009118     -0.032408      0.000000        -27.480980         22.887924     10.284428      3.734107      0.136301      5.238082
      0.460784      0.856357     -0.007393     -0.034413      0.000000        -27.938183         23.240789     10.560678      3.852359      0.136301      5.238082
      0.470588      0.856691     -0.005616     -0.034494      0.000000        -28.358355         23.597408     10.837051      3.970717      0.136301      5.238082
      0.480392      0.856935     -0.003875     -0.033128      0.000000        -28.749961         23.956907     11.113517      4.089157      0.136301      5.238082
      0.490196      0.857091     -0.002230     -0.030779      0.000000        -29.121625         24.318407     11.390048      4.207652      0.136301      5.238082
      0.500000      0.857166     -0.000723     -0.027872      0.000000        -29.481695         24.681066     11.666615      4.326180      0.136301      5.238082
      0.509804      0.857168      0.000629     -0.024783      0.000000        -29.837948         25.044107     11.943195      4.444718      0.136301      5.238082
      0.519608      0.857104      0.001825     -0.021837      0.000000        -30.197397         25.406829     12.219764      4.563248      0.136301      5.238082
      0.529412      0.856983      0.002879     -0.019301      0.000000        -30.566228         25.768612     12.496304      4.681751      0.136301      5.238082
      0.539216      0.856810      0.003818     -0.017394      0.000000        -30.949834         26.128915     12.772796      4.800213      0.136301      5.238082
      0.549020      0.856592      0.004679     -0.016294      0.000000        -31.352924         26.487258     13.049224      4.918621      0.136301      5.238082
      0.558824      0.856330      0.005508     -0.016145      0.000000        -31.779700         26.843211     13.325576      5.036962      0.136301      5.238082
      0.568627      0.856026      0.006356     -0.017069      0.000000        -32.234075         27.196365     13.601835      5.155224      0.136301      5.238082
      0.578431      0.855676      0.007281     -0.019179      0.000000        -32.719912         27.546309     13.877990      5.273396      0.136301      5.238082
      0.588235      0.855276      0.008348     -0.022587      0.000000        -33.241281         27.892605     14.154024      5.391463      0.136301      5.238082
      0.598039      0.854815      0.009625     -0.027413      0.000000        -33.802717         28.234756     14.429919      5.509410      0.136301      5.238082
      0.607843      0.854282      0.011190     -0.033800      0.000000        -34.409468         28.572178     14.705654      5.627219      0.136301      5.238082
      0.617647      0.853660      0.013126     -0.041915      0.000000        -35.067727         28.904171     14.981203      5.744867      0.136301      5.238082
      0.627451      0.852926      0.015528     -0.051961      0.000000        -35.784825         29.229886     15.256534      5.862326      0.136301      5.238082
      0.637255      0.852055      0.018500     -0.064181      0.000000        -36.569375         29.548302     15.531607      5.979559      0.136301      5.238082
      0.647059      0.851014      0.022162     -0.078857      0.000000        -37.431332         29.858199     15.806373      6.096524      0.136301      5.238082
      0.656863      0.849765      0.026647     -0.096311      0.000000        -38.381940         30.158134     16.080770      6.213164      0.136301      5.238082
      0.666667      0.848261      0.032108     -0.116902      0.000000        -39.433517         30.446437     16.354725      6.329412      0.136301      5.238082
      0.676471      0.846448      0.038714     -0.141010      0.000000        -40.599038         30.721202     16.628145      6.445186      0.136301      5.238082
      0.686275      0.844263      0.046657     -0.169020      0.000000        -41.891451         30.980309     16.900923      6.560383      0.136301      5.238082
      0.696078      0.841632      0.056147     -0.201298      0.000000        -43.322711         31.221456     17.172926      6.674880      0.136301      5.238082
      0.705882      0.838469      0.067410     -0.238155      0.000000        -44.902508         31.442228     17.443996      6.788526      0.136301      5.238082
      0.715686      0.834679      0.080689     -0.279805      0.000000        -46.636743         31.640184     17.713948      6.901143      0.136301      5.238082
      0.725490      0.830152      0.096232     -0.326324      0.000000        -48.525883         31.812983     17.982561      7.012514      0.136301      5.238082
      0.735294      0.824768      0.114287     -0.377604      0.000000        -50.563386         31.958529     18.249578      7.122388      0.136301      5.238082
      0.745098      0.818394      0.135091     -0.433320      0.000000        -52.734506         32.075131     18.514702      7.230467      0.136301      5.238082
      0.754902      0.810886      0.158858     -0.492911      0.000000        -55.015777         32.161658     18.777590      7.336408      0.136301      5.238082
      0.764706      0.802095      0.185769     -0.555585      0.000000        -57.375468         32.217670     19.037853      7.439821      0.136301      5.238082
      0.774510      0.791863      0.215957     -0.620356      0.000000        -59.775127         32.243501     19.295052      7.540272      0.136301      5.238082
      0.784314      0.780034      0.249501     -0.686101      0.000000        -62.172145         32.240269     19.548695      7.637283      0.136301      5.238082
      0.794118      0.766452      0.286421     -0.751648      0.000000        -64.522992         32.209825     19.798243      7.730346      0.136301      5.238082
      0.803922      0.750970      0.326678     -0.815858      0.000000        -66.786627         32.154623     20.043105      7.818933      0.136301      5.238082
      0.813725      0.733451      0.370176     -0.877712      0.000000        -68.927522         32.077545     20.282647      7.902517      0.136301      5.238082
      0.823529      0.713775      0.416771     -0.936374      0.000000        -70.917835         31.981699     20.516191      7.980590      0.136301      5.238082
      0.833333      0.691844      0.466283     -0.991225      0.000000        -72.738503         31.870228     20.743025      8.052691      0.136301      5.238082
      0.843137      0.667580      0.518505     -1.041880      0.000000        -74.379254         31.746129     20.962408      8.118430      0.136301      5.238082
      0.852941      0.640931      0.573217     -1.088164      0.000000        -75.837742         31.612131     21.173578      8.177510      0.136301      5.238082
      0.862745      0.611874      0.630193     -1.130089      0.000000        -77.118128         31.470604     21.375761      8.229754      0.136301      5.238082
      0.872549      0.580411      0.689213     -1.167812      0.000000        -78.229420         31.323517     21.568180      8.275117      0.136301      5.238082
      0.882353      0.546574      0.750069     -1.201592      0.000000        -79.183843         31.172427     21.750062      8.313700      0.136301      5.238082
      0.892157      0.510421      0.812564     -1.231757      0.000000        -79.995404         31.018501     21.920651      8.345750      0.136301      5.238082
      0.901961      0.472035      0.876524     -1.258669      0.000000        -80.678751         30.862539     22.079212      8.371658      0.136301      5.238082
      0.911765      0.431529      0.941790     -1.282702      0.000000        -81.248325         30.705021     22.225042      8.391943      0.136301      5.238082
      0.921569      0.389033      1.008224     -1.304226      0.000000        -81.717792         30.546142     22.357476      8.407233      0.136301      5.238082
      0.931373      0.344705      1.075706     -1.323595      0.000000        -82.099705         30.385855     22.475899      8.418236      0.136301      5.238082
      0.941176      0.298720      1.144136     -1.341141      0.000000        -82.405331         30.223904     22.579747      8.425704      0.136301      5.238082
      0.950980      0.251273      1.213426     -1.357174      0.000000        -82.644605         30.059854     22.668515      8.430403      0.136301      5.238082
      0.960784      0.202575      1.283507     -1.371981      0.000000        -82.826171         29.893121     22.741766      8.433067      0.136301      5.238082
      0.970588      0.152853      1.354322     -1.385827      0.000000        -82.957464         29.722993     22.799133      8.434363      0.136301      5.238082
      0.980392      0.102347      1.425829     -1.398968      0.000000        -83.044838         29.548649     22.840322      8.434854      0.136301      5.238082
      0.990196      0.051308      1.498000     -1.411726      0.000000        -83.093721         29.369185     22.865123      8.434969      0.136301      5.238082
      1.000000      0.000000      1.570796     -1.420313      0.000000        -83.106710         29.256473     22.873404      8.434976      0.136301      5.238082
