             t             r           psi            cs            qs                 p               sig             A             V            Q2             S
      0.000000      0.000000     -1.570796     -0.991148      0.000000      -4796.805788       2419.822821      0.000000      0.000000      0.009828      8.979625
      0.004902      0.044004     -1.527166     -0.991267      0.000000      -4796.814850       2419.612954      0.006086      0.000003      0.009828      8.979625
      0.009804      0.087924     -1.483530     -0.991393      0.000000      -4796.844234       2419.398367      0.024333      0.000047      0.009828      8.979625
      0.014706      0.131677     -1.439888     -0.991524      0.000000      -4796.897049       2419.187208      0.054705      0.000235      0.009828      8.979625
      0.019608      0.175178     -1.396240     -0.991663      0.000000      -4796.976888       2418.978382      0.097146      0.000741      0.009828      8.979625
      0.024510      0.218347     -1.352586     -0.991812      0.000000      -4797.088069       2418.770780      0.151573      0.001798      0.009828      8.979625
      0.029412      0.261099     -1.308925     -0.991973      0.000000      -4797.235863       2418.563266      0.217884      0.003703      0.009828      8.979625
      0.034314      0.303354     -1.265257     -0.992150      0.000000      -4797.426746       2418.354675      0.295953      0.006804      0.009828      8.979625
      0.039216      0.345030     -1.221580     -0.992346      0.000000      -4797.668731       2418.143792      0.385629      0.011498      0.009828      8.979625
      0.044118      0.386049     -1.177895     -0.992565      0.000000      -4797.971786       2417.929344      0.486743      0.018221      0.009828      8.979625
      0.049020      0.426332     -1.134199     -0.992814      0.000000      -4798.348400       2417.709972      0.599102      0.027440      0.009828      8.979625
      0.053922      0.465801     -1.090491     -0.993099      0.000000      -4798.814331       2417.484209      0.722491      0.039644      0.009828      8.979625
      0.058824      0.504382     -1.046770     -0.993428      0.000000      -4799.389618       2417.250453      0.856675      0.055335      0.009828      8.979625
      0.063725      0.541999     -1.003034     -0.993814      0.000000      -4800.099974       2417.006921      1.001398      0.075017      0.009828      8.979625
      0.068627      0.578581     -0.959278     -0.994268      0.000000      -4800.978708       2416.751606      1.156383      0.099188      0.009828      8.979625
      0.073529      0.614057     -0.915501     -0.994811      0.000000      -4802.069440       2416.482216      1.321334      0.128327      0.009828      8.979625
      0.078431      0.648359     -0.871698     -0.995465      0.000000      -4803.429959       2416.196093      1.495937      0.162884      0.009828      8.979625
      0.083333      0.681420     -0.827863     -0.996264      0.000000      -4805.137836       2415.890120      1.679856      0.203276      0.009828      8.979625
      0.088235      0.713175     -0.783989     -0.997250      0.000000      -4807.298699       2415.560588      1.872739      0.249869      0.009828      8.979625
      0.093137      0.743562     -0.740066     -0.998485      0.000000      -4810.058698       2415.203030      2.074218      0.302979      0.009828      8.979625
      0.098039      0.772521     -0.696082     -1.000054      0.000000      -4813.623670       2414.812001      2.283904      0.362856      0.009828      8.979625
      0.102941      0.799993     -0.652019     -1.002078      0.000000      -4818.289337       2414.380781      2.501396      0.429685      0.009828      8.979625
      0.107843      0.825922     -0.607854     -1.004738      0.000000      -4824.490126       2413.900981      2.726273      0.503572      0.009828      8.979625
      0.112745      0.850253     -0.563553     -1.008302      0.000000      -4832.880442       2413.362020      2.958102      0.584550      0.009828      8.979625
      0.117647      0.872932     -0.519068     -1.013191      0.000000      -4844.474394       2412.750431      3.196433      0.672564      0.009828      8.979625
      0.122549      0.893907     -0.474327     -1.020073      0.000000      -4860.894578       2412.049003      3.440801      0.767481      0.009828      8.979625
      0.127451      0.913123     -0.429220     -1.030060      0.000000      -4884.832072       2411.235849      3.690729      0.869078      0.009828      8.979625
      0.132353      0.930524     -0.383572     -1.045068      0.000000      -4920.929726       2410.283930      3.945722      0.977051      0.009828      8.979625
      0.137255      0.946046     -0.337094     -1.068543      0.000000      -4977.532176       2409.162946      4.205270      1.091009      0.009828      8.979625
      0.142157      0.959613     -0.289287     -1.106895      0.000000      -5070.164002       2407.850427      4.468842      1.210481      0.009828      8.979625
      0.147059      0.971119     -0.239259     -1.172037      0.000000      -5227.715940       2406.376609      4.735884      1.334909      0.009828      8.979625
      0.151961      0.980412     -0.185435     -1.282805      0.000000      -5496.124102       2404.992449      5.005806      1.463644      0.009828      8.979625
      0.156863      0.987254     -0.125584     -1.439242      0.000000      -5877.608678       2404.741406      5.277967      1.595908      0.009828      8.979625
      0.161765      0.991348     -0.060524     -1.457241      0.000000      -5935.027871       2408.578249      5.551646      1.730706      0.009828      8.979625
      0.166667      0.992721     -0.005755     -0.938716      0.000000      -4707.411685       2418.980681      5.826070      1.866770      0.009828      8.979625
      0.171569      0.992300      0.019913     -0.267592      0.000000      -3099.764271       2430.897716      6.100597      2.003008      0.009828      8.979625
      0.176471      0.991301      0.022992      0.073211      0.000000      -2281.774385       2439.623473      6.374904      2.139003      0.009828      8.979625
      0.181373      0.990406      0.016954      0.174853      0.000000      -2041.265603       2445.540456      6.648940      2.274736      0.009828      8.979625
      0.186275      0.989833      0.009114      0.170761      0.000000      -2056.635215       2449.925967      6.922771      2.410283      0.009828      8.979625
      0.191176      0.989585      0.002500      0.126202      0.000000      -2169.793397       2453.630414      7.196490      2.545729      0.009828      8.979625
      0.196078      0.989580     -0.001855      0.071611      0.000000      -2307.064184       2457.154010      7.470176      2.681144      0.009828      8.979625
      0.200980      0.989714     -0.003896      0.022988      0.000000      -2429.775854       2460.787856      7.743882      2.816579      0.009828      8.979625
      0.205882      0.989895     -0.004094     -0.011162      0.000000      -2517.328639       2464.679906      8.017634      2.952058      0.009828      8.979625
      0.210784      0.990058     -0.003167     -0.028212      0.000000      -2563.295979       2468.864270      8.291435      3.087585      0.009828      8.979625
      0.215686      0.990168     -0.001828     -0.030588      0.000000      -2573.497582       2473.290223      8.565273      3.223151      0.009828      8.979625
      0.220588      0.990221     -0.000608     -0.023789      0.000000      -2561.279297       2477.863491      8.839135      3.358740      0.009828      8.979625
      0.225490      0.990228      0.000219     -0.013686      0.000000      -2540.964409       2482.489224      9.113004      3.494336      0.009828      8.979625
      0.230392      0.990208      0.000611     -0.004532      0.000000      -2522.965520       2487.099996      9.386870      3.629930      0.009828      8.979625
      0.235294      0.990179      0.000663      0.001636      0.000000      -2512.300990       2491.663201      9.660730      3.765517      0.009828      8.979625
      0.240196      0.990152      0.000516      0.004550      0.000000      -2509.641500       2496.174146      9.934582      3.901096      0.009828      8.979625
      0.245098      0.990134      0.000299      0.004941      0.000000      -2513.204153       2500.644211     10.208427      4.036669      0.009828      8.979625
      0.250000      0.990126      0.000102      0.003861      0.000000      -2520.401173       2505.090291     10.482269      4.172239      0.009828      8.979625
      0.254902      0.990124     -0.000033      0.002259      0.000000      -2528.888328       2509.527836     10.756110      4.307807      0.009828      8.979625
      0.259804      0.990128     -0.000099      0.000789      0.000000      -2537.050494       2513.967533     11.029951      4.443375      0.009828      8.979625
      0.264706      0.990132     -0.000109     -0.000226      0.000000      -2544.082663       2518.414703     11.303793      4.578945      0.009828      8.979625
      0.269608      0.990137     -0.000087     -0.000726      0.000000      -2549.833330       2522.870341     11.577636      4.714516      0.009828      8.979625
      0.274510      0.990140     -0.000051     -0.000812      0.000000      -2554.552290       2527.332789     11.851480      4.850088      0.009828      8.979625
      0.279412      0.990141     -0.000019     -0.000647      0.000000      -2558.646709       2531.799355     12.125325      4.985660      0.009828      8.979625
      0.284314      0.990142      0.000004     -0.000388      0.000000      -2562.504352       2536.267483     12.399171      5.121233      0.009828      8.979625
      0.289216      0.990141      0.000016     -0.000145      0.000000      -2566.400781       2540.735355     12.673016      5.256806      0.009828      8.979625
      0.294118      0.990140      0.000018      0.000027      0.000000      -2570.477708       2545.202036     12.946861      5.392378      0.009828      8.979625
      0.299020      0.990140      0.000015      0.000115      0.000000      -2574.766232       2549.667323     13.220706      5.527951      0.009828      8.979625
      0.303922      0.990139      0.000009      0.000133      0.000000      -2579.228534       2554.131464     13.494550      5.663523      0.009828      8.979625
      0.308824      0.990139      0.000003      0.000109      0.000000      -2583.798701       2558.594893     13.768395      5.799095      0.009828      8.979625
      0.313725      0.990139     -0.000000      0.000067      0.000000      -2588.412445       2563.058035     14.042239      5.934667      0.009828      8.979625
      0.318627      0.990139     -0.000002      0.000027      0.000000      -2593.023011       2567.521198     14.316084      6.070239      0.009828      8.979625
      0.323529      0.990139     -0.000003     -0.000002      0.000000      -2597.605403       2571.984546     14.589928      6.205811      0.009828      8.979625
      0.328431      0.990139     -0.000002     -0.000018      0.000000      -2602.153091       2576.448124     14.863773      6.341383      0.009828      8.979625
      0.333333      0.990139     -0.000002     -0.000022      0.000000      -2606.671420       2580.911895     15.137617      6.476955      0.009828      8.979625
      0.338235      0.990139     -0.000001     -0.000018      0.000000      -2611.170914       2585.375790     15.411462      6.612527      0.009828      8.979625
      0.343137      0.990139      0.000000     -0.000012      0.000000      -2615.662244       2589.839739     15.685307      6.748099      0.009828      8.979625
      0.348039      0.990139      0.000000     -0.000005      0.000000      -2620.153413       2594.303690     15.959151      6.883672      0.009828      8.979625
      0.352941      0.990139      0.000000     -0.000000      0.000000      -2624.648891       2598.767611     16.232996      7.019244      0.009828      8.979625
      0.357843      0.990139      0.000000      0.000003      0.000000      -2629.150045       2603.231496     16.506840      7.154816      0.009828      8.979625
      0.362745      0.990139      0.000000      0.000004      0.000000      -2633.656176       2607.695347     16.780685      7.290388      0.009828      8.979625
      0.367647      0.990139      0.000000      0.000003      0.000000      -2638.165621       2612.159177     17.054530      7.425960      0.009828      8.979625
      0.372549      0.990139      0.000000      0.000002      0.000000      -2642.676609       2616.622997     17.328374      7.561532      0.009828      8.979625
      0.377451      0.990139     -0.000000      0.000001      0.000000      -2647.187765       2621.086815     17.602219      7.697104      0.009828      8.979625
      0.382353      0.990139     -0.000000      0.000000      0.000000      -2651.698283       2625.550638     17.876063      7.832677      0.009828      8.979625
      0.387255      0.990139     -0.000000     -0.000000      0.000000      -2656.207879       2630.014467     18.149908      7.968249      0.009828      8.979625
      0.392157      0.990139     -0.000000     -0.000001      0.000000      -2660.716631       2634.478301     18.423753      8.103821      0.009828      8.979625
      0.397059      0.990139     -0.000000     -0.000001      0.000000      -2665.224796       2638.942139     18.697597      8.239393      0.009828      8.979625
      0.401961      0.990139     -0.000000     -0.000000      0.000000      -2669.732668       2643.405979     18.971442      8.374965      0.009828      8.979625
      0.406863      0.990139      0.000000     -0.000000      0.000000      -2674.240484       2647.869820     19.245286      8.510537      0.009828      8.979625
      0.411765      0.990139      0.000000     -0.000000      0.000000      -2678.748390       2652.333659     19.519131      8.646109      0.009828      8.979625
      0.416667      0.990139      0.000000      0.000000      0.000000      -2683.256444       2656.797498     19.792976      8.781681      0.009828      8.979625
      0.421569      0.990139      0.000000      0.000000      0.000000      -2687.764640       2661.261336     20.066820      8.917254      0.009828      8.979625
      0.426471      0.990139      0.000000      0.000000      0.000000      -2692.272941       2665.725174     20.340665      9.052826      0.009828      8.979625
      0.431373      0.990139      0.000000      0.000000      0.000000      -2696.781298       2670.189011     20.614509      9.188398      0.009828      8.979625
      0.436275      0.990139     -0.000000      0.000000      0.000000      -2701.289670       2674.652847     20.888354      9.323970      0.009828      8.979625
      0.441176      0.990139     -0.000000      0.000000      0.000000      -2705.798030       2679.116684     21.162199      9.459542      0.009828      8.979625
      0.446078      0.990139     -0.000000     -0.000000      0.000000      -2710.306366       2683.580521     21.436043      9.595114      0.009828      8.979625
      0.450980      0.990139     -0.000000     -0.000000      0.000000      -2714.814679       2688.044358     21.709888      9.730686      0.009828      8.979625
      0.455882      0.990139     -0.000000     -0.000000      0.000000      -2719.322973       2692.508196     21.983732      9.866259      0.009828      8.979625
      0.460784      0.990139     -0.000000     -0.000000      0.000000      -2723.831256       2696.972033     22.257577     10.001831      0.009828      8.979625
      0.465686      0.990139      0.000000     -0.000000      0.000000      -2728.339536       2701.435871     22.531421     10.137403      0.009828      8.979625
      0.470588      0.990139      0.000000     -0.000000      0.000000      -2732.847817       2705.899708     22.805266     10.272975      0.009828      8.979625
      0.475490      0.990139      0.000000      0.000000      0.000000      -2737.356102       2710.363545     23.079111     10.408547      0.009828      8.979625
      0.480392      0.990139      0.000000      0.000000      0.000000      -2741.864391       2714.827383     23.352955     10.544119      0.009828      8.979625
      0.485294      0.990139      0.000000      0.000000      0.000000      -2746.372683       2719.291220     23.626800     10.679691      0.009828      8.979625
      0.490196      0.990139      0.000000      0.000000      0.000000      -2750.880977       2723.755057     23.900644     10.815263      0.009828      8.979625
      0.495098      0.990139     -0.000000      0.000000      0.000000      -2755.389272       2728.218895     24.174489     10.950836      0.009828      8.979625
      0.500000      0.990139     -0.000000      0.000000      0.000000      -2759.897566       2732.682732     24.448334     11.086408      0.009828      8.979625
      0.504902      0.990139     -0.000000     -0.000000      0.000000      -2764.405861       2737.146569     24.722178     11.221980      0.009828      8.979625
      0.509804      0.990139     -0.000000     -0.000000      0.000000      -2768.914154       2741.610407     24.996023     11.357552      0.009828      8.979625
      0.514706      0.990139     -0.000000     -0.000000      0.000000      -2773.422447       2746.074244     25.269867     11.493124      0.009828      8.979625
      0.519608      0.990139     -0.000000     -0.000000      0.000000      -2777.930740       2750.538081     25.543712     11.628696      0.009828      8.979625
      0.524510      0.990139     -0.000000     -0.000000      0.000000      -2782.439032       2755.001919     25.817557     11.764268      0.009828      8.979625
      0.529412      0.990139      0.000000     -0.000000      0.000000      -2786.947325       2759.465756     26.091401     11.899840      0.009828      8.979625
      0.534314      0.990139      0.000000     -0.000000      0.000000      -2791.455617       2763.929593     26.365246     12.035413      0.009828      8.979625
      0.539216      0.990139      0.000000      0.000000      0.000000      -2795.963910       2768.393431     26.639090     12.170985      0.009828      8.979625
      0.544118      0.990139      0.000000      0.000000      0.000000      -2800.472202       2772.857268     26.912935     12.306557      0.009828      8.979625
      0.549020      0.990139      0.000000      0.000000      0.000000      -2804.980495       2777.321105     27.186780     12.442129      0.009828      8.979625
      0.553922      0.990139      0.000000      0.000000      0.000000      -2809.488788       2781.784943     27.460624     12.577701      0.009828      8.979625
      0.558824      0.990139     -0.000000      0.000000      0.000000      -2813.997081       2786.248780     27.734469     12.713273      0.009828      8.979625
      0.563725      0.990139     -0.000000      0.000000      0.000000      -2818.505374       2790.712617     28.008313     12.848845      0.009828      8.979625
      0.568627      0.990139     -0.000000     -0.000000      0.000000      -2823.013667       2795.176455     28.282158     12.984418      0.009828      8.979625
      0.573529      0.990139     -0.000000     -0.000000      0.000000      -2827.521959       2799.640292     28.556003     13.119990      0.009828      8.979625
      0.578431      0.990139     -0.000000     -0.000000      0.000000      -2832.030252       2804.104129     28.829847     13.255562      0.009828      8.979625
      0.583333      0.990139     -0.000000     -0.000000      0.000000      -2836.538545       2808.567967     29.103692     13.391134      0.009828      8.979625
      0.588235      0.990139      0.000000     -0.000000      0.000000      -2841.046838       2813.031804     29.377536     13.526706      0.009828      8.979625
      0.593137      0.990139      0.000000     -0.000000      0.000000      -2845.555130       2817.495641     29.651381     13.662278      0.009828      8.979625
      0.598039      0.990139      0.000000     -0.000000      0.000000      -2850.063423       2821.959479     29.925226     13.797850      0.009828      8.979625
      0.602941      0.990139      0.000000     -0.000000      0.000000      -2854.571716       2826.423316     30.199070     13.933422      0.009828      8.979625
      0.607843      0.990139      0.000000     -0.000000      0.000000      -2859.080009       2830.887153     30.472915     14.068995      0.009828      8.979625
      0.612745      0.990139      0.000000     -0.000000      0.000000      -2863.588301       2835.350991     30.746759     14.204567      0.009828      8.979625
      0.617647      0.990139      0.000000     -0.000000      0.000000      -2868.096594       2839.814828     31.020604     14.340139      0.009828      8.979625
      0.622549      0.990139      0.000000     -0.000000      0.000000      -2872.604887       2844.278665     31.294448     14.475711      0.009828      8.979625
      0.627451      0.990139      0.000000     -0.000000      0.000000      -2877.113180       2848.742503     31.568293     14.611283      0.009828      8.979625
      0.632353      0.990139      0.000000     -0.000000      0.000000      -2881.621473       2853.206340     31.842138     14.746855      0.009828      8.979625
      0.637255      0.990139      0.000000     -0.000000      0.000000      -2886.129766       2857.670177     32.115982     14.882427      0.009828      8.979625
      0.642157      0.990139      0.000000     -0.000000      0.000000      -2890.638060       2862.134015     32.389827     15.017999      0.009828      8.979625
      0.647059      0.990139      0.000000     -0.000000      0.000000      -2895.146354       2866.597852     32.663671     15.153572      0.009828      8.979625
      0.651961      0.990139      0.000000     -0.000000      0.000000      -2899.654649       2871.061689     32.937516     15.289144      0.009828      8.979625
      0.656863      0.990139      0.000000     -0.000000      0.000000      -2904.162945       2875.525526     33.211361     15.424716      0.009828      8.979625
      0.661765      0.990139      0.000000     -0.000000      0.000000      -2908.671245       2879.989364     33.485205     15.560288      0.009828      8.979625
      0.666667      0.990139      0.000000     -0.000000      0.000000      -2913.179550       2884.453201     33.759050     15.695860      0.009828      8.979625
      0.671569      0.990139      0.000000     -0.000000      0.000000      -2917.687865       2888.917038     34.032894     15.831432      0.009828      8.979625
      0.676471      0.990139      0.000000     -0.000000      0.000000      -2922.196196       2893.380875     34.306739     15.967004      0.009828      8.979625
      0.681373      0.990139      0.000000     -0.000000      0.000000      -2926.704557       2897.844712     34.580584     16.102577      0.009828      8.979625
      0.686275      0.990139      0.000000     -0.000000      0.000000      -2931.212969       2902.308549     34.854428     16.238149      0.009828      8.979625
      0.691176      0.990139      0.000000     -0.000000      0.000000      -2935.721474       2906.772385     35.128273     16.373721      0.009828      8.979625
      0.696078      0.990139      0.000000     -0.000000      0.000000      -2940.230140       2911.236219     35.402117     16.509293      0.009828      8.979625
      0.700980      0.990139      0.000000     -0.000001      0.000000      -2944.739092       2915.700052     35.675962     16.644865      0.009828      8.979625
      0.705882      0.990139      0.000000     -0.000001      0.000000      -2949.248547       2920.163882     35.949807     16.780437      0.009828      8.979625
      0.710784      0.990139      0.000000     -0.000002      0.000000      -2953.758889       2924.627706     36.223651     16.916009      0.009828      8.979625
      0.715686      0.990139      0.000000     -0.000003      0.000000      -2958.270793       2929.091519     36.497496     17.051581      0.009828      8.979625
      0.720588      0.990139      0.000000     -0.000005      0.000000      -2962.785447       2933.555315     36.771340     17.187154      0.009828      8.979625
      0.725490      0.990139      0.000001     -0.000009      0.000000      -2967.304946       2938.019078     37.045185     17.322726      0.009828      8.979625
      0.730392      0.990139      0.000001     -0.000016      0.000000      -2971.832970       2942.482785     37.319029     17.458298      0.009828      8.979625
      0.735294      0.990139      0.000002     -0.000027      0.000000      -2976.375995       2946.946394     37.592874     17.593870      0.009828      8.979625
      0.740196      0.990139      0.000004     -0.000048      0.000000      -2980.945410       2951.409828     37.866719     17.729442      0.009828      8.979625
      0.745098      0.990139      0.000007     -0.000084      0.000000      -2985.561230       2955.872956     38.140563     17.865014      0.009828      8.979625
      0.750000      0.990138      0.000012     -0.000148      0.000000      -2990.258625       2960.335546     38.414407     18.000586      0.009828      8.979625
      0.754902      0.990138      0.000020     -0.000260      0.000000      -2995.099359       2964.797190     38.688252     18.136158      0.009828      8.979625
      0.759804      0.990136      0.000036     -0.000456      0.000000      -3000.191833       2969.257173     38.962096     18.271729      0.009828      8.979625
      0.764706      0.990134      0.000063     -0.000801      0.000000      -3005.726135       2973.714240     39.235939     18.407300      0.009828      8.979625
      0.769608      0.990131      0.000110     -0.001405      0.000000      -3012.035133       2978.166190     39.509782     18.542871      0.009828      8.979625
      0.774510      0.990124      0.000193     -0.002461      0.000000      -3019.700469       2982.609173     39.783623     18.678440      0.009828      8.979625
      0.779412      0.990113      0.000338     -0.004309      0.000000      -3029.734839       2987.036466     40.057462     18.814006      0.009828      8.979625
      0.784314      0.990093      0.000592     -0.007529      0.000000      -3043.890739       2991.436375     40.331297     18.949569      0.009828      8.979625
      0.789216      0.990058      0.001035     -0.013118      0.000000      -3065.169216       2995.788701     40.605125     19.085124      0.009828      8.979625
      0.794118      0.989997      0.001806     -0.022749      0.000000      -3098.616230       3000.058947     40.878939     19.220666      0.009828      8.979625
      0.799020      0.989891      0.003137     -0.039143      0.000000      -3152.447448       3004.189355     41.152731     19.356185      0.009828      8.979625
      0.803922      0.989707      0.005411     -0.066477      0.000000      -3239.294037       3008.086478     41.426484     19.491665      0.009828      8.979625
      0.808824      0.989392      0.009234     -0.110529      0.000000      -3376.639617       3011.607815     41.700169     19.627076      0.009828      8.979625
      0.813725      0.988859      0.015484     -0.177802      0.000000      -3584.150520       3014.557181     41.973739     19.762367      0.009828      8.979625
      0.818627      0.987977      0.025294     -0.272575      0.000000      -3874.723900       3016.709183     42.247118     19.897450      0.009828      8.979625
      0.823529      0.986562      0.039848     -0.392103      0.000000      -4239.879673       3017.882855     42.520183     20.032182      0.009828      8.979625
      0.828431      0.984387      0.059994     -0.523788      0.000000      -4641.212462       3018.045329     42.792758     20.166333      0.009828      8.979625
      0.833333      0.981200      0.085871     -0.649502      0.000000      -5023.627663       3017.363393     43.064598     20.299573      0.009828      8.979625
      0.838235      0.976763      0.116871     -0.754937      0.000000      -5343.821064       3016.137187     43.335388     20.431457      0.009828      8.979625
      0.843137      0.970877      0.151956     -0.835025      0.000000      -5586.643122       3014.669499     43.604754     20.561448      0.009828      8.979625
      0.848039      0.963396      0.190044     -0.892111      0.000000      -5759.440588       3013.177588     43.872275     20.688943      0.009828      8.979625
      0.852941      0.954221      0.230234     -0.931491      0.000000      -5878.433686       3011.780379     44.137494     20.813310      0.009828      8.979625
      0.857843      0.943291      0.271865     -0.958375      0.000000      -5959.505430       3010.525683     44.399934     20.933920      0.009828      8.979625
      0.862745      0.930574      0.314481     -0.976795      0.000000      -6014.923929       3009.421325     44.659105     21.050169      0.009828      8.979625
      0.867647      0.916059      0.357776     -0.989564      0.000000      -6053.233075       3008.456655     44.914510     21.161499      0.009828      8.979625
      0.872549      0.899748      0.401543     -0.998556      0.000000      -6080.117534       3007.614467     45.165651     21.267405      0.009828      8.979625
      0.877451      0.881657      0.445647     -1.005000      0.000000      -6099.299232       3006.876703     45.412036     21.367454      0.009828      8.979625
      0.882353      0.861810      0.489993     -1.009701      0.000000      -6113.214512       3006.226817     45.653173     21.461286      0.009828      8.979625
      0.887255      0.840238      0.534519     -1.013188      0.000000      -6123.471503       3005.650522     45.888581     21.548619      0.009828      8.979625
      0.892157      0.816976      0.579178     -1.015819      0.000000      -6131.145285       3005.135819     46.117789     21.629258      0.009828      8.979625
      0.897059      0.792067      0.623938     -1.017833      0.000000      -6136.965310       3004.672761     46.340335     21.703088      0.009828      8.979625
      0.901961      0.765559      0.668776     -1.019399      0.000000      -6141.434279       3004.253130     46.555769     21.770083      0.009828      8.979625
      0.906863      0.737501      0.713676     -1.020632      0.000000      -6144.904051       3003.870140     46.763656     21.830295      0.009828      8.979625
      0.911765      0.707948      0.758625     -1.021615      0.000000      -6147.624639       3003.518158     46.963575     21.883858      0.009828      8.979625
      0.916667      0.676959      0.803612     -1.022409      0.000000      -6149.776261       3003.192484     47.155120     21.930980      0.009828      8.979625
      0.921569      0.644595      0.848631     -1.023057      0.000000      -6151.490605       3002.889168     47.337903     21.971936      0.009828      8.979625
      0.926471      0.610921      0.893676     -1.023591      0.000000      -6152.865124       3002.604861     47.511553     22.007063      0.009828      8.979625
      0.931373      0.576005      0.938742     -1.024036      0.000000      -6153.972804       3002.336698     47.675716     22.036749      0.009828      8.979625
      0.936275      0.539917      0.983826     -1.024410      0.000000      -6154.868914       3002.082199     47.830058     22.061426      0.009828      8.979625
      0.941176      0.502729      1.028926     -1.024729      0.000000      -6155.595741       3001.839198     47.974266     22.081561      0.009828      8.979625
      0.946078      0.464518      1.074038     -1.025002      0.000000      -6156.185949       3001.605778     48.108045     22.097642      0.009828      8.979625
      0.950980      0.425360      1.119162     -1.025238      0.000000      -6156.664993       3001.380220     48.231124     22.110170      0.009828      8.979625
      0.955882      0.385336      1.164295     -1.025445      0.000000      -6157.052874       3001.160965     48.343251     22.119648      0.009828      8.979625
      0.960784      0.344526      1.209437     -1.025628      0.000000      -6157.365423       3000.946580     48.444198     22.126570      0.009828      8.979625
      0.965686      0.303014      1.254587     -1.025791      0.000000      -6157.615261       3000.735727     48.533759     22.131408      0.009828      8.979625
      0.970588      0.260884      1.299743     -1.025938      0.000000      -6157.812508       3000.527147     48.611751     22.134609      0.009828      8.979625
      0.975490      0.218222      1.344905     -1.026073      0.000000      -6157.965332       3000.319635     48.678016     22.136576      0.009828      8.979625
      0.980392      0.175114      1.390074     -1.026197      0.000000      -6158.080358       3000.112031     48.732418     22.137669      0.009828      8.979625
      0.985294      0.131649      1.435247     -1.026313      0.000000      -6158.162991       2999.903204     48.774846     22.138192      0.009828      8.979625
      0.990196      0.087916      1.480425     -1.026423      0.000000      -6158.217673       2999.692044     48.805214     22.138387      0.009828      8.979625
      0.995098      0.044003      1.525609     -1.026528      0.000000      -6158.248101       2999.477456     48.823460     22.138433      0.009828      8.979625
      1.000000      0.000000      1.570796     -1.026627      0.000000      -6158.257486       2999.267589     48.829546     22.138436      0.009828      8.979625
