             t             r           psi            cs            qs                 p               sig             A             V            Q2             S
      0.000000     -0.000000     -1.570796     -0.877142      0.000000        -23.085628         13.159575      0.000000      0.000000      0.166247      3.842253
      0.009804      0.037662     -1.537696     -0.883582      0.000000        -23.089079         13.101639      0.004457      0.000001      0.166247      3.842253
      0.019608      0.075283     -1.504183     -0.895743      0.000000        -23.104273         12.980407      0.017825      0.000022      0.166247      3.842253
      0.029412      0.112819     -1.470207     -0.908273      0.000000        -23.131190         12.862284      0.040087      0.000113      0.166247      3.842253
      0.039216      0.150225     -1.435746     -0.921527      0.000000        -23.171254         12.746977      0.071219      0.000359      0.166247      3.842253
      0.049020      0.187455     -1.400769     -0.935684      0.000000        -23.226098         12.634217      0.111184      0.000878      0.166247      3.842253
      0.058824      0.224461     -1.365239     -0.950925      0.000000        -23.297622         12.523769      0.159936      0.001822      0.166247      3.842253
      0.068627      0.261190     -1.329112     -0.967450      0.000000        -23.388039         12.415431      0.217414      0.003379      0.166247      3.842253
      0.078431      0.297591     -1.292334     -0.985485      0.000000        -23.499938         12.309047      0.283548      0.005765      0.166247      3.842253
      0.088235      0.333607     -1.254845     -1.005292      0.000000        -23.636343         12.204511      0.358253      0.009228      0.166247      3.842253
      0.098039      0.369180     -1.216571     -1.027166      0.000000        -23.800782         12.101781      0.441431      0.014046      0.166247      3.842253
      0.107843      0.404247     -1.177430     -1.051448      0.000000        -23.997364         12.000893      0.532970      0.020523      0.166247      3.842253
      0.117647      0.438741     -1.137322     -1.078524      0.000000        -24.230856         11.901981      0.632742      0.028984      0.166247      3.842253
      0.127451      0.472593     -1.096135     -1.108826      0.000000        -24.506748         11.805302      0.740604      0.039778      0.166247      3.842253
      0.137255      0.505724     -1.053738     -1.142833      0.000000        -24.831304         11.711269      0.856394      0.053267      0.166247      3.842253
      0.147059      0.538054     -1.009983     -1.181060      0.000000        -25.211557         11.620498      0.979932      0.069827      0.166247      3.842253
      0.156863      0.569491     -0.964700     -1.224037      0.000000        -25.655211         11.533857      1.111019      0.089838      0.166247      3.842253
      0.166667      0.599939     -0.917700     -1.272263      0.000000        -26.170373         11.452549      1.249431      0.113681      0.166247      3.842253
      0.176471      0.629288     -0.868779     -1.326132      0.000000        -26.765003         11.378194      1.394922      0.141724      0.166247      3.842253
      0.186275      0.657421     -0.817719     -1.385803      0.000000        -27.445904         11.312950      1.547218      0.174318      0.166247      3.842253
      0.196078      0.684209     -0.764305     -1.450998      0.000000        -28.217011         11.259637      1.706015      0.211781      0.166247      3.842253
      0.205882      0.709509     -0.708346     -1.520698      0.000000        -29.076692         11.221882      1.870980      0.254381      0.166247      3.842253
      0.215686      0.733170     -0.649708     -1.592735      0.000000        -30.013784         11.204244      2.041742      0.302318      0.166247      3.842253
      0.225490      0.755031     -0.588370     -1.663292      0.000000        -31.002297         11.212279      2.217895      0.355704      0.166247      3.842253
      0.235294      0.774929     -0.524491     -1.726430      0.000000        -31.995373         11.252472      2.398992      0.414532      0.166247      3.842253
      0.245098      0.792708     -0.458500     -1.773884      0.000000        -32.920248         11.331916      2.584551      0.478656      0.166247      3.842253
      0.254902      0.808234     -0.391173     -1.795516      0.000000        -33.677663         11.457631      2.774054      0.547770      0.166247      3.842253
      0.264706      0.821409     -0.323685     -1.780822      0.000000        -34.150326         11.635461      2.966955      0.621404      0.166247      3.842253
      0.274510      0.832195     -0.257572     -1.721526      0.000000        -34.223639         11.868669      3.162691      0.698942      0.166247      3.842253
      0.284314      0.840625     -0.194590     -1.614577      0.000000        -33.816196         12.156590      3.360700      0.779657      0.166247      3.842253
      0.294118      0.846814     -0.136482     -1.464102      0.000000        -32.909142         12.493892      3.560436      0.862780      0.166247      3.842253
      0.303922      0.850949     -0.084698     -1.281044      0.000000        -31.559346         12.870909      3.761390      0.947564      0.166247      3.842253
      0.313725      0.853276     -0.040191     -1.080410      0.000000        -29.887746         13.275075      3.963102      1.033348      0.166247      3.842253
      0.323529      0.854071     -0.003329     -0.877506      0.000000        -28.048142         13.692959      4.165179      1.119589      0.166247      3.842253
      0.333333      0.853621      0.026050     -0.684881      0.000000        -26.191728         14.112197      4.367291      1.205876      0.166247      3.842253
      0.343137      0.852196      0.048505     -0.510904      0.000000        -24.441302         14.522781      4.569176      1.291914      0.166247      3.842253
      0.352941      0.850045      0.064830     -0.359853      0.000000        -22.880395         14.917554      4.770633      1.377511      0.166247      3.842253
      0.362745      0.847381      0.075918     -0.232822      0.000000        -21.554640         15.292087      4.971517      1.462547      0.166247      3.842253
      0.372549      0.844385      0.082660     -0.128839      0.000000        -20.479645         15.644203      5.171727      1.546958      0.166247      3.842253
      0.382353      0.841205      0.085888     -0.045811      0.000000        -19.650480         15.973401      5.371204      1.630718      0.166247      3.842253
      0.392157      0.837957      0.086343      0.018807      0.000000        -19.050007         16.280311      5.569918      1.713826      0.166247      3.842253
      0.401961      0.834735      0.084669      0.067606      0.000000        -18.655077         16.566263      5.767865      1.796298      0.166247      3.842253
      0.411765      0.831606      0.081417      0.103002      0.000000        -18.440646         16.832966      5.965059      1.878161      0.166247      3.842253
      0.421569      0.828621      0.077050      0.127143      0.000000        -18.382239         17.082279      6.161529      1.959450      0.166247      3.842253
      0.431373      0.825816      0.071957      0.141887      0.000000        -18.457269         17.316076      6.357313      2.040201      0.166247      3.842253
      0.441176      0.823210      0.066459      0.148808      0.000000        -18.645622         17.536153      6.552457      2.120456      0.166247      3.842253
      0.450980      0.820814      0.060827      0.149231      0.000000        -18.929806         17.744176      6.747008      2.200254      0.166247      3.842253
      0.460784      0.818629      0.055284      0.144265      0.000000        -19.294863         17.941656      6.941018      2.279635      0.166247      3.842253
      0.470588      0.816648      0.050014      0.134833      0.000000        -19.728163         18.129941      7.134534      2.358638      0.166247      3.842253
      0.480392      0.814857      0.045172      0.121700      0.000000        -20.219171         18.310207      7.327605      2.437296      0.166247      3.842253
      0.490196      0.813239      0.040884      0.105501      0.000000        -20.759197         18.483465      7.520272      2.515643      0.166247      3.842253
      0.500000      0.811770      0.037256      0.086757      0.000000        -21.341182         18.650567      7.712575      2.593705      0.166247      3.842253
      0.509804      0.810423      0.034375      0.065893      0.000000        -21.959502         18.812206      7.904545      2.671508      0.166247      3.842253
      0.519608      0.809170      0.032314      0.043250      0.000000        -22.609805         18.968926      8.096208      2.749068      0.166247      3.842253
      0.529412      0.807978      0.031135      0.019091      0.000000        -23.288872         19.121124      8.287582      2.826399      0.166247      3.842253
      0.539216      0.806813      0.030892     -0.006382      0.000000        -23.994502         19.269057      8.478678      2.903507      0.166247      3.842253
      0.549020      0.805639      0.031631     -0.033032      0.000000        -24.725404         19.412847      8.669498      2.980392      0.166247      3.842253
      0.558824      0.804418      0.033394     -0.060773      0.000000        -25.481098         19.552482      8.860036      3.057046      0.166247      3.842253
      0.568627      0.803110      0.036223     -0.089569      0.000000        -26.261816         19.687826      9.050274      3.133455      0.166247      3.842253
      0.578431      0.801676      0.040156     -0.119424      0.000000        -27.068390         19.818624      9.240189      3.209594      0.166247      3.842253
      0.588235      0.800071      0.045234     -0.150378      0.000000        -27.902125         19.944507      9.429746      3.285432      0.166247      3.842253
      0.598039      0.798254      0.051499     -0.182500      0.000000        -28.764652         20.065011      9.618898      3.360927      0.166247      3.842253
      0.607843      0.796178      0.058999     -0.215876      0.000000        -29.657754         20.179581      9.807590      3.436029      0.166247      3.842253
      0.617647      0.793796      0.067780     -0.250604      0.000000        -30.583172         20.287596      9.995756      3.510677      0.166247      3.842253
      0.627451      0.791059      0.077897     -0.286781      0.000000        -31.542381         20.388382     10.183317      3.584797      0.166247      3.842253
      0.637255      0.787916      0.089405     -0.324491      0.000000        -32.536357         20.481239     10.370183      3.658307      0.166247      3.842253
      0.647059      0.784314      0.102364     -0.363796      0.000000        -33.565344         20.565465     10.556252      3.731111      0.166247      3.842253
      0.656863      0.780199      0.116833     -0.404725      0.000000        -34.628623         20.640382     10.741409      3.803102      0.166247      3.842253
      0.666667      0.775513      0.132875     -0.447263      0.000000        -35.724330         20.705370     10.925525      3.874158      0.166247      3.842253
      0.676471      0.770198      0.150549     -0.491343      0.000000        -36.849306         20.759885     11.108459      3.944146      0.166247      3.842253
      0.686275      0.764193      0.169910     -0.536844      0.000000        -37.999036         20.803495     11.290055      4.012920      0.166247      3.842253
      0.696078      0.757438      0.191009     -0.583588      0.000000        -39.167667         20.835895     11.470142      4.080321      0.166247      3.842253
      0.705882      0.749869      0.213889     -0.631341      0.000000        -40.348116         20.856927     11.648535      4.146179      0.166247      3.842253
      0.715686      0.741426      0.238582     -0.679824      0.000000        -41.532283         20.866590     11.825034      4.210314      0.166247      3.842253
      0.725490      0.732045      0.265111     -0.728716      0.000000        -42.711334         20.865041     11.999426      4.272537      0.166247      3.842253
      0.735294      0.721666      0.293483     -0.777672      0.000000        -43.876055         20.852589     12.171480      4.332653      0.166247      3.842253
      0.745098      0.710231      0.323696     -0.826335      0.000000        -45.017227         20.829687     12.340953      4.390465      0.166247      3.842253
      0.754902      0.697685      0.355730     -0.874351      0.000000        -46.126013         20.796906     12.507590      4.445777      0.166247      3.842253
      0.764706      0.683976      0.389556     -0.921385      0.000000        -47.194299         20.754918     12.671121      4.498398      0.166247      3.842253
      0.774510      0.669059      0.425129     -0.967132      0.000000        -48.214989         20.704462     12.831265      4.548149      0.166247      3.842253
      0.784314      0.652891      0.462398     -1.011327      0.000000        -49.182206         20.646322     12.987731      4.594864      0.166247      3.842253
      0.794118      0.635440      0.501299     -1.053752      0.000000        -50.091424         20.581295     13.140219      4.638400      0.166247      3.842253
      0.803922      0.616679      0.541762     -1.094241      0.000000        -50.939496         20.510169     13.288422      4.678639      0.166247      3.842253
      0.813725      0.596588      0.583711     -1.132679      0.000000        -51.724619         20.433698     13.432028      4.715496      0.166247      3.842253
      0.823529      0.575156      0.627069     -1.169002      0.000000        -52.446227         20.352588     13.570720      4.748920      0.166247      3.842253
      0.833333      0.552382      0.671755     -1.203190      0.000000        -53.104844         20.267479     13.704180      4.778899      0.166247      3.842253
      0.843137      0.528272      0.717689     -1.235263      0.000000        -53.701910         20.178941     13.832092      4.805464      0.166247      3.842253
      0.852941      0.502843      0.764792     -1.265277      0.000000        -54.239596         20.087462     13.954141      4.828689      0.166247      3.842253
      0.862745      0.476119      0.812988     -1.293314      0.000000        -54.720620         19.993452     14.070018      4.848690      0.166247      3.842253
      0.872549      0.448134      0.862204     -1.319478      0.000000        -55.148084         19.897239     14.179420      4.865626      0.166247      3.842253
      0.882353      0.418932      0.912373     -1.343891      0.000000        -55.525320         19.799071     14.282053      4.879694      0.166247      3.842253
      0.892157      0.388563      0.963430     -1.366683      0.000000        -55.855766         19.699124     14.377635      4.891125      0.166247      3.842253
      0.901961      0.357089      1.015318     -1.387994      0.000000        -56.142863         19.597500     14.465897      4.900179      0.166247      3.842253
      0.911765      0.324576      1.067983     -1.407965      0.000000        -56.389975         19.494236     14.546586      4.907137      0.166247      3.842253
      0.921569      0.291102      1.121377     -1.426741      0.000000        -56.600328         19.389311     14.619464      4.912294      0.166247      3.842253
      0.931373      0.256748      1.175458     -1.444465      0.000000        -56.776970         19.282644     14.684314      4.915950      0.166247      3.842253
      0.941176      0.221606      1.230189     -1.461278      0.000000        -56.922746         19.174107     14.740938      4.918399      0.166247      3.842253
      0.950980      0.185771      1.285538     -1.477320      0.000000        -57.040277         19.063526     14.789160      4.919923      0.166247      3.842253
      0.960784      0.149347      1.341480     -1.492730      0.000000        -57.131967         18.950685     14.828828      4.920779      0.166247      3.842253
      0.970588      0.112442      1.397992     -1.507649      0.000000        -57.199999         18.835334     14.859817      4.921192      0.166247      3.842253
      0.980392      0.075169      1.455059     -1.522243      0.000000        -57.246356         18.717194     14.882025      4.921348      0.166247      3.842253
      0.990196      0.037648      1.512675     -1.536916      0.000000        -57.272853         18.595957     14.895380      4.921384      0.166247      3.842253
      1.000000      0.000000      1.570796     -1.544904      0.000000        -57.278921         18.538021     14.899837      4.921386      0.166247      3.842253
