             t             r           psi            cs            qs                 p               sig             A             V            Q2             S
      0.000000     -0.000000     -1.570796     -0.915858      0.000000       -109.118071         59.571506      0.000000      0.000000      0.075298      6.371644
      0.009804      0.062433     -1.513491     -0.920119      0.000000       -109.132490         59.392337      0.012256      0.000011      0.075298      6.371644
      0.019608      0.124660     -1.455828     -0.926144      0.000000       -109.185360         59.135088      0.048982      0.000175      0.075298      6.371644
      0.029412      0.186472     -1.397774     -0.932658      0.000000       -109.283178         58.883923      0.110058      0.000884      0.075298      6.371644
      0.039216      0.247658     -1.339292     -0.939900      0.000000       -109.436235         58.636517      0.195278      0.002779      0.075298      6.371644
      0.049020      0.308001     -1.280327     -0.948139      0.000000       -109.658124         58.390592      0.304355      0.006735      0.075298      6.371644
      0.058824      0.367285     -1.220809     -0.957721      0.000000       -109.967032         58.143913      0.436915      0.013835      0.075298      6.371644
      0.068627      0.425287     -1.160638     -0.969096      0.000000       -110.387545         57.894292      0.592500      0.025334      0.075298      6.371644
      0.078431      0.481780     -1.099686     -0.982868      0.000000       -110.953273         57.639602      0.770562      0.042624      0.075298      6.371644
      0.088235      0.536532     -1.037778     -0.999858      0.000000       -111.710679         57.377831      0.970463      0.067187      0.075298      6.371644
      0.098039      0.589301     -0.974679     -1.021203      0.000000       -112.724737         57.107200      1.191472      0.100545      0.075298      6.371644
      0.107843      0.639830     -0.910071     -1.048500      0.000000       -114.087246         56.826418      1.432762      0.144208      0.075298      6.371644
      0.117647      0.687847     -0.843515     -1.084006      0.000000       -115.928802         56.535196      1.693401      0.199615      0.075298      6.371644
      0.127451      0.733048     -0.774405     -1.130903      0.000000       -118.434979         56.235297      1.972343      0.268079      0.075298      6.371644
      0.137255      0.775089     -0.701899     -1.193571      0.000000       -121.864349         55.932621      2.268419      0.350713      0.075298      6.371644
      0.147059      0.813567     -0.624844     -1.277557      0.000000       -126.554592         55.641369      2.580310      0.448363      0.075298      6.371644
      0.156863      0.847992     -0.541730     -1.388229      0.000000       -132.865682         55.392144      2.906526      0.561497      0.075298      6.371644
      0.166667      0.877766     -0.450847     -1.525081      0.000000       -140.906418         55.246575      3.245363      0.690065      0.075298      6.371644
      0.176471      0.902179     -0.351086     -1.665438      0.000000       -149.704773         55.318130      3.594858      0.833259      0.075298      6.371644
      0.186275      0.920512     -0.244186     -1.735887      0.000000       -155.627398         55.780197      3.952763      0.989197      0.075298      6.371644
      0.196078      0.932341     -0.138260     -1.614085      0.000000       -152.019072         56.799428      4.316591      1.154704      0.075298      6.371644
      0.205882      0.938022     -0.047794     -1.247228      0.000000       -134.931502         58.359272      4.683827      1.325738      0.075298      6.371644
      0.215686      0.938884      0.015135     -0.765443      0.000000       -110.153478         60.179493      5.052291      1.498646      0.075298      6.371644
      0.225490      0.936737      0.049256     -0.347270      0.000000        -87.537120         61.928871      5.420444      1.671197      0.075298      6.371644
      0.235294      0.933191      0.061386     -0.063802      0.000000        -71.898290         63.437328      5.787435      1.842493      0.075298      6.371644
      0.245098      0.929357      0.059743      0.099332      0.000000        -63.054284         64.686953      6.152949      2.012367      0.075298      6.371644
      0.254902      0.925883      0.050725      0.178216      0.000000        -59.181433         65.724708      6.517015      2.180954      0.075298      6.371644
      0.264706      0.923087      0.038588      0.203450      0.000000        -58.553327         66.608612      6.879843      2.348488      0.075298      6.371644
      0.274510      0.921073      0.025979      0.196164      0.000000        -59.919639         67.389058      7.241727      2.515232      0.075298      6.371644
      0.284314      0.919818      0.014465      0.170284      0.000000        -62.437418         68.105593      7.602971      2.681439      0.075298      6.371644
      0.294118      0.919225      0.004897      0.135087      0.000000        -65.539570         68.788233      7.963857      2.847343      0.075298      6.371644
      0.303922      0.919158     -0.002352      0.096934      0.000000        -68.835338         69.459393      8.324617      3.013140      0.075298      6.371644
      0.313725      0.919470     -0.007245      0.060258      0.000000        -72.049895         70.135389      8.685431      3.178983      0.075298      6.371644
      0.323529      0.920018     -0.009975      0.028078      0.000000        -74.992355         70.827429      9.046418      3.344982      0.075298      6.371644
      0.333333      0.920678     -0.010886      0.002246      0.000000        -77.540856         71.542286      9.407645      3.511199      0.075298      6.371644
      0.343137      0.921349     -0.010405     -0.016413      0.000000        -79.635476         72.282865      9.769137      3.677660      0.075298      6.371644
      0.352941      0.921958     -0.008983     -0.027969      0.000000        -81.272133         73.048827     10.130882      3.844355      0.075298      6.371644
      0.362745      0.922460     -0.007043     -0.033201      0.000000        -82.493384         73.837352     10.492846      4.011254      0.075298      6.371644
      0.372549      0.922835     -0.004941     -0.033365      0.000000        -83.375102         74.644016     10.854982      4.178316      0.075298      6.371644
      0.382353      0.923080     -0.002949     -0.029934      0.000000        -84.010630         75.463669     11.217240      4.345490      0.075298      6.371644
      0.392157      0.923209     -0.001246     -0.024360      0.000000        -84.495390         76.291211     11.579571      4.512733      0.075298      6.371644
      0.401961      0.923244      0.000076     -0.017903      0.000000        -84.914671         77.122165     11.941933      4.680006      0.075298      6.371644
      0.411765      0.923208      0.000993     -0.011534      0.000000        -85.336110         77.953006     12.304294      4.847277      0.075298      6.371644
      0.421569      0.923128      0.001532     -0.005905      0.000000        -85.806846         78.781281     12.666631      5.014527      0.075298      6.371644
      0.431373      0.923023      0.001754     -0.001384      0.000000        -86.354354         79.605547     13.028932      5.181742      0.075298      6.371644
      0.441176      0.922914      0.001731      0.001903      0.000000        -86.989555         80.425220     13.391190      5.348918      0.075298      6.371644
      0.450980      0.922811      0.001541      0.003998      0.000000        -87.710906         81.240365     13.753406      5.516055      0.075298      6.371644
      0.460784      0.922723      0.001253      0.005053      0.000000        -88.508558         82.051486     14.115584      5.683158      0.075298      6.371644
      0.470588      0.922655      0.000927      0.005277      0.000000        -89.368021         82.859338     14.477732      5.850232      0.075298      6.371644
      0.480392      0.922607      0.000607      0.004899      0.000000        -90.273102         83.664771     14.839857      6.017286      0.075298      6.371644
      0.490196      0.922578      0.000323      0.004133      0.000000        -91.208057         84.468618     15.201967      6.184326      0.075298      6.371644
      0.500000      0.922566      0.000095      0.003163      0.000000        -92.159030         85.271614     15.564069      6.351358      0.075298      6.371644
      0.509804      0.922565     -0.000071      0.002138      0.000000        -93.114876         86.074351     15.926168      6.518388      0.075298      6.371644
      0.519608      0.922573     -0.000174      0.001162      0.000000        -94.067511         86.877258     16.288269      6.685420      0.075298      6.371644
      0.529412      0.922586     -0.000219      0.000297      0.000000        -95.011899         87.680604     16.650374      6.852455      0.075298      6.371644
      0.539216      0.922599     -0.000214     -0.000429      0.000000        -95.945804         88.484507     17.012485      7.019495      0.075298      6.371644
      0.549020      0.922611     -0.000168     -0.001018      0.000000        -96.869420         89.288957     17.374601      7.186540      0.075298      6.371644
      0.558824      0.922620     -0.000089     -0.001498      0.000000        -97.784952         90.093836     17.736720      7.353589      0.075298      6.371644
      0.568627      0.922622      0.000018     -0.001912      0.000000        -98.696248         90.898940     18.098842      7.520639      0.075298      6.371644
      0.578431      0.922617      0.000150     -0.002323      0.000000        -99.608528         91.703991     18.460963      7.687690      0.075298      6.371644
      0.588235      0.922603      0.000310     -0.002800      0.000000       -100.528275         92.508646     18.823081      7.854736      0.075298      6.371644
      0.598039      0.922577      0.000503     -0.003430      0.000000       -101.463312         93.312489     19.185191      8.021776      0.075298      6.371644
      0.607843      0.922539      0.000743     -0.004311      0.000000       -102.423115         94.115015     19.547288      8.188804      0.075298      6.371644
      0.617647      0.922483      0.001049     -0.005563      0.000000       -103.419383         94.915600     19.909368      8.355816      0.075298      6.371644
      0.627451      0.922406      0.001449     -0.007334      0.000000       -104.466908         95.713452     20.271421      8.522803      0.075298      6.371644
      0.637255      0.922299      0.001980     -0.009813      0.000000       -105.584786         96.507541     20.633438      8.689757      0.075298      6.371644
      0.647059      0.922155      0.002695     -0.013242      0.000000       -106.798011         97.296513     20.995407      8.856666      0.075298      6.371644
      0.656863      0.921958      0.003661     -0.017939      0.000000       -108.139498         98.078567     21.357309      9.023513      0.075298      6.371644
      0.666667      0.921690      0.004971     -0.024317      0.000000       -109.652524         98.851306     21.719120      9.190276      0.075298      6.371644
      0.676471      0.921327      0.006745     -0.032913      0.000000       -111.393525         99.611551     22.080809      9.356924      0.075298      6.371644
      0.686275      0.920834      0.009143     -0.044410      0.000000       -113.435007        100.355118     22.442331      9.523416      0.075298      6.371644
      0.696078      0.920167      0.012372     -0.059663      0.000000       -115.868016        101.076576     22.803627      9.689697      0.075298      6.371644
      0.705882      0.919266      0.016697     -0.079708      0.000000       -118.803197        101.769004     23.164617      9.855688      0.075298      6.371644
      0.715686      0.918052      0.022455     -0.105741      0.000000       -122.368776        102.423791     23.525196     10.021286      0.075298      6.371644
      0.725490      0.916423      0.030059     -0.139056      0.000000       -126.703161        103.030590     23.885220     10.186350      0.075298      6.371644
      0.735294      0.914248      0.040005     -0.180905      0.000000       -131.939562        103.577522     24.244502     10.350691      0.075298      6.371644
      0.745098      0.911365      0.052859     -0.232278      0.000000       -138.180822        104.051796     24.602798     10.514056      0.075298      6.371644
      0.754902      0.907574      0.069233     -0.293606      0.000000       -145.465692        104.440853     24.959791     10.676107      0.075298      6.371644
      0.764706      0.902637      0.089739     -0.364437      0.000000       -153.733214        104.734025     25.315080     10.836408      0.075298      6.371644
      0.774510      0.896282      0.114930     -0.443215      0.000000       -162.798167        104.924473     25.668163     10.994395      0.075298      6.371644
      0.784314      0.888207      0.145222     -0.527274      0.000000       -172.353043        105.010895     26.018423     11.149366      0.075298      6.371644
      0.794118      0.878096      0.180842     -0.613154      0.000000       -182.005395        104.998399     26.365125     11.300469      0.075298      6.371644
      0.803922      0.865632      0.221787     -0.697165      0.000000       -191.343915        104.898083     26.707407     11.446711      0.075298      6.371644
      0.813725      0.850518      0.267834     -0.776028      0.000000       -200.010951        104.725370     27.044286     11.586983      0.075298      6.371644
      0.823529      0.832488      0.318582     -0.847362      0.000000       -207.755475        104.497630     27.374669     11.720113      0.075298      6.371644
      0.833333      0.811322      0.373514     -0.909877      0.000000       -214.451755        104.231828     27.697366     11.844922      0.075298      6.371644
      0.843137      0.786855      0.432067     -0.963287      0.000000       -220.086171        103.942811     28.011112     11.960307      0.075298      6.371644
      0.852941      0.758980      0.493681     -1.008046      0.000000       -224.725847        103.642414     28.314589     12.065312      0.075298      6.371644
      0.862745      0.727645      0.557845     -1.045056      0.000000       -228.483906        103.339317     28.606447     12.159202      0.075298      6.371644
      0.872549      0.692855      0.624106     -1.075405      0.000000       -231.490854        103.039356     28.885327     12.241516      0.075298      6.371644
      0.882353      0.654663      0.692084     -1.100194      0.000000       -233.875364        102.746054     29.149882     12.312103      0.075298      6.371644
      0.892157      0.613169      0.761463     -1.120438      0.000000       -235.753696        102.461178     29.398795     12.371142      0.075298      6.371644
      0.901961      0.568514      0.831989     -1.137019      0.000000       -237.225347        102.185227     29.630796     12.419135      0.075298      6.371644
      0.911765      0.520873      0.903455     -1.150673      0.000000       -238.372535        101.917818     29.844679     12.456880      0.075298      6.371644
      0.921569      0.470456      0.975699     -1.162007      0.000000       -239.261650        101.657967     30.039311     12.485427      0.075298      6.371644
      0.931373      0.417499      1.048591     -1.171512      0.000000       -239.945506        101.404283     30.213647     12.506018      0.075298      6.371644
      0.941176      0.362264      1.122031     -1.179581      0.000000       -240.465717        101.155096     30.366743     12.520018      0.075298      6.371644
      0.950980      0.305033      1.195938     -1.186532      0.000000       -240.854883        100.908543     30.497758     12.528833      0.075298      6.371644
      0.960784      0.246109      1.270251     -1.192625      0.000000       -241.138462        100.662608     30.605968     12.533830      0.075298      6.371644
      0.970588      0.185807      1.344924     -1.198069      0.000000       -241.336303        100.415159     30.690769     12.536260      0.075298      6.371644
      0.980392      0.124460      1.419921     -1.203043      0.000000       -241.463884        100.163963     30.751686     12.537179      0.075298      6.371644
      0.990196      0.062408      1.495219     -1.207713      0.000000       -241.533335         99.906703     30.788376     12.537395      0.075298      6.371644
      1.000000     -0.000000      1.570796     -1.211062      0.000000       -241.552371         99.727534     30.800629     12.537409      0.075298      6.371644
