             t             r           psi            cs            qs                 p               sig             A             V            Q2             S
      0.000000      0.000000     -1.570796     -0.984729      0.000000      -1118.266565        567.804140      0.000000     -0.000000      0.027257      4.052193
      0.009804      0.039717     -1.531673     -0.984996      0.000000      -1118.271973        567.709705      0.004958      0.000002      0.027257      4.052193
      0.019608      0.079374     -1.492532     -0.985468      0.000000      -1118.294966        567.522929      0.019823      0.000031      0.027257      4.052193
      0.029412      0.118909     -1.453373     -0.985949      0.000000      -1118.335974        567.339170      0.044573      0.000155      0.027257      4.052193
      0.039216      0.158261     -1.414193     -0.986451      0.000000      -1118.397423        567.157676      0.079170      0.000489      0.027257      4.052193
      0.049020      0.197371     -1.374994     -0.986983      0.000000      -1118.482158        566.977690      0.123561      0.001190      0.027257      4.052193
      0.058824      0.236178     -1.335773     -0.987551      0.000000      -1118.593565        566.798450      0.177678      0.002454      0.027257      4.052193
      0.068627      0.274621     -1.296528     -0.988164      0.000000      -1118.735704        566.619181      0.241438      0.004516      0.027257      4.052193
      0.078431      0.312643     -1.257257     -0.988832      0.000000      -1118.913466        566.439092      0.314742      0.007647      0.027257      4.052193
      0.088235      0.350183     -1.217959     -0.989566      0.000000      -1119.132774        566.257368      0.397478      0.012146      0.027257      4.052193
      0.098039      0.387184     -1.178631     -0.990380      0.000000      -1119.400833        566.073166      0.489519      0.018337      0.027257      4.052193
      0.107843      0.423587     -1.139268     -0.991291      0.000000      -1119.726451        565.885604      0.590722      0.026565      0.027257      4.052193
      0.117647      0.459336     -1.099866     -0.992319      0.000000      -1120.120460        565.693749      0.700931      0.037192      0.027257      4.052193
      0.127451      0.494374     -1.060421     -0.993487      0.000000      -1120.596254        565.496607      0.819976      0.050585      0.027257      4.052193
      0.137255      0.528646     -1.020927     -0.994827      0.000000      -1121.170514        565.293108      0.947673      0.067118      0.027257      4.052193
      0.147059      0.562099     -0.981375     -0.996375      0.000000      -1121.864152        565.082090      1.083824      0.087162      0.027257      4.052193
      0.156863      0.594677     -0.941757     -0.998178      0.000000      -1122.703589        564.862281      1.228216      0.111077      0.027257      4.052193
      0.166667      0.626328     -0.902061     -1.000296      0.000000      -1123.722483        564.632277      1.380626      0.139212      0.027257      4.052193
      0.176471      0.657000     -0.862273     -1.002806      0.000000      -1124.964090        564.390517      1.540816      0.171892      0.027257      4.052193
      0.186275      0.686643     -0.822377     -1.005807      0.000000      -1126.484526        564.135262      1.708534      0.209419      0.027257      4.052193
      0.196078      0.715205     -0.782349     -1.009427      0.000000      -1128.357334        563.864569      1.883518      0.252060      0.027257      4.052193
      0.205882      0.742638     -0.742162     -1.013838      0.000000      -1130.679919        563.576269      2.065491      0.300049      0.027257      4.052193
      0.215686      0.768891     -0.701781     -1.019270      0.000000      -1133.582756        563.267965      2.254166      0.353577      0.027257      4.052193
      0.225490      0.793915     -0.661159     -1.026032      0.000000      -1137.242634        562.937042      2.449242      0.412789      0.027257      4.052193
      0.235294      0.817662     -0.620235     -1.034550      0.000000      -1141.901902        562.580751      2.650405      0.477780      0.027257      4.052193
      0.245098      0.840080     -0.578928     -1.045414      0.000000      -1147.896458        562.196389      2.857332      0.548595      0.027257      4.052193
      0.254902      0.861116     -0.537130     -1.059445      0.000000      -1155.696217        561.781715      3.069682      0.625222      0.027257      4.052193
      0.264706      0.880715     -0.494693     -1.077802      0.000000      -1165.962101        561.335796      3.287106      0.707592      0.027257      4.052193
      0.274510      0.898817     -0.451415     -1.102105      0.000000      -1179.620777        560.860733      3.509236      0.795573      0.027257      4.052193
      0.284314      0.915352     -0.407018     -1.134565      0.000000      -1197.943815        560.365114      3.735691      0.888973      0.027257      4.052193
      0.294118      0.930242     -0.361123     -1.178003      0.000000      -1222.565607        559.870907      3.966070      0.987533      0.027257      4.052193
      0.303922      0.943390     -0.313235     -1.235316      0.000000      -1255.210893        559.426968      4.199950      1.090921      0.027257      4.052193
      0.313725      0.954682     -0.262775     -1.307175      0.000000      -1296.456820        559.134130      4.436883      1.198723      0.027257      4.052193
      0.323529      0.963981     -0.209284     -1.385097      0.000000      -1341.947170        559.185146      4.676389      1.310424      0.027257      4.052193
      0.333333      0.971145     -0.153053     -1.436677      0.000000      -1374.195343        559.901433      4.917953      1.425380      0.027257      4.052193
      0.343137      0.976081     -0.096388     -1.393017      0.000000      -1355.198840        561.678299      5.161027      1.542801      0.027257      4.052193
      0.352941      0.978852     -0.044596     -1.185002      0.000000      -1245.497857        564.699993      5.405060      1.661785      0.027257      4.052193
      0.362745      0.979773     -0.004119     -0.838648      0.000000      -1057.177996        568.594139      5.649544      1.781475      0.027257      4.052193
      0.372549      0.979373      0.021845     -0.476219      0.000000       -857.215198        572.607967      5.894081      1.901247      0.027257      4.052193
      0.382353      0.978211      0.034809     -0.193172      0.000000       -699.951859        576.173935      6.138412      2.020775      0.027257      4.052193
      0.392157      0.976730      0.038513     -0.008542      0.000000       -597.419543        579.115544      6.382406      2.139942      0.027257      4.052193
      0.401961      0.975226      0.036528      0.097594      0.000000       -539.114973        581.491247      6.626023      2.258738      0.027257      4.052193
      0.411765      0.973869      0.031464      0.150262      0.000000       -511.119394        583.428646      6.869280      2.377199      0.027257      4.052193
      0.421569      0.972745      0.025040      0.168655      0.000000       -502.582502        585.050184      7.112226      2.495380      0.027257      4.052193
      0.431373      0.971883      0.018345      0.165637      0.000000       -506.180048        586.453990      7.354924      2.613338      0.027257      4.052193
      0.441176      0.971282      0.012051      0.149559      0.000000       -517.149815        587.714462      7.597440      2.731134      0.027257      4.052193
      0.450980      0.970915      0.006561      0.125906      0.000000       -532.370776        588.887311      7.839835      2.848822      0.027257      4.052193
      0.460784      0.970747      0.002098      0.098396      0.000000       -549.737688        590.014264      8.082165      2.966450      0.027257      4.052193
      0.470588      0.970733     -0.001241      0.069635      0.000000       -567.784747        591.126410      8.324473      3.084057      0.027257      4.052193
      0.480392      0.970830     -0.003443      0.041468      0.000000       -585.478384        592.246270      8.566793      3.201676      0.027257      4.052193
      0.490196      0.970993     -0.004560      0.015153      0.000000       -602.117969        593.388946      8.809145      3.319326      0.027257      4.052193
      0.500000      0.971179     -0.004681     -0.008581      0.000000       -617.301983        594.562659      9.051542      3.437018      0.027257      4.052193
      0.509804      0.971353     -0.003915     -0.029531      0.000000       -630.928516        595.769011      9.293985      3.554756      0.027257      4.052193
      0.519608      0.971480     -0.002368     -0.048036      0.000000       -643.205500        597.003197      9.536466      3.672531      0.027257      4.052193
      0.529412      0.971532     -0.000120     -0.064967      0.000000       -654.651472        598.254326      9.778970      3.790328      0.027257      4.052193
      0.539216      0.971481      0.002791     -0.081686      0.000000       -666.073851        599.505933     10.021474      3.908127      0.027257      4.052193
      0.549020      0.971301      0.006391     -0.099951      0.000000       -678.518149        600.736678     10.263950      4.025896      0.027257      4.052193
      0.558824      0.970963      0.010780     -0.121777      0.000000       -693.186000        601.921206     10.506362      4.143601      0.027257      4.052193
      0.568627      0.970431      0.016141     -0.149240      0.000000       -711.320844        603.031194     10.748667      4.261195      0.027257      4.052193
      0.578431      0.969664      0.022738     -0.184237      0.000000       -734.059188        604.036708     10.990810      4.378620      0.027257      4.052193
      0.588235      0.968604      0.030899     -0.228185      0.000000       -762.248260        604.908080     11.232727      4.495806      0.027257      4.052193
      0.598039      0.967184      0.040995     -0.281702      0.000000       -796.244862        605.618481     11.474336      4.612661      0.027257      4.052193
      0.607843      0.965317      0.053402     -0.344318      0.000000       -835.737414        606.147156     11.715536      4.729067      0.027257      4.052193
      0.617647      0.962908      0.068452     -0.414342      0.000000       -879.661454        606.482807     11.956205      4.844874      0.027257      4.052193
      0.627451      0.959845      0.086385     -0.488988      0.000000       -926.280444        606.626174     12.196193      4.959896      0.027257      4.052193
      0.637255      0.956013      0.107320     -0.564803      0.000000       -973.454173        606.590732     12.435323      5.073903      0.027257      4.052193
      0.647059      0.951296      0.131231     -0.638295      0.000000      -1019.028942        606.400896     12.673389      5.186623      0.027257      4.052193
      0.656863      0.945580      0.157965     -0.706541      0.000000      -1061.215076        606.088127     12.910155      5.297742      0.027257      4.052193
      0.666667      0.938765      0.187273     -0.767576      0.000000      -1098.824361        605.686154     13.145358      5.406908      0.027257      4.052193
      0.676471      0.930760      0.218845     -0.820481      0.000000      -1131.317838        605.226716     13.378714      5.513746      0.027257      4.052193
      0.686275      0.921493      0.252355     -0.865219      0.000000      -1158.701949        604.736744     13.609916      5.617863      0.027257      4.052193
      0.696078      0.910905      0.287490     -0.902362      0.000000      -1181.353638        604.237174     13.838640      5.718861      0.027257      4.052193
      0.705882      0.898952      0.323964     -0.932805      0.000000      -1199.846360        603.743031     14.064552      5.816352      0.027257      4.052193
      0.715686      0.885604      0.361530     -0.957559      0.000000      -1214.816105        603.264257     14.287307      5.909966      0.027257      4.052193
      0.725490      0.870844      0.399984     -0.977601      0.000000      -1226.876384        602.806803     14.506554      5.999360      0.027257      4.052193
      0.735294      0.854663      0.439155     -0.993809      0.000000      -1236.574215        602.373707     14.721939      6.084229      0.027257      4.052193
      0.745098      0.837064      0.478906     -1.006930      0.000000      -1244.374133        601.965996     14.933109      6.164310      0.027257      4.052193
      0.754902      0.818054      0.519127     -1.017581      0.000000      -1250.658516        601.583387     15.139708      6.239388      0.027257      4.052193
      0.764706      0.797651      0.559731     -1.026263      0.000000      -1255.735891        601.224791     15.341389      6.309302      0.027257      4.052193
      0.774510      0.775875      0.600648     -1.033372      0.000000      -1259.852142        600.888670     15.537805      6.373942      0.027257      4.052193
      0.784314      0.752754      0.641821     -1.039226      0.000000      -1263.201828        600.573262     15.728616      6.433256      0.027257      4.052193
      0.794118      0.728320      0.683206     -1.044074      0.000000      -1265.938370        600.276737     15.913492      6.487248      0.027257      4.052193
      0.803922      0.702609      0.724767     -1.048113      0.000000      -1268.182645        599.997287     16.092109      6.535974      0.027257      4.052193
      0.813725      0.675659      0.766475     -1.051499      0.000000      -1270.029984        599.733176     16.264152      6.579545      0.027257      4.052193
      0.823529      0.647514      0.808307     -1.054355      0.000000      -1271.555746        599.482768     16.429317      6.618122      0.027257      4.052193
      0.833333      0.618219      0.850243     -1.056781      0.000000      -1272.819691        599.244538     16.587314      6.651910      0.027257      4.052193
      0.843137      0.587825      0.892268     -1.058853      0.000000      -1273.869388        599.017072     16.737859      6.681157      0.027257      4.052193
      0.852941      0.556382      0.934370     -1.060635      0.000000      -1274.742862        598.799062     16.880685      6.706146      0.027257      4.052193
      0.862745      0.523944      0.976538     -1.062178      0.000000      -1275.470641        598.589295     17.015538      6.727190      0.027257      4.052193
      0.872549      0.490567      1.018762     -1.063523      0.000000      -1276.077344        598.386647     17.142175      6.744627      0.027257      4.052193
      0.882353      0.456311      1.061037     -1.064702      0.000000      -1276.582918        598.190066     17.260370      6.758813      0.027257      4.052193
      0.892157      0.421235      1.103356     -1.065745      0.000000      -1277.003592        597.998567     17.369911      6.770112      0.027257      4.052193
      0.901961      0.385401      1.145714     -1.066672      0.000000      -1277.352629        597.811221     17.470600      6.778894      0.027257      4.052193
      0.911765      0.348873      1.188107     -1.067504      0.000000      -1277.640912        597.627141     17.562256      6.785523      0.027257      4.052193
      0.921569      0.311715      1.230532     -1.068256      0.000000      -1277.877410        597.445478     17.644715      6.790354      0.027257      4.052193
      0.931373      0.273996      1.272984     -1.068942      0.000000      -1278.069536        597.265414     17.717827      6.793726      0.027257      4.052193
      0.941176      0.235781      1.315463     -1.069573      0.000000      -1278.223445        597.086151     17.781460      6.795953      0.027257      4.052193
      0.950980      0.197140      1.357966     -1.070158      0.000000      -1278.344261        596.906908     17.835500      6.797321      0.027257      4.052193
      0.960784      0.158142      1.400492     -1.070706      0.000000      -1278.436268        596.726918     17.879848      6.798080      0.027257      4.052193
      0.970588      0.118858      1.443039     -1.071225      0.000000      -1278.503059        596.545419     17.914425      6.798443      0.027257      4.052193
      0.980392      0.079359      1.485606     -1.071722      0.000000      -1278.547669        596.361658     17.939168      6.798578      0.027257      4.052193
      0.990196      0.039715      1.528192     -1.072211      0.000000      -1278.572698        596.174882     17.954031      6.798610      0.027257      4.052193
      1.000000     -0.000000      1.570796     -1.072488      0.000000      -1278.578588        596.080447     17.958989      6.798612      0.027257      4.052193
