             t             r           psi            cs            qs                 p               sig             A             V            Q2             S
      0.000000      0.000000     -1.570796     -0.927473      0.000000       -143.723391         77.481139      0.000000     -0.000000      0.066243      6.631777
      0.009804      0.064978     -1.510410     -0.931057      0.000000       -143.739592         77.286757      0.013276      0.000013      0.066243      6.631777
      0.019608      0.129718     -1.449715     -0.936056      0.000000       -143.798685         77.013099      0.053057      0.000208      0.066243      6.631777
      0.029412      0.193980     -1.388681     -0.941483      0.000000       -143.908548         76.745661      0.119195      0.001048      0.066243      6.631777
      0.039216      0.257521     -1.327275     -0.947552      0.000000       -144.081453         76.481690      0.211447      0.003291      0.066243      6.631777
      0.049020      0.320096     -1.265447     -0.954512      0.000000       -144.333843         76.218462      0.329467      0.007965      0.066243      6.631777
      0.058824      0.381458     -1.203129     -0.962684      0.000000       -144.688053         75.953264      0.472811      0.016331      0.066243      6.631777
      0.068627      0.441357     -1.140229     -0.972497      0.000000       -145.174787         75.683384      0.640932      0.029842      0.066243      6.631777
      0.078431      0.499540     -1.076623     -0.984535      0.000000       -145.836799         75.406103      0.833180      0.050094      0.066243      6.631777
      0.088235      0.555747     -1.012140     -0.999610      0.000000       -146.734438         75.118739      1.048803      0.078759      0.066243      6.631777
      0.098039      0.609715     -0.946548     -1.018876      0.000000       -147.954122         74.818745      1.286939      0.117532      0.066243      6.631777
      0.107843      0.661163     -0.879524     -1.043995      0.000000       -149.621314         74.503990      1.546617      0.168057      0.066243      6.631777
      0.117647      0.709795     -0.810614     -1.077398      0.000000       -151.920169         74.173367      1.826748      0.231861      0.066243      6.631777
      0.127451      0.755285     -0.739169     -1.122646      0.000000       -155.121912         73.828148      2.126116      0.310281      0.066243      6.631777
      0.137255      0.797263     -0.664264     -1.184850      0.000000       -159.619937         73.474885      2.443363      0.404389      0.066243      6.631777
      0.147059      0.835289     -0.584583     -1.270801      0.000000       -165.949549         73.131653      2.776968      0.514903      0.066243      6.631777
      0.156863      0.868823     -0.498349     -1.387293      0.000000       -174.693834         72.841156      3.125210      0.642074      0.066243      6.631777
      0.166667      0.897194     -0.403537     -1.532718      0.000000       -185.940261         72.696013      3.486123      0.785503      0.066243      6.631777
      0.176471      0.919606     -0.299137     -1.671062      0.000000       -197.505642         72.875112      3.857436      0.943861      0.066243      6.631777
      0.186275      0.935310     -0.188769     -1.690410      0.000000       -201.828266         73.644312      4.236555      1.114496      0.066243      6.631777
      0.196078      0.944100     -0.085260     -1.442602      0.000000       -187.814728         75.187115      4.620668      1.293345      0.066243      6.631777
      0.205882      0.946910     -0.006528     -0.956802      0.000000       -155.598669         77.302795      5.007097      1.475895      0.066243      6.631777
      0.215686      0.945677      0.039075     -0.462967      0.000000       -120.796464         79.492105      5.393774      1.658849      0.066243      6.631777
      0.225490      0.942434      0.056939     -0.114271      0.000000        -95.536528         81.402382      5.779475      1.840700      0.066243      6.631777
      0.235294      0.938655      0.057234      0.083503      0.000000        -81.306912         82.957250      6.163704      2.021087      0.066243      6.631777
      0.245098      0.935192      0.048369      0.175395      0.000000        -75.176542         84.216929      6.546433      2.200117      0.066243      6.631777
      0.254902      0.932446      0.035823      0.202350      0.000000        -74.132445         85.267602      6.927886      2.378048      0.066243      6.631777
      0.264706      0.930543      0.022860      0.191857      0.000000        -76.057144         86.183387      7.308388      2.555175      0.066243      6.631777
      0.274510      0.929443      0.011307      0.161259      0.000000        -79.587809         87.020652      7.688280      2.731785      0.066243      6.631777
      0.284314      0.929022      0.002083      0.121673      0.000000        -83.844805         87.820785      8.067866      2.908133      0.066243      6.631777
      0.294118      0.929114     -0.004482      0.080482      0.000000        -88.241533         88.613642      8.447391      3.084429      0.066243      6.631777
      0.303922      0.929548     -0.008457      0.042663      0.000000        -92.378929         89.419984      8.827029      3.260825      0.066243      6.631777
      0.313725      0.930165     -0.010173      0.011395      0.000000        -95.995568         90.252985      9.206887      3.437422      0.066243      6.631777
      0.323529      0.930832     -0.010118     -0.011655      0.000000        -98.947073         91.119264      9.587011      3.614265      0.066243      6.631777
      0.333333      0.931454     -0.008843     -0.026158      0.000000       -101.194881         92.019881      9.967402      3.791358      0.066243      6.631777
      0.343137      0.931968     -0.006885     -0.032885      0.000000       -102.791214         92.951557     10.348025      3.968670      0.066243      6.631777
      0.352941      0.932344     -0.004703     -0.033368      0.000000       -103.854982         93.908138     10.728831      4.146154      0.066243      6.631777
      0.362745      0.932582     -0.002640     -0.029508      0.000000       -104.540813         94.882143     11.109762      4.323757      0.066243      6.631777
      0.372549      0.932695     -0.000918     -0.023199      0.000000       -105.007979         95.866138     11.490764      4.501427      0.066243      6.631777
      0.382353      0.932711      0.000359     -0.016054      0.000000       -105.396008         96.853733     11.871792      4.679121      0.066243      6.631777
      0.392157      0.932659      0.001177     -0.009261      0.000000       -105.810607         97.840120     12.252811      4.856807      0.066243      6.631777
      0.401961      0.932567      0.001587     -0.003560      0.000000       -106.319673         98.822207     12.633799      5.034465      0.066243      6.631777
      0.411765      0.932459      0.001672      0.000705      0.000000       -106.956665         99.798453     13.014746      5.212084      0.066243      6.631777
      0.421569      0.932354      0.001528      0.003489      0.000000       -107.727955        100.768541     13.395650      5.389662      0.066243      6.631777
      0.431373      0.932264      0.001247      0.004947      0.000000       -108.621349        101.733011     13.776513      5.567202      0.066243      6.631777
      0.441176      0.932193      0.000907      0.005342      0.000000       -109.613970        102.692899     14.157343      5.744712      0.066243      6.631777
      0.450980      0.932146      0.000568      0.004977      0.000000       -110.678644        103.649451     14.538149      5.922200      0.066243      6.631777
      0.460784      0.932119      0.000270      0.004141      0.000000       -111.788538        104.603905     14.918939      6.099673      0.066243      6.631777
      0.470588      0.932109      0.000035      0.003084      0.000000       -112.920167        105.557351     15.299723      6.277139      0.066243      6.631777
      0.480392      0.932113     -0.000130      0.002000      0.000000       -114.055006        106.510647     15.680505      6.454605      0.066243      6.631777
      0.490196      0.932125     -0.000228      0.001021      0.000000       -115.180030        107.464399     16.061291      6.632073      0.066243      6.631777
      0.500000      0.932141     -0.000267      0.000224      0.000000       -116.287485        108.418967     16.442082      6.809548      0.066243      6.631777
      0.509804      0.932158     -0.000261     -0.000361      0.000000       -117.374150        109.374500     16.822881      6.987028      0.066243      6.631777
      0.519608      0.932174     -0.000224     -0.000739      0.000000       -118.440347        110.330981     17.203686      7.164515      0.066243      6.631777
      0.529412      0.932187     -0.000169     -0.000942      0.000000       -119.488881        111.288281     17.584497      7.342008      0.066243      6.631777
      0.539216      0.932196     -0.000105     -0.001012      0.000000       -120.524068        112.246200     17.965313      7.519504      0.066243      6.631777
      0.549020      0.932201     -0.000039     -0.000998      0.000000       -121.550938        113.204503     18.346132      7.697004      0.066243      6.631777
      0.558824      0.932201      0.000024     -0.000952      0.000000       -122.574677        114.162952     18.726951      7.874504      0.066243      6.631777
      0.568627      0.932198      0.000085     -0.000919      0.000000       -123.600319        115.121312     19.107770      8.052004      0.066243      6.631777
      0.578431      0.932190      0.000145     -0.000943      0.000000       -124.632691        116.079361     19.488587      8.229501      0.066243      6.631777
      0.588235      0.932179      0.000210     -0.001065      0.000000       -125.676591        117.036875     19.869400      8.406995      0.066243      6.631777
      0.598039      0.932163      0.000286     -0.001328      0.000000       -126.737177        117.993617     20.250207      8.584484      0.066243      6.631777
      0.607843      0.932141      0.000386     -0.001781      0.000000       -127.820581        118.949301     20.631007      8.761965      0.066243      6.631777
      0.617647      0.932112      0.000524     -0.002488      0.000000       -128.934741        119.903557     21.011796      8.939437      0.066243      6.631777
      0.627451      0.932072      0.000717     -0.003532      0.000000       -130.090508        120.855881     21.392571      9.116896      0.066243      6.631777
      0.637255      0.932017      0.000993     -0.005031      0.000000       -131.303087        121.805562     21.773327      9.294337      0.066243      6.631777
      0.647059      0.931940      0.001385     -0.007152      0.000000       -132.593931        122.751593     22.154057      9.471753      0.066243      6.631777
      0.656863      0.931833      0.001941     -0.010125      0.000000       -133.993206        123.692553     22.534749      9.649134      0.066243      6.631777
      0.666667      0.931683      0.002727     -0.014271      0.000000       -135.542983        124.626446     22.915389      9.826467      0.066243      6.631777
      0.676471      0.931471      0.003832     -0.020032      0.000000       -137.301276        125.550488     23.295956     10.003731      0.066243      6.631777
      0.686275      0.931175      0.005379     -0.028001      0.000000       -139.346943        126.460841     23.676420     10.180898      0.066243      6.631777
      0.696078      0.930759      0.007538     -0.038969      0.000000       -141.785196        127.352273     24.056740     10.357930      0.066243      6.631777
      0.705882      0.930177      0.010533     -0.053957      0.000000       -144.752916        128.217762     24.436859     10.534769      0.066243      6.631777
      0.715686      0.929365      0.014668     -0.074241      0.000000       -148.422016        129.048071     24.816694     10.711340      0.066243      6.631777
      0.725490      0.928236      0.020335     -0.101344      0.000000       -152.997596        129.831388     25.196137     10.887532      0.066243      6.631777
      0.735294      0.926677      0.028031     -0.136941      0.000000       -158.705896        130.553169     25.575035     11.063195      0.066243      6.631777
      0.745098      0.924535      0.038362     -0.182665      0.000000       -165.765917        131.196447     25.953183     11.238118      0.066243      6.631777
      0.754902      0.921617      0.052030     -0.239757      0.000000       -174.340294        131.742892     26.330305     11.412011      0.066243      6.631777
      0.764706      0.917684      0.069794     -0.308592      0.000000       -184.468382        132.174869     26.706037     11.584482      0.066243      6.631777
      0.774510      0.912445      0.092393     -0.388195      0.000000       -195.998749        132.478419     27.079906     11.755003      0.066243      6.631777
      0.784314      0.905570      0.120451     -0.475973      0.000000       -208.553407        132.646573     27.451312     11.922885      0.066243      6.631777
      0.794118      0.896696      0.154376     -0.567896      0.000000       -221.557290        132.681856     27.819514     12.087260      0.066243      6.631777
      0.803922      0.885451      0.194284     -0.659201      0.000000       -234.341062        132.596769     28.183619     12.247070      0.066243      6.631777
      0.813725      0.871476      0.239983     -0.745382      0.000000       -246.282776        132.411784     28.542585     12.401089      0.066243      6.631777
      0.823529      0.854444      0.291024     -0.823052      0.000000       -256.927935        132.151533     28.895227     12.547973      0.066243      6.631777
      0.833333      0.834084      0.346783     -0.890361      0.000000       -266.042578        131.840662     29.240240     12.686333      0.066243      6.631777
      0.843137      0.810191      0.406568     -0.946901      0.000000       -273.595618        131.500681     29.576220     12.814829      0.066243      6.631777
      0.852941      0.782627      0.469693     -0.993316      0.000000       -279.699308        131.148381     29.901693     12.932264      0.066243      6.631777
      0.862745      0.751324      0.535540     -1.030835      0.000000       -284.542227        130.795620     30.215142     13.037678      0.066243      6.631777
      0.872549      0.716278      0.603576     -1.060891      0.000000       -288.336201        130.449957     30.515039     13.130421      0.066243      6.631777
      0.882353      0.677544      0.673362     -1.084881      0.000000       -291.283261        130.115600     30.799863     13.210203      0.066243      6.631777
      0.892157      0.635230      0.744544     -1.104042      0.000000       -293.559638        129.794348     31.068127     13.277120      0.066243      6.631777
      0.901961      0.589486      0.816844     -1.119409      0.000000       -295.310981        129.486368     31.318399     13.331650      0.066243      6.631777
      0.911765      0.540506      0.890042     -1.131819      0.000000       -296.653681        129.190767     31.549316     13.374626      0.066243      6.631777
      0.921569      0.488517      0.963970     -1.141936      0.000000       -297.678821        128.905991     31.759601     13.407188      0.066243      6.631777
      0.931373      0.433778      1.038495     -1.150279      0.000000       -298.456780        128.630079     31.948076     13.430712      0.066243      6.631777
      0.941176      0.376573      1.113517     -1.157256      0.000000       -299.041563        128.360816     32.113676     13.446726      0.066243      6.631777
      0.950980      0.317209      1.188956     -1.163185      0.000000       -299.474464        128.095829     32.255454     13.456819      0.066243      6.631777
      0.960784      0.256015      1.264754     -1.168320      0.000000       -299.787025        127.832625     32.372597     13.462546      0.066243      6.631777
      0.970588      0.193334      1.340866     -1.172861      0.000000       -300.003353        127.568623     32.464425     13.465331      0.066243      6.631777
      0.980392      0.129524      1.417258     -1.176975      0.000000       -300.141904        127.301156     32.530403     13.466386      0.066243      6.631777
      0.990196      0.064953      1.493907     -1.180811      0.000000       -300.216889        127.027489     32.570146     13.466632      0.066243      6.631777
      1.000000     -0.000000      1.570796     -1.183593      0.000000       -300.237534        126.833106     32.583420     13.466649      0.066243      6.631777
