             t             r           psi            cs            qs                 p               sig             A             V            Q2             S
      0.000000      0.000000     -1.570796     -0.950548      0.000000       -281.629505        148.140661      0.000000      0.000000      0.047838      7.185335
      0.009804      0.070392     -1.503777     -0.952786      0.000000       -281.649927        147.912256      0.015584      0.000018      0.047838      7.185335
      0.019608      0.140467     -1.436552     -0.955830      0.000000       -281.723813        147.602714      0.062266      0.000293      0.047838      7.185335
      0.029412      0.209907     -1.369104     -0.959169      0.000000       -281.862667        147.299489      0.139836      0.001474      0.047838      7.185335
      0.039216      0.278394     -1.301405     -0.962955      0.000000       -282.084057        146.998725      0.247942      0.004614      0.047838      7.185335
      0.049020      0.345608     -1.233419     -0.967377      0.000000       -282.412267        146.696518      0.386091      0.011129      0.047838      7.185335
      0.058824      0.411234     -1.165092     -0.972686      0.000000       -282.881393        146.388855      0.553651      0.022727      0.047838      7.185335
      0.068627      0.474956     -1.096349     -0.979232      0.000000       -283.540056        146.071531      0.749848      0.041343      0.047838      7.185335
      0.078431      0.536457     -1.027088     -0.987509      0.000000       -284.458812        145.740060      0.973769      0.069044      0.047838      7.185335
      0.088235      0.595423     -0.957163     -0.998240      0.000000       -285.742069        145.389604      1.224362      0.107937      0.047838      7.185335
      0.098039      0.651535     -0.886365     -1.012510      0.000000       -287.547729        145.014956      1.500434      0.160067      0.047838      7.185335
      0.107843      0.704470     -0.814390     -1.031990      0.000000       -290.120144        144.610712      1.800652      0.227317      0.047838      7.185335
      0.117647      0.753888     -0.740786     -1.059321      0.000000       -293.846114        144.171950      2.123535      0.311309      0.047838      7.185335
      0.127451      0.799423     -0.664861     -1.098745      0.000000       -299.348954        143.696199      2.467445      0.413304      0.047838      7.185335
      0.137255      0.840660     -0.585544     -1.157080      0.000000       -307.634866        143.188753      2.830576      0.534109      0.047838      7.185335
      0.147059      0.877101     -0.501157     -1.244680      0.000000       -320.251784        142.676772      3.210917      0.673975      0.047838      7.185335
      0.156863      0.908107     -0.409206     -1.373489      0.000000       -339.080416        142.245812      3.606212      0.832462      0.047838      7.185335
      0.166667      0.932843     -0.306741     -1.538271      0.000000       -363.873285        142.125502      4.013878      1.008198      0.047838      7.185335
      0.176471      0.950320     -0.193683     -1.644809      0.000000       -382.377835        142.816321      4.430921      1.198444      0.047838      7.185335
      0.186275      0.959925     -0.082321     -1.444658      0.000000       -359.850873        144.932966      4.853961      1.398622      0.047838      7.185335
      0.196078      0.962560      0.000689     -0.876086      0.000000       -283.935185        148.270438      5.279638      1.603113      0.047838      7.185335
      0.205882      0.960840      0.041515     -0.314667      0.000000       -205.428102        151.660573      5.705408      1.807819      0.047838      7.185335
      0.215686      0.957459      0.050635      0.017205      0.000000       -158.384290        154.387559      6.129965      2.011202      0.047838      7.185335
      0.225490      0.954085      0.043515      0.161047      0.000000       -138.631786        156.454296      6.552986      2.213117      0.047838      7.185335
      0.235294      0.951467      0.030428      0.197999      0.000000       -134.760009        158.071848      6.974665      2.413844      0.047838      7.185335
      0.245098      0.949808      0.016873      0.180809      0.000000       -139.002408        159.427380      7.395397      2.613751      0.047838      7.185335
      0.254902      0.949037      0.005521      0.139083      0.000000       -146.932981        160.652542      7.815597      2.813198      0.047838      7.185335
      0.264706      0.948953     -0.002552      0.089888      0.000000       -155.993944        161.835882      8.235616      3.012485      0.047838      7.185335
      0.274510      0.949316     -0.007215      0.043633      0.000000       -164.621690        163.035391      8.655705      3.211837      0.047838      7.185335
      0.284314      0.949899     -0.008918      0.006569      0.000000       -171.864503        164.285709      9.076012      3.411392      0.047838      7.185335
      0.294118      0.950521     -0.008429     -0.018325      0.000000       -177.250972        165.602156      9.496591      3.611204      0.047838      7.185335
      0.303922      0.951056     -0.006627     -0.030909      0.000000       -180.735125        166.984255      9.917430      3.811264      0.047838      7.185335
      0.313725      0.951443     -0.004316     -0.033248      0.000000       -182.613746        168.420261     10.338474      4.011523      0.047838      7.185335
      0.323529      0.951667     -0.002106     -0.028642      0.000000       -183.386774        169.892651     10.759652      4.211912      0.047838      7.185335
      0.333333      0.951750     -0.000362     -0.020561      0.000000       -183.595642        171.383388     11.180898      4.412365      0.047838      7.185335
      0.343137      0.951732      0.000777     -0.011855      0.000000       -183.694749        172.877677     11.602156      4.612831      0.047838      7.185335
      0.352941      0.951654      0.001338     -0.004381      0.000000       -183.987556        174.365695     12.023392      4.813276      0.047838      7.185335
      0.362745      0.951554      0.001445      0.000977      0.000000       -184.623063        175.842578     12.444587      5.013681      0.047838      7.185335
      0.372549      0.951458      0.001254      0.004087      0.000000       -185.628508        177.307384     12.865738      5.214044      0.047838      7.185335
      0.382353      0.951381      0.000914      0.005277      0.000000       -186.953716        178.761699     13.286850      5.414371      0.047838      7.185335
      0.392157      0.951330      0.000543      0.005084      0.000000       -188.511561        180.208353     13.707934      5.614671      0.047838      7.185335
      0.401961      0.951303      0.000217      0.004079      0.000000       -190.208048        181.650427     14.129001      5.814954      0.047838      7.185335
      0.411765      0.951297     -0.000024      0.002747      0.000000       -191.961167        183.090629     14.550061      6.015231      0.047838      7.185335
      0.421569      0.951305     -0.000171      0.001445      0.000000       -193.710186        184.530967     14.971121      6.215508      0.047838      7.185335
      0.431373      0.951319     -0.000234      0.000384      0.000000       -195.417815        185.972673     15.392186      6.415790      0.047838      7.185335
      0.441176      0.951336     -0.000233     -0.000344      0.000000       -197.067701        187.416288     15.813259      6.616079      0.047838      7.185335
      0.450980      0.951351     -0.000193     -0.000740      0.000000       -198.659376        188.861826     16.234338      6.816375      0.047838      7.185335
      0.460784      0.951363     -0.000135     -0.000863      0.000000       -200.202435        190.308968     16.655424      7.016677      0.047838      7.185335
      0.470588      0.951370     -0.000076     -0.000793      0.000000       -201.711169        191.757242     17.076514      7.216982      0.047838      7.185335
      0.480392      0.951374     -0.000026     -0.000617      0.000000       -203.200393        193.206159     17.497606      7.417290      0.047838      7.185335
      0.490196      0.951374      0.000010     -0.000403      0.000000       -204.682745        194.655302     17.918699      7.617598      0.047838      7.185335
      0.500000      0.951373      0.000031     -0.000202      0.000000       -206.167367        196.104371     18.339792      7.817906      0.047838      7.185335
      0.509804      0.951370      0.000040     -0.000043      0.000000       -207.659676        197.553186     18.760884      8.018214      0.047838      7.185335
      0.519608      0.951367      0.000039      0.000063      0.000000       -209.161858        199.001676     19.181974      8.218520      0.047838      7.185335
      0.529412      0.951365      0.000032      0.000117      0.000000       -210.673726        200.449847     19.603064      8.418825      0.047838      7.185335
      0.539216      0.951363      0.000023      0.000128      0.000000       -212.193662        201.897751     20.024152      8.619129      0.047838      7.185335
      0.549020      0.951361      0.000015      0.000109      0.000000       -213.719470        203.345462     20.445240      8.819433      0.047838      7.185335
      0.558824      0.951361      0.000008      0.000070      0.000000       -215.249030        204.793049     20.866327      9.019736      0.047838      7.185335
      0.568627      0.951360      0.000005      0.000020      0.000000       -216.780744        206.240565     21.287414      9.220038      0.047838      7.185335
      0.578431      0.951360      0.000005     -0.000035      0.000000       -218.313807        207.688037     21.708501      9.420341      0.047838      7.185335
      0.588235      0.951359      0.000010     -0.000097      0.000000       -219.848351        209.135460     22.129587      9.620643      0.047838      7.185335
      0.598039      0.951358      0.000019     -0.000171      0.000000       -221.385563        210.582794     22.550674      9.820945      0.047838      7.185335
      0.607843      0.951356      0.000035     -0.000267      0.000000       -222.927841        212.029962     22.971759     10.021247      0.047838      7.185335
      0.617647      0.951353      0.000058     -0.000404      0.000000       -224.479105        213.476833     23.392844     10.221547      0.047838      7.185335
      0.627451      0.951348      0.000093     -0.000609      0.000000       -226.045359        214.923210     23.813927     10.421846      0.047838      7.185335
      0.637255      0.951340      0.000146     -0.000923      0.000000       -227.635657        216.368793     24.235007     10.622142      0.047838      7.185335
      0.647059      0.951327      0.000227     -0.001407      0.000000       -229.263666        217.813130     24.656082     10.822434      0.047838      7.185335
      0.656863      0.951307      0.000351     -0.002152      0.000000       -230.950104        219.255538     25.077150     11.022718      0.047838      7.185335
      0.666667      0.951276      0.000540     -0.003297      0.000000       -232.726479        220.694970     25.498207     11.222992      0.047838      7.185335
      0.676471      0.951228      0.000829     -0.005050      0.000000       -234.640706        222.129834     25.919246     11.423250      0.047838      7.185335
      0.686275      0.951155      0.001273     -0.007728      0.000000       -236.765441        223.557704     26.340260     11.623483      0.047838      7.185335
      0.696078      0.951043      0.001951     -0.011800      0.000000       -239.210165        224.974901     26.761233     11.823677      0.047838      7.185335
      0.705882      0.950872      0.002984     -0.017968      0.000000       -242.138170        226.375878     27.182145     12.023812      0.047838      7.185335
      0.715686      0.950610      0.004555     -0.027250      0.000000       -245.789194        227.752360     27.602962     12.223857      0.047838      7.185335
      0.725490      0.950212      0.006931     -0.041104      0.000000       -250.506806        229.092177     28.023635     12.423763      0.047838      7.185335
      0.735294      0.949606      0.010500     -0.061530      0.000000       -256.765333        230.377833     28.444088     12.623456      0.047838      7.185335
      0.745098      0.948692      0.015814     -0.091123      0.000000       -265.182118        231.584993     28.864210     12.822825      0.047838      7.185335
      0.754902      0.947320      0.023625     -0.132946      0.000000       -276.486255        232.681468     29.283833     13.021698      0.047838      7.185335
      0.764706      0.945282      0.034904     -0.190042      0.000000       -291.400043        233.627810     29.702709     13.219820      0.047838      7.185335
      0.774510      0.942295      0.050809     -0.264450      0.000000       -310.395422        234.381127     30.120486     13.416807      0.047838      7.185335
      0.784314      0.937990      0.072563     -0.355800      0.000000       -333.352320        234.903311     30.536664     13.612097      0.047838      7.185335
      0.794118      0.931919      0.101245     -0.460168      0.000000       -359.279824        235.172651     30.950564     13.804895      0.047838      7.185335
      0.803922      0.923574      0.137530     -0.570195      0.000000       -386.358133        235.194018     31.361293     13.994115      0.047838      7.185335
      0.813725      0.912430      0.181503     -0.677011      0.000000       -412.422672        235.001011     31.767728     14.178360      0.047838      7.185335
      0.823529      0.897986      0.232657     -0.773036      0.000000       -435.654560        234.647355     32.168517     14.355952      0.047838      7.185335
      0.833333      0.879819      0.290057     -0.853927      0.000000       -455.046048        234.192171     32.562103     14.525016      0.047838      7.185335
      0.843137      0.857600      0.352587     -0.918758      0.000000       -470.428704        233.687121     32.946762     14.683624      0.047838      7.185335
      0.852941      0.831111      0.419156     -0.968973      0.000000       -482.201114        233.170093     33.320647     14.829949      0.047838      7.185335
      0.862745      0.800238      0.488820     -1.007080      0.000000       -491.007141        232.664943     33.681840     14.962427      0.047838      7.185335
      0.872549      0.764959      0.560821     -1.035728      0.000000       -497.510787        232.184399     34.028393     15.079880      0.047838      7.185335
      0.882353      0.725334      0.634576     -1.057238      0.000000       -502.286773        231.733609     34.358364     15.181609      0.047838      7.185335
      0.892157      0.681488      0.709650     -1.073463      0.000000       -505.789616        231.313098     34.669858     15.267445      0.047838      7.185335
      0.901961      0.633604      0.785724     -1.085810      0.000000       -508.361348        230.920826     34.961043     15.337757      0.047838      7.185335
      0.911765      0.581916      0.862562     -1.095316      0.000000       -510.252529        230.553470     35.230182     15.393421      0.047838      7.185335
      0.921569      0.526695      0.939993     -1.102737      0.000000       -511.644304        230.207159     35.475652     15.435760      0.047838      7.185335
      0.931373      0.468249      1.017890     -1.108624      0.000000       -512.667021        229.877858     35.695953     15.466445      0.047838      7.185335
      0.941176      0.406915      1.096159     -1.113378      0.000000       -513.414517        229.561547     35.889734     15.487390      0.047838      7.185335
      0.950980      0.343059      1.174733     -1.117296      0.000000       -513.954577        229.254276     36.055795     15.500619      0.047838      7.185335
      0.960784      0.277065      1.253559     -1.120597      0.000000       -514.336425        228.952171     36.193105     15.508138      0.047838      7.185335
      0.970588      0.209338      1.332602     -1.123451      0.000000       -514.596013        228.651403     36.300806     15.511799      0.047838      7.185335
      0.980392      0.140296      1.411834     -1.125988      0.000000       -514.759765        228.348158     36.378223     15.513186      0.047838      7.185335
      0.990196      0.070370      1.491236     -1.128319      0.000000       -514.847271        228.038608     36.424869     15.513510      0.047838      7.185335
      1.000000      0.000000      1.570796     -1.130045      0.000000       -514.871526        227.810201     36.440451     15.513532      0.047838      7.185335
