             t             r           psi            cs            qs                 p               sig             A             V            Q2             S
      0.000000      0.000000     -1.570796      0.410405      0.000000         -1.610020          1.961502      0.000000      0.000000     -0.764845      3.654948
      0.009804      0.035832     -1.555975      0.424443      0.000000         -1.611267          1.922580      0.004034      0.000001     -0.764845      3.654948
      0.019608      0.071655     -1.540241      0.454056      0.000000         -1.617035          1.836679      0.016134      0.000009     -0.764845      3.654948
      0.029412      0.107460     -1.523393      0.486999      0.000000         -1.627422          1.753771      0.036298      0.000045     -0.764845      3.654948
      0.039216      0.143236     -1.505284      0.524669      0.000000         -1.643173          1.673770      0.064520      0.000147     -0.764845      3.654948
      0.049020      0.178967     -1.485723      0.568153      0.000000         -1.665179          1.596625      0.100792      0.000370     -0.764845      3.654948
      0.058824      0.214635     -1.464482      0.618714      0.000000         -1.694517          1.522332      0.145102      0.000789     -0.764845      3.654948
      0.068627      0.250219     -1.441280      0.677887      0.000000         -1.732491          1.450934      0.197433      0.001509     -0.764845      3.654948
      0.078431      0.285690     -1.415776      0.747535      0.000000         -1.780691          1.382544      0.257764      0.002659     -0.764845      3.654948
      0.088235      0.321012     -1.387556      0.829908      0.000000         -1.841048          1.317349      0.326065      0.004408     -0.764845      3.654948
      0.098039      0.356139     -1.356116      0.927675      0.000000         -1.915913          1.255633      0.402298      0.006964     -0.764845      3.654948
      0.107843      0.391010     -1.320853      1.043912      0.000000         -2.008124          1.197806      0.486411      0.010587     -0.764845      3.654948
      0.117647      0.425548     -1.281043      1.181988      0.000000         -2.121071          1.144425      0.578340      0.015596     -0.764845      3.654948
      0.127451      0.459649     -1.235844      1.345254      0.000000         -2.258720          1.096244      0.677998      0.022379     -0.764845      3.654948
      0.137255      0.493179     -1.184301      1.536399      0.000000         -2.425542          1.054256      0.785272      0.031402     -0.764845      3.654948
      0.147059      0.525962     -1.125392      1.756275      0.000000         -2.626258          1.019752      0.900015      0.043218     -0.764845      3.654948
      0.156863      0.557767     -1.058125      2.002018      0.000000         -2.865237          0.994380      1.022033      0.058458     -0.764845      3.654948
      0.166667      0.588306     -0.981712      2.264503      0.000000         -3.145353          0.980194      1.151076      0.077811     -0.764845      3.654948
      0.176471      0.617225     -0.895849      2.525709      0.000000         -3.466131          0.979666      1.286820      0.101980     -0.764845      3.654948
      0.186275      0.644115     -0.801053      2.757543      0.000000         -3.821222          0.995624      1.428854      0.131593     -0.764845      3.654948
      0.196078      0.668544     -0.699002      2.924498      0.000000         -4.195846          1.031047      1.576673      0.167091     -0.764845      3.654948
      0.205882      0.690106     -0.592663      2.991817      0.000000         -4.565700          1.088693      1.729676      0.208605     -0.764845      3.654948
      0.215686      0.708495     -0.486055      2.937425      0.000000         -4.899267          1.170562      1.887181      0.255875     -0.764845      3.654948
      0.225490      0.723567     -0.383611      2.761527      0.000000         -5.164363          1.277321      2.048454      0.308261     -0.764845      3.654948
      0.235294      0.735365     -0.289328      2.487386      0.000000         -5.337030          1.407915      2.212749      0.364846     -0.764845      3.654948
      0.245098      0.744113     -0.206077      2.152535      0.000000         -5.408503          1.559553      2.379351      0.424607     -0.764845      3.654948
      0.254902      0.750161     -0.135317      1.796260      0.000000         -5.386730          1.728111      2.547611      0.486567     -0.764845      3.654948
      0.264706      0.753924     -0.077220      1.450173      0.000000         -5.292333          1.908788      2.716968      0.549903     -0.764845      3.654948
      0.274510      0.755829     -0.031021      1.134606      0.000000         -5.151882          2.096800      2.886955      0.613978     -0.764845      3.654948
      0.284314      0.756273      0.004579      0.859531      0.000000         -4.991692          2.287888      3.057200      0.678336     -0.764845      3.654948
      0.294118      0.755609      0.031093      0.627449      0.000000         -4.833886          2.478604      3.227414      0.742665     -0.764845      3.654948
      0.303922      0.754136      0.050036      0.436380      0.000000         -4.694816          2.666385      3.397381      0.806767     -0.764845      3.654948
      0.313725      0.752098      0.062807      0.282123      0.000000         -4.585150          2.849485      3.566950      0.870519     -0.764845      3.654948
      0.323529      0.749696      0.070635      0.159715      0.000000         -4.510794          3.026845      3.736015      0.933853     -0.764845      3.654948
      0.333333      0.747087      0.074574      0.064237      0.000000         -4.474069          3.197936      3.904514      0.996738     -0.764845      3.654948
      0.343137      0.744393      0.075507     -0.008800      0.000000         -4.474812          3.362624      4.072414      1.059166     -0.764845      3.654948
      0.352941      0.741708      0.074165     -0.063304      0.000000         -4.511270          3.521047      4.239706      1.121145     -0.764845      3.654948
      0.362745      0.739102      0.071151     -0.102599      0.000000         -4.580770          3.673519      4.406402      1.182692     -0.764845      3.654948
      0.372549      0.736627      0.066960     -0.129468      0.000000         -4.680185          3.820468      4.572526      1.243833     -0.764845      3.654948
      0.382353      0.734316      0.061993     -0.146223      0.000000         -4.806249          3.962377      4.738110      1.304596     -0.764845      3.654948
      0.392157      0.732192      0.056579     -0.154782      0.000000         -4.955753          4.099750      4.903194      1.365012     -0.764845      3.654948
      0.401961      0.730266      0.050980     -0.156729      0.000000         -5.125664          4.233093      5.067822      1.425114     -0.764845      3.654948
      0.411765      0.728540      0.045410     -0.153377      0.000000         -5.313192          4.362887      5.232039      1.484934     -0.764845      3.654948
      0.421569      0.727010      0.040038     -0.145813      0.000000         -5.515819          4.489586      5.395890      1.544501     -0.764845      3.654948
      0.431373      0.725668      0.034999     -0.134935      0.000000         -5.731310          4.613607      5.559418      1.603847     -0.764845      3.654948
      0.441176      0.724497      0.030399     -0.121487      0.000000         -5.957713          4.735323      5.722663      1.662997     -0.764845      3.654948
      0.450980      0.723483      0.026316     -0.106078      0.000000         -6.193344          4.855066      5.885663      1.721977     -0.764845      3.654948
      0.460784      0.722605      0.022814     -0.089207      0.000000         -6.436782          4.973120      6.048449      1.780810     -0.764845      3.654948
      0.470588      0.721841      0.019936     -0.071277      0.000000         -6.686854          5.089725      6.211052      1.839513     -0.764845      3.654948
      0.480392      0.721168      0.017715     -0.052604      0.000000         -6.942622          5.205076      6.373493      1.898103     -0.764845      3.654948
      0.490196      0.720563      0.016172     -0.033431      0.000000         -7.203372          5.319320      6.535791      1.956592     -0.764845      3.654948
      0.500000      0.720001      0.015323     -0.013938      0.000000         -7.468606          5.432561      6.697958      2.014988     -0.764845      3.654948
      0.509804      0.719457      0.015175      0.005755      0.000000         -7.738031          5.544858      6.860000      2.073294     -0.764845      3.654948
      0.519608      0.718905      0.015737      0.025581      0.000000         -8.011553          5.656226      7.021920      2.131513     -0.764845      3.654948
      0.529412      0.718321      0.017010      0.045518      0.000000         -8.289265          5.766636      7.183713      2.189638     -0.764845      3.654948
      0.539216      0.717678      0.019000      0.065583      0.000000         -8.571439          5.876021      7.345368      2.247663     -0.764845      3.654948
      0.549020      0.716950      0.021712      0.085833      0.000000         -8.858518          5.984267      7.506869      2.305575     -0.764845      3.654948
      0.558824      0.716113      0.025155      0.106355      0.000000         -9.151100          6.091226      7.668194      2.363358     -0.764845      3.654948
      0.568627      0.715139      0.029339      0.127264      0.000000         -9.449925          6.196707      7.829316      2.420989     -0.764845      3.654948
      0.578431      0.714002      0.034281      0.148695      0.000000         -9.755855          6.300486      7.990201      2.478443     -0.764845      3.654948
      0.588235      0.712673      0.040003      0.170804      0.000000        -10.069856          6.402303      8.150808      2.535689     -0.764845      3.654948
      0.598039      0.711126      0.046532      0.193760      0.000000        -10.392969          6.501868      8.311093      2.592690     -0.764845      3.654948
      0.607843      0.709330      0.053902      0.217741      0.000000        -10.726278          6.598860      8.471001      2.649406     -0.764845      3.654948
      0.617647      0.707254      0.062151      0.242926      0.000000        -11.070878          6.692934      8.630475      2.705790     -0.764845      3.654948
      0.627451      0.704868      0.071328      0.269497      0.000000        -11.427834          6.783726      8.789447      2.761789     -0.764845      3.654948
      0.637255      0.702135      0.081483      0.297627      0.000000        -11.798130          6.870853      8.947843      2.817346     -0.764845      3.654948
      0.647059      0.699022      0.092678      0.327477      0.000000        -12.182631          6.953924      9.105582      2.872393     -0.764845      3.654948
      0.656863      0.695490      0.104975      0.359194      0.000000        -12.582021          7.032543      9.262573      2.926861     -0.764845      3.654948
      0.666667      0.691499      0.118443      0.392900      0.000000        -12.996756          7.106319      9.418719      2.980670     -0.764845      3.654948
      0.676471      0.687007      0.133157      0.428691      0.000000        -13.427008          7.174868      9.573910      3.033734     -0.764845      3.654948
      0.686275      0.681969      0.149191      0.466630      0.000000        -13.872622          7.237828      9.728029      3.085960     -0.764845      3.654948
      0.696078      0.676339      0.166624      0.506745      0.000000        -14.333064          7.294862      9.880948      3.137247     -0.764845      3.654948
      0.705882      0.670067      0.185534      0.549024      0.000000        -14.807400          7.345668     10.032529      3.187485     -0.764845      3.654948
      0.715686      0.663101      0.205996      0.593411      0.000000        -15.294265          7.389988     10.182620      3.236560     -0.764845      3.654948
      0.725490      0.655390      0.228085      0.639810      0.000000        -15.791866          7.427612     10.331060      3.284347     -0.764845      3.654948
      0.735294      0.646879      0.251871      0.688080      0.000000        -16.297992          7.458389     10.477674      3.330719     -0.764845      3.654948
      0.745098      0.637511      0.277417      0.738039      0.000000        -16.810050          7.482225     10.622278      3.375541     -0.764845      3.654948
      0.754902      0.627233      0.304780      0.789467      0.000000        -17.325116          7.499093     10.764670      3.418678     -0.764845      3.654948
      0.764706      0.615987      0.334009      0.842114      0.000000        -17.840006          7.509029     10.904641      3.459989     -0.764845      3.654948
      0.774510      0.603720      0.365142      0.895702      0.000000        -18.351361          7.512130     11.041965      3.499340     -0.764845      3.654948
      0.784314      0.590380      0.398208      0.949938      0.000000        -18.855744          7.508556     11.176409      3.536596     -0.764845      3.654948
      0.794118      0.575915      0.433224      1.004518      0.000000        -19.349738          7.498518     11.307722      3.571634     -0.764845      3.654948
      0.803922      0.560280      0.470198      1.059139      0.000000        -19.830051          7.482274     11.435649      3.604337     -0.764845      3.654948
      0.813725      0.543433      0.509125      1.113508      0.000000        -20.293602          7.460120     11.559919      3.634610     -0.764845      3.654948
      0.823529      0.525338      0.549992      1.167350      0.000000        -20.737605          7.432380     11.680256      3.662372     -0.764845      3.654948
      0.833333      0.505966      0.592775      1.220415      0.000000        -21.159633          7.399395     11.796377      3.687568     -0.764845      3.654948
      0.843137      0.485295      0.637442      1.272484      0.000000        -21.557658          7.361513     11.907990      3.710171     -0.764845      3.654948
      0.852941      0.463312      0.683954      1.323377      0.000000        -21.930083          7.319079     12.014801      3.730186     -0.764845      3.654948
      0.862745      0.440012      0.732267      1.372950      0.000000        -22.275737          7.272425     12.116515      3.747649     -0.764845      3.654948
      0.872549      0.415403      0.782330      1.421104      0.000000        -22.593871          7.221865     12.212835      3.762633     -0.764845      3.654948
      0.882353      0.389500      0.834093      1.467779      0.000000        -22.884123          7.167684     12.303469      3.775247     -0.764845      3.654948
      0.892157      0.362332      0.887502      1.512957      0.000000        -23.146485          7.110135     12.388128      3.785634     -0.764845      3.654948
      0.901961      0.333939      0.942503      1.556658      0.000000        -23.381251          7.049435     12.466531      3.793972     -0.764845      3.654948
      0.911765      0.304372      0.999044      1.598941      0.000000        -23.588970          6.985760     12.538409      3.800464     -0.764845      3.654948
      0.921569      0.273695      1.057076      1.639896      0.000000        -23.770393          6.919246     12.603503      3.805337     -0.764845      3.654948
      0.931373      0.241984      1.116553      1.679647      0.000000        -23.926424          6.849988     12.661573      3.808834     -0.764845      3.654948
      0.941176      0.209328      1.177436      1.718347      0.000000        -24.058072          6.778039     12.712395      3.811205     -0.764845      3.654948
      0.950980      0.175827      1.239690      1.756177      0.000000        -24.166412          6.703410     12.755767      3.812697     -0.764845      3.654948
      0.960784      0.141595      1.303286      1.793350      0.000000        -24.252550          6.626080     12.791513      3.813543     -0.764845      3.654948
      0.970588      0.106754      1.368206      1.830115      0.000000        -24.317598          6.545988     12.819480      3.813955     -0.764845      3.654948
      0.980392      0.071442      1.434442      1.866827      0.000000        -24.362653          6.463045     12.839548      3.814112     -0.764845      3.654948
      0.990196      0.035804      1.502004      1.904601      0.000000        -24.388804          6.377136     12.851625      3.814149     -0.764845      3.654948
      1.000000      0.000000      1.570796      1.924409      0.000000        -24.394621          6.338213     12.855657      3.814151     -0.764845      3.654948
