             t             r           psi            cs            qs                 p               sig             A             V            Q2             S
      0.000000      0.000000     -1.570796      0.663833      0.000000         -6.909170          5.203998      0.000000      0.000000     -0.605650      4.275100
      0.009804      0.041907     -1.542815      0.677639      0.000000         -6.912533          5.138522      0.005518      0.000002     -0.605650      4.275100
      0.019608      0.083781     -1.513904      0.702137      0.000000         -6.926462          5.016168      0.022069      0.000026     -0.605650      4.275100
      0.029412      0.125584     -1.483931      0.728524      0.000000         -6.951487          4.897679      0.049639      0.000134     -0.605650      4.275100
      0.039216      0.167276     -1.452798      0.757584      0.000000         -6.989320          4.782757      0.088204      0.000428     -0.605650      4.275100
      0.049020      0.208811     -1.420381      0.789919      0.000000         -7.042008          4.671157      0.137728      0.001059     -0.605650      4.275100
      0.058824      0.250137     -1.386527      0.826219      0.000000         -7.112013          4.562700      0.198164      0.002223     -0.605650      4.275100
      0.068627      0.291196     -1.351056      0.867298      0.000000         -7.202311          4.457283      0.269449      0.004170     -0.605650      4.275100
      0.078431      0.331923     -1.313745      0.914132      0.000000         -7.316507          4.354905      0.351505      0.007201     -0.605650      4.275100
      0.088235      0.372240     -1.274332      0.967885      0.000000         -7.458956          4.255686      0.444234      0.011675     -0.605650      4.275100
      0.098039      0.412060     -1.232496      1.029927      0.000000         -7.634908          4.159910      0.547517      0.018010     -0.605650      4.275100
      0.107843      0.451277     -1.187860      1.101843      0.000000         -7.850640          4.068073      0.661210      0.026685     -0.605650      4.275100
      0.117647      0.489769     -1.139971      1.185408      0.000000         -8.113550          3.980945      0.785137      0.038240     -0.605650      4.275100
      0.127451      0.527389     -1.088303      1.282486      0.000000         -8.432140          3.899669      0.919091      0.053276     -0.605650      4.275100
      0.137255      0.563961     -1.032253      1.394810      0.000000         -8.815756          3.825876      1.062817      0.072453     -0.605650      4.275100
      0.147059      0.599273     -0.971153      1.523515      0.000000         -9.273832          3.761842      1.216013      0.096475     -0.605650      4.275100
      0.156863      0.633070     -0.904317      1.668319      0.000000         -9.814246          3.710678      1.378316      0.126070     -0.605650      4.275100
      0.166667      0.665051     -0.831121      1.826160      0.000000        -10.440210          3.676535      1.549286      0.161956     -0.605650      4.275100
      0.176471      0.694866     -0.751161      1.989280      0.000000        -11.145056          3.664771      1.728402      0.204776     -0.605650      4.275100
      0.186275      0.722126     -0.664495      2.143085      0.000000        -11.904739          3.681986      1.915042      0.255017     -0.605650      4.275100
      0.196078      0.746424     -0.571959      2.264967      0.000000        -12.669501          3.735706      2.108479      0.312899     -0.605650      4.275100
      0.205882      0.767385     -0.475479      2.326322      0.000000        -13.359362          3.833502      2.307883      0.378262     -0.605650      4.275100
      0.215686      0.784726     -0.378188      2.299777      0.000000        -13.871434          3.981402      2.512336      0.450496     -0.605650      4.275100
      0.225490      0.798331     -0.284144      2.170579      0.000000        -14.105211          4.181843      2.720863      0.528562     -0.605650      4.275100
      0.235294      0.808293     -0.197585      1.945763      0.000000        -14.000053          4.431987      2.932489      0.611134     -0.605650      4.275100
      0.245098      0.814918     -0.121986      1.653591      0.000000        -13.563801          4.723447      3.146290      0.696813     -0.605650      4.275100
      0.254902      0.818666     -0.059372      1.332658      0.000000        -12.871930          5.043849      3.361446      0.784340     -0.605650      4.275100
      0.264706      0.820077     -0.010176      1.018418      0.000000        -12.038065          5.379532      3.577269      0.872719     -0.605650      4.275100
      0.274510      0.819695      0.026435      0.735044      0.000000        -11.176576          5.718135      3.793216      0.961250     -0.605650      4.275100
      0.284314      0.818015      0.052040      0.494345      0.000000        -10.376951          6.050133      4.008881      1.049485     -0.605650      4.275100
      0.294118      0.815462      0.068507      0.298804      0.000000         -9.695419          6.369238      4.223981      1.137168     -0.605650      4.275100
      0.303922      0.812379      0.077678      0.145443      0.000000         -9.158579          6.672024      4.438332      1.224167     -0.605650      4.275100
      0.313725      0.809036      0.081213      0.028844      0.000000         -8.771739          6.957231      4.651831      1.310435     -0.605650      4.275100
      0.323529      0.805637      0.080525     -0.057009      0.000000         -8.527186          7.225068      4.864439      1.395975     -0.605650      4.275100
      0.333333      0.802335      0.076784     -0.117787      0.000000         -8.410493          7.476641      5.076162      1.480821     -0.605650      4.275100
      0.343137      0.799237      0.070932     -0.158449      0.000000         -8.404658          7.713537      5.287040      1.565022     -0.605650      4.275100
      0.352941      0.796413      0.063724     -0.183164      0.000000         -8.492522          7.937554      5.497137      1.648639     -0.605650      4.275100
      0.362745      0.793909      0.055753     -0.195366      0.000000         -8.658029          8.150521      5.706532      1.731738     -0.605650      4.275100
      0.372549      0.791746      0.047483     -0.197859      0.000000         -8.886772          8.354207      5.915312      1.814388     -0.605650      4.275100
      0.382353      0.789930      0.039271     -0.192928      0.000000         -9.166141          8.550255      6.123568      1.896656     -0.605650      4.275100
      0.392157      0.788451      0.031388     -0.182436      0.000000         -9.485258          8.740168      6.331390      1.978607     -0.605650      4.275100
      0.401961      0.787291      0.024035     -0.167905      0.000000         -9.834827          8.925288      6.538866      2.060305     -0.605650      4.275100
      0.411765      0.786427      0.017352     -0.150577      0.000000        -10.206955          9.106802      6.746075      2.141808     -0.605650      4.275100
      0.421569      0.785826      0.011437     -0.131469      0.000000        -10.594979          9.285745      6.953093      2.223168     -0.605650      4.275100
      0.431373      0.785457      0.006345     -0.111404      0.000000        -10.993318          9.463007      7.159983      2.304434     -0.605650      4.275100
      0.441176      0.785282      0.002103     -0.091046      0.000000        -11.397343          9.639336      7.366803      2.385647     -0.605650      4.275100
      0.450980      0.785268     -0.001290     -0.070916      0.000000        -11.803283          9.815350      7.573599      2.466841     -0.605650      4.275100
      0.460784      0.785379     -0.003851     -0.051413      0.000000        -12.208149          9.991541      7.780408      2.548046     -0.605650      4.275100
      0.470588      0.785580     -0.005612     -0.032826      0.000000        -12.609676         10.168281      7.987259      2.629283     -0.605650      4.275100
      0.480392      0.785839     -0.006618     -0.015346      0.000000        -13.006279         10.345828      8.194171      2.710567     -0.605650      4.275100
      0.490196      0.786125     -0.006916      0.000925      0.000000        -13.397022         10.524334      8.401155      2.791908     -0.605650      4.275100
      0.500000      0.786409     -0.006558      0.015961      0.000000        -13.781586         10.703847      8.608216      2.873309     -0.605650      4.275100
      0.509804      0.786666     -0.005594      0.029809      0.000000        -14.160243         10.884318      8.815348      2.954766     -0.605650      4.275100
      0.519608      0.786871     -0.004074      0.042576      0.000000        -14.533827         11.065611      9.022541      3.036273     -0.605650      4.275100
      0.529412      0.787000     -0.002038      0.054423      0.000000        -14.903704         11.247502      9.229779      3.117814     -0.605650      4.275100
      0.539216      0.787035      0.000478      0.065554      0.000000        -15.271738         11.429690      9.437039      3.199374     -0.605650      4.275100
      0.549020      0.786954      0.003450      0.076212      0.000000        -15.640248         11.611802      9.644293      3.280929     -0.605650      4.275100
      0.558824      0.786739      0.006864      0.086667      0.000000        -16.011968         11.793395      9.851509      3.362452     -0.605650      4.275100
      0.568627      0.786372      0.010716      0.097214      0.000000        -16.390001         11.973967     10.058648      3.443914     -0.605650      4.275100
      0.578431      0.785835      0.015018      0.108161      0.000000        -16.777760         12.152955     10.265669      3.525279     -0.605650      4.275100
      0.588235      0.785107      0.019793      0.119828      0.000000        -17.178917         12.329745     10.472524      3.606507     -0.605650      4.275100
      0.598039      0.784169      0.025078      0.132539      0.000000        -17.597340         12.503674     10.679159      3.687556     -0.605650      4.275100
      0.607843      0.782997      0.030922      0.146614      0.000000        -18.037016         12.674032     10.885518      3.768376     -0.605650      4.275100
      0.617647      0.781568      0.037391      0.162372      0.000000        -18.501980         12.840068     11.091534      3.848913     -0.605650      4.275100
      0.627451      0.779854      0.044561      0.180117      0.000000        -18.996213         13.000995     11.297138      3.929106     -0.605650      4.275100
      0.637255      0.777823      0.052521      0.200137      0.000000        -19.523541         13.155997     11.502249      4.008889     -0.605650      4.275100
      0.647059      0.775441      0.061373      0.222698      0.000000        -20.087506         13.304230     11.706779      4.088187     -0.605650      4.275100
      0.656863      0.772668      0.071228      0.248036      0.000000        -20.691224         13.444841     11.910632      4.166914     -0.605650      4.275100
      0.666667      0.769460      0.082206      0.276350      0.000000        -21.337223         13.576973     12.113699      4.244976     -0.605650      4.275100
      0.676471      0.765767      0.094437      0.307795      0.000000        -22.027272         13.699783     12.315857      4.322268     -0.605650      4.275100
      0.686275      0.761536      0.108053      0.342470      0.000000        -22.762194         13.812458     12.516974      4.398672     -0.605650      4.275100
      0.696078      0.756707      0.123190      0.380413      0.000000        -23.541694         13.914239     12.716899      4.474055     -0.605650      4.275100
      0.705882      0.751213      0.139986      0.421590      0.000000        -24.364201         14.004441     12.915466      4.548271     -0.605650      4.275100
      0.715686      0.744986      0.158574      0.465892      0.000000        -25.226750         14.082476     13.112492      4.621156     -0.605650      4.275100
      0.725490      0.737951      0.179081      0.513128      0.000000        -26.124920         14.147881     13.307773      4.692533     -0.605650      4.275100
      0.735294      0.730028      0.201624      0.563024      0.000000        -27.052849         14.200335     13.501086      4.762205     -0.605650      4.275100
      0.745098      0.721136      0.226309      0.615229      0.000000        -28.003335         14.239680     13.692187      4.829965     -0.605650      4.275100
      0.754902      0.711191      0.253223      0.669323      0.000000        -28.968035         14.265928     13.880810      4.895586     -0.605650      4.275100
      0.764706      0.700107      0.282435      0.724828      0.000000        -29.937749         14.279268     14.066665      4.958835     -0.605650      4.275100
      0.774510      0.687801      0.313994      0.781227      0.000000        -30.902779         14.280062     14.249443      5.019469     -0.605650      4.275100
      0.784314      0.674190      0.347927      0.837985      0.000000        -31.853329         14.268831     14.428809      5.077244     -0.605650      4.275100
      0.794118      0.659196      0.384236      0.894566      0.000000        -32.779923         14.246232     14.604411      5.131917     -0.605650      4.275100
      0.803922      0.642745      0.422904      0.950459      0.000000        -33.673792         14.213034     14.775874      5.183260     -0.605650      4.275100
      0.813725      0.624772      0.463893      1.005197      0.000000        -34.527206         14.170085     14.942806      5.231060     -0.605650      4.275100
      0.823529      0.605221      0.507144      1.058370      0.000000        -35.333718         14.118277     15.104797      5.275135     -0.605650      4.275100
      0.833333      0.584046      0.552584      1.109639      0.000000        -36.088313         14.058512     15.261428      5.315339     -0.605650      4.275100
      0.843137      0.561213      0.600129      1.158741      0.000000        -36.787459         13.991677     15.412264      5.351570     -0.605650      4.275100
      0.852941      0.536701      0.649684      1.205492      0.000000        -37.429065         13.918608     15.556866      5.383783     -0.605650      4.275100
      0.862745      0.510505      0.701146      1.249782      0.000000        -38.012366         13.840076     15.694792      5.411987     -0.605650      4.275100
      0.872549      0.482632      0.754412      1.291573      0.000000        -38.537751         13.756767     15.825597      5.436261     -0.605650      4.275100
      0.882353      0.453107      0.809378      1.330888      0.000000        -39.006571         13.669272     15.948844      5.456744     -0.605650      4.275100
      0.892157      0.421970      0.865941      1.367804      0.000000        -39.420926         13.578078     16.064103      5.473643     -0.605650      4.275100
      0.901961      0.389278      0.924003      1.402440      0.000000        -39.783461         13.483570     16.170956      5.487224     -0.605650      4.275100
      0.911765      0.355102      0.983472      1.434953      0.000000        -40.097182         13.386029     16.269002      5.497806     -0.605650      4.275100
      0.921569      0.319531      1.044261      1.465522      0.000000        -40.365296         13.285635     16.357862      5.505751     -0.605650      4.275100
      0.931373      0.282667      1.106295      1.494350      0.000000        -40.591072         13.182475     16.437183      5.511452     -0.605650      4.275100
      0.941176      0.244629      1.169505      1.521652      0.000000        -40.777742         13.076547     16.506638      5.515314     -0.605650      4.275100
      0.950980      0.205547      1.233830      1.547654      0.000000        -40.928417         12.967768     16.565935      5.517740     -0.605650      4.275100
      0.960784      0.165568      1.299223      1.572593      0.000000        -41.046037         12.855980     16.614819      5.519115     -0.605650      4.275100
      0.970588      0.124849      1.365642      1.596715      0.000000        -41.133336         12.740961     16.653073      5.519784     -0.605650      4.275100
      0.980392      0.083559      1.433061      1.620301      0.000000        -41.192831         12.622433     16.680525      5.520038     -0.605650      4.275100
      0.990196      0.041879      1.501464      1.643929      0.000000        -41.226843         12.500069     16.697049      5.520097     -0.605650      4.275100
      1.000000      0.000000      1.570796      1.658084      0.000000        -41.235209         12.434593     16.702565      5.520101     -0.605650      4.275100
