             t             r           psi            cs            qs                 p               sig             A             V            Q2             S
      0.000000      0.000000     -1.570796     -0.858219      0.000000        -69.635189         40.569579      0.000000     -0.000000      0.075568      7.834137
      0.009804      0.076749     -1.504653     -0.865957      0.000000        -69.656772         40.330883      0.018526      0.000023      0.075568      7.834137
      0.019608      0.153160     -1.437746     -0.876463      0.000000        -69.734734         40.017656      0.074021      0.000376      0.075568      7.834137
      0.029412      0.228884     -1.369986     -0.888290      0.000000        -69.883245         39.712020      0.166240      0.001897      0.075568      7.834137
      0.039216      0.303562     -1.301245     -0.902113      0.000000        -70.124048         39.409704      0.294764      0.005962      0.075568      7.834137
      0.049020      0.376822     -1.231338     -0.918827      0.000000        -70.488394         39.106518      0.458999      0.014436      0.075568      7.834137
      0.058824      0.448275     -1.159997     -0.939700      0.000000        -71.022050         38.798355      0.658168      0.029603      0.075568      7.834137
      0.068627      0.517511     -1.086837     -0.966585      0.000000        -71.793374         38.481240      0.891301      0.054080      0.075568      7.834137
      0.078431      0.584091     -1.011295     -1.002275      0.000000        -72.906620         38.151537      1.157224      0.090713      0.075568      7.834137
      0.088235      0.647527     -0.932543     -1.051091      0.000000        -74.524112         37.806522      1.454539      0.142453      0.075568      7.834137
      0.098039      0.707259     -0.849330     -1.119836      0.000000        -76.902666         37.445849      1.781598      0.212221      0.075568      7.834137
      0.107843      0.762614     -0.759746     -1.219180      0.000000        -80.448508         37.075215      2.136457      0.302753      0.075568      7.834137
      0.117647      0.812730     -0.660869     -1.364788      0.000000        -85.772901         36.715412      2.516804      0.416394      0.075568      7.834137
      0.127451      0.856454     -0.548468     -1.573485      0.000000        -93.604212         36.424275      2.919848      0.554784      0.075568      7.834137
      0.137255      0.892221     -0.417733     -1.834278      0.000000       -103.896815         36.344078      3.342144      0.718248      0.075568      7.834137
      0.147059      0.918125     -0.268635     -2.010862      0.000000       -112.525037         36.761189      3.779398      0.904598      0.075568      7.834137
      0.156863      0.932811     -0.119415     -1.782711      0.000000       -108.191157         38.000418      4.226467      1.107684      0.075568      7.834137
      0.166667      0.937325     -0.007178     -1.095811      0.000000        -86.386630         39.944818      4.678060      1.318506      0.075568      7.834137
      0.176471      0.935370      0.049267     -0.410665      0.000000        -62.061980         41.977376      5.130098      1.530123      0.075568      7.834137
      0.186275      0.930853      0.063151      0.002585      0.000000        -46.724335         43.685723      5.580443      1.739888      0.075568      7.834137
      0.196078      0.926238      0.054795      0.185178      0.000000        -40.209975         45.036119      6.028515      1.947528      0.075568      7.834137
      0.205882      0.922648      0.038126      0.232924      0.000000        -39.216389         46.130118      6.474583      2.153458      0.075568      7.834137
      0.215686      0.920398      0.020759      0.211635      0.000000        -41.168932         47.070765      6.919239      2.358223      0.075568      7.834137
      0.225490      0.919381      0.006388      0.159717      0.000000        -44.481227         47.934988      7.363116      2.562342      0.075568      7.834137
      0.235294      0.919302     -0.003574      0.099681      0.000000        -48.195044         48.775777      7.806743      2.766249      0.075568      7.834137
      0.245098      0.919815     -0.009065      0.044936      0.000000        -51.721583         49.627568      8.250488      2.970261      0.075568      7.834137
      0.254902      0.920598     -0.010806      0.002877      0.000000        -54.718024         50.510037      8.694558      3.174566      0.075568      7.834137
      0.264706      0.921407     -0.009905     -0.023744      0.000000        -57.036144         51.430806      9.139019      3.379231      0.075568      7.834137
      0.274510      0.922082     -0.007533     -0.035796      0.000000        -58.688766         52.388190      9.583844      3.584234      0.075568      7.834137
      0.284314      0.922552     -0.004697     -0.036538      0.000000        -59.804780         53.374454     10.028946      3.789497      0.075568      7.834137
      0.294118      0.922810     -0.002102     -0.030210      0.000000        -60.570550         54.379280     10.474224      3.994924      0.075568      7.834137
      0.303922      0.922892     -0.000134     -0.020801      0.000000        -61.173000         55.392684     10.919581      4.200426      0.075568      7.834137
      0.313725      0.922850      0.001093     -0.011311      0.000000        -61.760455         56.406874     11.364945      4.405934      0.075568      7.834137
      0.323529      0.922741      0.001648     -0.003529      0.000000        -62.426865         57.416926     11.810271      4.611407      0.075568      7.834137
      0.333333      0.922610      0.001698      0.001818      0.000000        -63.214701         58.420593     12.255537      4.816825      0.075568      7.834137
      0.343137      0.922488      0.001431      0.004753      0.000000        -64.127713         59.417651     12.700742      5.022186      0.075568      7.834137
      0.352941      0.922394      0.001018      0.005721      0.000000        -65.146031         60.409129     13.145894      5.227499      0.075568      7.834137
      0.362745      0.922332      0.000587      0.005333      0.000000        -66.239259         61.396623     13.591008      5.432776      0.075568      7.834137
      0.372549      0.922302      0.000218      0.004186      0.000000        -67.375913         62.381805     14.036100      5.638034      0.075568      7.834137
      0.382353      0.922296     -0.000049      0.002771      0.000000        -68.529147         63.366102     14.481184      5.843284      0.075568      7.834137
      0.392157      0.922307     -0.000209      0.001428      0.000000        -69.679427         64.350556     14.926269      6.048535      0.075568      7.834137
      0.401961      0.922326     -0.000276      0.000354      0.000000        -70.814960         65.335798     15.371362      6.253793      0.075568      7.834137
      0.411765      0.922347     -0.000273     -0.000376      0.000000        -71.930715         66.322093     15.816465      6.459060      0.075568      7.834137
      0.421569      0.922367     -0.000227     -0.000773      0.000000        -73.026728         67.309439     16.261578      6.664337      0.075568      7.834137
      0.431373      0.922382     -0.000161     -0.000898      0.000000        -74.106211         68.297666     16.706699      6.869621      0.075568      7.834137
      0.441176      0.922391     -0.000094     -0.000833      0.000000        -75.173865         69.286522     17.151826      7.074911      0.075568      7.834137
      0.450980      0.922396     -0.000036     -0.000659      0.000000        -76.234571         70.275747     17.596956      7.280204      0.075568      7.834137
      0.460784      0.922397      0.000007     -0.000446      0.000000        -77.292545         71.265118     18.042088      7.485498      0.075568      7.834137
      0.470588      0.922396      0.000033     -0.000241      0.000000        -78.350911         72.254468     18.487220      7.690792      0.075568      7.834137
      0.480392      0.922393      0.000045     -0.000074      0.000000        -79.411614         73.243693     18.932351      7.896085      0.075568      7.834137
      0.490196      0.922389      0.000046      0.000044      0.000000        -80.475542         74.232747     19.377480      8.101376      0.075568      7.834137
      0.500000      0.922386      0.000039      0.000111      0.000000        -81.542780         75.221625     19.822607      8.306666      0.075568      7.834137
      0.509804      0.922383      0.000030      0.000137      0.000000        -82.612891         76.210350     20.267733      8.511955      0.075568      7.834137
      0.519608      0.922381      0.000019      0.000131      0.000000        -83.685172         77.198960     20.712858      8.717242      0.075568      7.834137
      0.529412      0.922380      0.000010      0.000105      0.000000        -84.758866         78.187495     21.157982      8.922529      0.075568      7.834137
      0.539216      0.922380      0.000003      0.000070      0.000000        -85.833308         79.175990     21.603105      9.127816      0.075568      7.834137
      0.549020      0.922380     -0.000001      0.000031      0.000000        -86.908001         80.164471     22.048229      9.333102      0.075568      7.834137
      0.558824      0.922380     -0.000002     -0.000006      0.000000        -87.982662         81.152954     22.493352      9.538389      0.075568      7.834137
      0.568627      0.922380      0.000000     -0.000041      0.000000        -89.057220         82.141443     22.938476      9.743675      0.075568      7.834137
      0.578431      0.922380      0.000005     -0.000076      0.000000        -90.131810         83.129930     23.383600      9.948962      0.075568      7.834137
      0.588235      0.922379      0.000012     -0.000113      0.000000        -91.206763         84.118397     23.828723     10.154248      0.075568      7.834137
      0.598039      0.922378      0.000022     -0.000161      0.000000        -92.282614         85.106817     24.273846     10.359534      0.075568      7.834137
      0.607843      0.922375      0.000037     -0.000226      0.000000        -93.360137         86.095148     24.718968     10.564819      0.075568      7.834137
      0.617647      0.922372      0.000058     -0.000322      0.000000        -94.440424         87.083332     25.164089     10.770103      0.075568      7.834137
      0.627451      0.922366      0.000088     -0.000465      0.000000        -95.525020         88.071286     25.609207     10.975385      0.075568      7.834137
      0.637255      0.922358      0.000131     -0.000679      0.000000        -96.616144         89.058893     26.054323     11.180664      0.075568      7.834137
      0.647059      0.922346      0.000195     -0.000998      0.000000        -97.717017         90.045981     26.499433     11.385938      0.075568      7.834137
      0.656863      0.922327      0.000288     -0.001471      0.000000        -98.832355         91.032298     26.944536     11.591205      0.075568      7.834137
      0.666667      0.922300      0.000426     -0.002169      0.000000        -99.969081         92.017476     27.389628     11.796463      0.075568      7.834137
      0.676471      0.922260      0.000630     -0.003195      0.000000       -101.137361         93.000970     27.834704     12.001706      0.075568      7.834137
      0.686275      0.922201      0.000929     -0.004699      0.000000       -102.352097         93.981982     28.279757     12.206927      0.075568      7.834137
      0.696078      0.922114      0.001369     -0.006899      0.000000       -103.635047         94.959343     28.724775     12.412115      0.075568      7.834137
      0.705882      0.921985      0.002015     -0.010105      0.000000       -105.017796         95.931345     29.169741     12.617256      0.075568      7.834137
      0.715686      0.921797      0.002959     -0.014762      0.000000       -106.545842         96.895511     29.614632     12.822327      0.075568      7.834137
      0.725490      0.921520      0.004335     -0.021499      0.000000       -108.284006         97.848271     30.059411     13.027296      0.075568      7.834137
      0.735294      0.921115      0.006336     -0.031188      0.000000       -110.323221         98.784530     30.504029     13.232112      0.075568      7.834137
      0.745098      0.920524      0.009232     -0.045017      0.000000       -112.788228         99.697118     30.948408     13.436707      0.075568      7.834137
      0.754902      0.919664      0.013397     -0.064555      0.000000       -115.844609        100.576141     31.392441     13.640976      0.075568      7.834137
      0.764706      0.918421      0.019344     -0.091770      0.000000       -119.701556        101.408312     31.835973     13.844770      0.075568      7.834137
      0.774510      0.916630      0.027749     -0.128963      0.000000       -124.603719        102.176492     32.278780     14.047869      0.075568      7.834137
      0.784314      0.914074      0.039471     -0.178506      0.000000       -130.802398        102.859806     32.720548     14.249959      0.075568      7.834137
      0.794118      0.910458      0.055536     -0.242319      0.000000       -138.496619        103.434908     33.160841     14.450589      0.075568      7.834137
      0.803922      0.905408      0.077078     -0.321080      0.000000       -147.744458        103.878912     33.599059     14.649122      0.075568      7.834137
      0.813725      0.898463      0.105206     -0.413376      0.000000       -158.368929        104.174006     34.034403     14.844678      0.075568      7.834137
      0.823529      0.889089      0.140824     -0.515253      0.000000       -169.911342        104.312655     34.465832     15.036078      0.075568      7.834137
      0.833333      0.876705      0.184445     -0.620658      0.000000       -181.687060        104.301199     34.892034     15.221812      0.075568      7.834137
      0.843137      0.860725      0.236080     -0.722831      0.000000       -192.946994        104.159628     35.311416     15.400044      0.075568      7.834137
      0.852941      0.840607      0.295248     -0.816023      0.000000       -203.071392        103.917201     35.722108     15.568690      0.075568      7.834137
      0.862745      0.815893      0.361107     -0.896681      0.000000       -211.696319        103.605895     36.121999     15.725561      0.075568      7.834137
      0.872549      0.786242      0.432635     -0.963641      0.000000       -218.727252        103.254605     36.508784     15.868553      0.075568      7.834137
      0.882353      0.751441      0.508798     -1.017579      0.000000       -224.269229        102.885864     36.880022     15.995866      0.075568      7.834137
      0.892157      0.711408      0.588656     -1.060187      0.000000       -228.532881        102.515131     37.233204     16.106198      0.075568      7.834137
      0.901961      0.666182      0.671416     -1.093501      0.000000       -231.758459        102.151693     37.565811     16.198894      0.075568      7.834137
      0.911765      0.615914      0.756441     -1.119479      0.000000       -234.170663        101.800166     37.875367     16.274031      0.075568      7.834137
      0.921569      0.560850      0.843235     -1.139804      0.000000       -235.959169        101.461934     38.159497     16.332429      0.075568      7.834137
      0.931373      0.501321      0.931418     -1.155841      0.000000       -237.274871        101.136288     38.415961     16.375587      0.075568      7.834137
      0.941176      0.437728      1.020702     -1.168658      0.000000       -238.233637        100.821205     38.642699     16.405560      0.075568      7.834137
      0.950980      0.370536      1.110875     -1.179076      0.000000       -238.922606        100.513848     38.837861     16.424778      0.075568      7.834137
      0.960784      0.300259      1.201776     -1.187726      0.000000       -239.406541        100.210856     38.999830     16.435841      0.075568      7.834137
      0.970588      0.227459      1.293289     -1.195095      0.000000       -239.733277         99.908509     39.127254     16.441284      0.075568      7.834137
      0.980392      0.152729      1.385332     -1.201565      0.000000       -239.938057         99.602816     39.219055     16.443364      0.075568      7.834137
      0.990196      0.076695      1.477847     -1.207454      0.000000       -240.046885         99.289564     39.274452     16.443854      0.075568      7.834137
      1.000000     -0.000000      1.570796     -1.211889      0.000000       -240.077267         99.050867     39.292972     16.443887      0.075568      7.834137
