             t             r           psi            cs            qs                 p               sig             A             V            Q2             S
      0.000000      0.000000     -1.570796     -0.828707      0.000000        -76.449598         46.125817      0.000000     -0.000000      0.057218     10.317692
      0.009804      0.101035     -1.486566     -0.838439      0.000000        -76.488885         45.770620      0.032126      0.000068      0.057218     10.317692
      0.019608      0.201345     -1.401117     -0.851372      0.000000        -76.632342         45.342923      0.128276      0.001090      0.057218     10.317692
      0.029412      0.300182     -1.314236     -0.866991      0.000000        -76.921256         44.922106      0.287752      0.005484      0.057218     10.317692
      0.039216      0.396765     -1.225569     -0.887065      0.000000        -77.424507         44.497112      0.509371      0.017150      0.057218     10.317692
      0.049020      0.490271     -1.134533     -0.914436      0.000000        -78.258190         44.056388      0.791443      0.041241      0.057218     10.317692
      0.058824      0.579815     -1.040165     -0.954000      0.000000        -79.626855         43.587505      1.131734      0.083855      0.057218     10.317692
      0.068627      0.664403     -0.940825     -1.014785      0.000000        -81.910449         43.077235      1.527418      0.151642      0.057218     10.317692
      0.078431      0.742844     -0.833571     -1.114571      0.000000        -85.857584         42.513833      1.974981      0.251367      0.057218     10.317692
      0.088235      0.813556     -0.712823     -1.290187      0.000000        -93.018621         41.898795      2.470042      0.389415      0.057218     10.317692
      0.098039      0.874149     -0.567596     -1.613976      0.000000       -106.493494         41.299494      3.006989      0.571099      0.057218     10.317692
      0.107843      0.920592     -0.379065     -2.135692      0.000000       -129.155883         41.069179      3.578225      0.798963      0.057218     10.317692
      0.117647      0.946986     -0.148018     -2.227914      0.000000       -138.554744         42.341071      4.172916      1.066993      0.057218     10.317692
      0.127451      0.952361      0.019178     -0.950608      0.000000        -91.265672         45.622872      4.777400      1.353706      0.057218     10.317692
      0.137255      0.947610      0.058430      0.021570      0.000000        -50.288811         48.733453      5.381382      1.640354      0.057218     10.317692
      0.147059      0.942448      0.039609      0.270992      0.000000        -40.172215         50.899732      5.981907      1.923687      0.057218     10.317692
      0.156863      0.939818      0.013197      0.226605      0.000000        -44.002088         52.549981      6.579919      2.204921      0.057218     10.317692
      0.166667      0.939450     -0.003935      0.110093      0.000000        -51.576454         54.043448      7.177029      2.485405      0.057218     10.317692
      0.176471      0.940227     -0.009770      0.012311      0.000000        -58.414515         55.568776      7.774329      2.766065      0.057218     10.317692
      0.186275      0.941173     -0.008121     -0.036399      0.000000        -62.850212         57.195429      8.372218      3.047274      0.057218     10.317692
      0.196078      0.941785     -0.003881     -0.041883      0.000000        -65.022868         58.914110      8.970615      3.328969      0.057218     10.317692
      0.205882      0.941985     -0.000364     -0.025989      0.000000        -65.994581         60.680383      9.569266      3.610907      0.057218     10.317692
      0.215686      0.941922      0.001319     -0.008003      0.000000        -66.803603         62.453037     10.167951      3.892878      0.057218     10.317692
      0.225490      0.941770      0.001498      0.003084      0.000000        -67.983232         64.211145     10.766559      4.174776      0.057218     10.317692
      0.235294      0.941643      0.000954      0.006592      0.000000        -69.604343         65.951831     11.365075      4.456588      0.057218     10.317692
      0.245098      0.941579      0.000322      0.005428      0.000000        -71.513036         67.681110     11.963530      4.738342      0.057218     10.317692
      0.254902      0.941570     -0.000093      0.002723      0.000000        -73.524380         69.406305     12.561963      5.020075      0.057218     10.317692
      0.264706      0.941589     -0.000245      0.000430      0.000000        -75.514432         71.132347     13.160400      5.301813      0.057218     10.317692
      0.274510      0.941614     -0.000218     -0.000772      0.000000        -77.435293         72.861142     13.758852      5.583565      0.057218     10.317692
      0.284314      0.941631     -0.000121     -0.001017      0.000000        -79.292109         74.592484     14.357318      5.865330      0.057218     10.317692
      0.294118      0.941638     -0.000030     -0.000738      0.000000        -81.112134         76.325286     14.955792      6.147102      0.057218     10.317692
      0.303922      0.941638      0.000024     -0.000329      0.000000        -82.922162         78.058485     15.554268      6.428876      0.057218     10.317692
      0.313725      0.941635      0.000040     -0.000017      0.000000        -84.738494         79.791434     16.152742      6.710648      0.057218     10.317692
      0.323529      0.941631      0.000033      0.000134      0.000000        -86.566409         81.523924     16.751214      6.992419      0.057218     10.317692
      0.333333      0.941628      0.000017      0.000156      0.000000        -88.404099         83.256024     17.349684      7.274187      0.057218     10.317692
      0.343137      0.941627      0.000004      0.000109      0.000000        -90.247126         84.987913     17.948153      7.555955      0.057218     10.317692
      0.352941      0.941627     -0.000004      0.000048      0.000000        -92.091437         86.719751     18.546621      7.837722      0.057218     10.317692
      0.362745      0.941628     -0.000007      0.000002      0.000000        -93.934629         88.451634     19.145090      8.119489      0.057218     10.317692
      0.372549      0.941629     -0.000005     -0.000021      0.000000        -95.775938         90.183591     19.743559      8.401257      0.057218     10.317692
      0.382353      0.941629     -0.000003     -0.000025      0.000000        -97.615656         91.915611     20.342029      8.683025      0.057218     10.317692
      0.392157      0.941629     -0.000001     -0.000018      0.000000        -99.454479         93.647667     20.940498      8.964793      0.057218     10.317692
      0.401961      0.941629      0.000001     -0.000009      0.000000       -101.293053         95.379733     21.538968      9.246562      0.057218     10.317692
      0.411765      0.941629      0.000001     -0.000001      0.000000       -103.131784         97.111792     22.137438      9.528330      0.057218     10.317692
      0.421569      0.941629      0.000001      0.000003      0.000000       -104.970816         98.843840     22.735907      9.810098      0.057218     10.317692
      0.431373      0.941629      0.000001      0.000004      0.000000       -106.810123        100.575877     23.334377     10.091866      0.057218     10.317692
      0.441176      0.941629      0.000000      0.000003      0.000000       -108.649599        102.307907     23.932847     10.373634      0.057218     10.317692
      0.450980      0.941629     -0.000000      0.000002      0.000000       -110.489137        104.039934     24.531316     10.655402      0.057218     10.317692
      0.460784      0.941629     -0.000000      0.000000      0.000000       -112.328661        105.771962     25.129786     10.937171      0.057218     10.317692
      0.470588      0.941629     -0.000000     -0.000000      0.000000       -114.168140        107.503992     25.728255     11.218939      0.057218     10.317692
      0.480392      0.941629     -0.000000     -0.000001      0.000000       -116.007570        109.236024     26.326725     11.500707      0.057218     10.317692
      0.490196      0.941629     -0.000000     -0.000001      0.000000       -117.846966        110.968057     26.925194     11.782475      0.057218     10.317692
      0.500000      0.941629     -0.000000     -0.000000      0.000000       -119.686346        112.700091     27.523664     12.064243      0.057218     10.317692
      0.509804      0.941629      0.000000     -0.000000      0.000000       -121.525724        114.432125     28.122133     12.346011      0.057218     10.317692
      0.519608      0.941629      0.000000      0.000000      0.000000       -123.365108        116.164158     28.720603     12.627779      0.057218     10.317692
      0.529412      0.941629      0.000000      0.000000      0.000000       -125.204500        117.896192     29.319072     12.909547      0.057218     10.317692
      0.539216      0.941629      0.000000      0.000000      0.000000       -127.043899        119.628225     29.917542     13.191316      0.057218     10.317692
      0.549020      0.941629      0.000000      0.000000      0.000000       -128.883303        121.360257     30.516011     13.473084      0.057218     10.317692
      0.558824      0.941629      0.000000      0.000000      0.000000       -130.722708        123.092290     31.114481     13.754852      0.057218     10.317692
      0.568627      0.941629     -0.000000     -0.000000      0.000000       -132.562114        124.824323     31.712951     14.036620      0.057218     10.317692
      0.578431      0.941629      0.000000     -0.000000      0.000000       -134.401519        126.556356     32.311420     14.318388      0.057218     10.317692
      0.588235      0.941629      0.000000     -0.000000      0.000000       -136.240926        128.288388     32.909890     14.600156      0.057218     10.317692
      0.598039      0.941629      0.000000     -0.000000      0.000000       -138.080337        130.020421     33.508359     14.881924      0.057218     10.317692
      0.607843      0.941629      0.000000     -0.000000      0.000000       -139.919755        131.752453     34.106829     15.163692      0.057218     10.317692
      0.617647      0.941629      0.000000     -0.000001      0.000000       -141.759189        133.484485     34.705298     15.445461      0.057218     10.317692
      0.627451      0.941629      0.000000     -0.000001      0.000000       -143.598651        135.216515     35.303768     15.727229      0.057218     10.317692
      0.637255      0.941629      0.000000     -0.000002      0.000000       -145.438166        136.948544     35.902237     16.008997      0.057218     10.317692
      0.647059      0.941629      0.000001     -0.000003      0.000000       -147.277778        138.680568     36.500707     16.290765      0.057218     10.317692
      0.656863      0.941629      0.000001     -0.000006      0.000000       -149.117565        140.412586     37.099176     16.572533      0.057218     10.317692
      0.666667      0.941629      0.000002     -0.000011      0.000000       -150.957673        142.144591     37.697646     16.854301      0.057218     10.317692
      0.676471      0.941628      0.000003     -0.000020      0.000000       -152.798363        143.876573     38.296115     17.136069      0.057218     10.317692
      0.686275      0.941628      0.000006     -0.000036      0.000000       -154.640110        145.608512     38.894584     17.417836      0.057218     10.317692
      0.696078      0.941627      0.000011     -0.000065      0.000000       -156.483769        147.340376     39.493053     17.699604      0.057218     10.317692
      0.705882      0.941626      0.000020     -0.000116      0.000000       -158.330878        149.072103     40.091521     17.981370      0.057218     10.317692
      0.715686      0.941623      0.000036     -0.000208      0.000000       -160.184202        150.803583     40.689987     18.263136      0.057218     10.317692
      0.725490      0.941618      0.000064     -0.000371      0.000000       -162.048691        152.534619     41.288451     18.544899      0.057218     10.317692
      0.735294      0.941609      0.000115     -0.000662      0.000000       -163.933184        154.264860     41.886911     18.826658      0.057218     10.317692
      0.745098      0.941593      0.000206     -0.001176      0.000000       -165.853424        155.993681     42.485364     19.108410      0.057218     10.317692
      0.754902      0.941565      0.000366     -0.002086      0.000000       -167.837350        157.719967     43.083802     19.390149      0.057218     10.317692
      0.764706      0.941515      0.000651     -0.003690      0.000000       -169.934308        159.441750     43.682217     19.671865      0.057218     10.317692
      0.774510      0.941426      0.001153     -0.006507      0.000000       -172.230903        161.155561     44.280588     19.953541      0.057218     10.317692
      0.784314      0.941269      0.002038     -0.011428      0.000000       -174.877633        162.855330     44.878884     20.235145      0.057218     10.317692
      0.794118      0.940992      0.003586     -0.019966      0.000000       -178.131916        164.530551     45.477045     20.516621      0.057218     10.317692
      0.803922      0.940505      0.006281     -0.034613      0.000000       -182.422498        166.163344     46.074969     20.797873      0.057218     10.317692
      0.813725      0.939656      0.010925     -0.059304      0.000000       -188.431433        167.724126     46.672479     21.078728      0.057218     10.317692
      0.823529      0.938186      0.018809     -0.099774      0.000000       -197.158424        169.166224     47.269269     21.358887      0.057218     10.317692
      0.833333      0.935677      0.031885     -0.163209      0.000000       -209.859256        170.421742     47.864823     21.637828      0.057218     10.317692
      0.843137      0.931473      0.052827     -0.256109      0.000000       -227.656566        171.404811     48.458285     21.914657      0.057218     10.317692
      0.852941      0.924626      0.084742     -0.379604      0.000000       -250.691322        172.031377     49.048294     22.187877      0.057218     10.317692
      0.862745      0.913892      0.130357     -0.524493      0.000000       -277.235797        172.257099     49.632789     22.455105      0.057218     10.317692
      0.872549      0.897838      0.190941     -0.672035      0.000000       -303.876046        172.111195     50.208848     22.712831      0.057218     10.317692
      0.882353      0.875055      0.265742     -0.802913      0.000000       -327.172450        171.691399     50.772636     22.956434      0.057218     10.317692
      0.892157      0.844378      0.352444     -0.906486      0.000000       -345.316892        171.118977     51.319488     23.180597      0.057218     10.317692
      0.901961      0.805032      0.448186     -0.982197      0.000000       -358.326027        170.493515     51.844117     23.380085      0.057218     10.317692
      0.911765      0.756661      0.550380     -1.035109      0.000000       -367.193681        169.876006     52.340879     23.550641      0.057218     10.317692
      0.921569      0.699288      0.657039     -1.071447      0.000000       -373.082685        169.294681     52.804027     23.689732      0.057218     10.317692
      0.931373      0.633256      0.766762     -1.096450      0.000000       -376.950640        168.757309     53.227933     23.796984      0.057218     10.317692
      0.941176      0.559162      0.878606     -1.113911      0.000000       -379.480298        168.261071     53.607273     23.874255      0.057218     10.317692
      0.950980      0.477807      0.991948     -1.126401      0.000000       -381.127384        167.798397     53.937165     23.925364      0.057218     10.317692
      0.960784      0.390158      1.106376     -1.135620      0.000000       -382.187738        167.359853     54.213296     23.955543      0.057218     10.317692
      0.970588      0.297313      1.221620     -1.142694      0.000000       -382.851867        166.935351     54.432008     23.970696      0.057218     10.317692
      0.980392      0.200474      1.337505     -1.148387      0.000000       -383.242675        166.514525     54.590375     23.976572      0.057218     10.317692
      0.990196      0.100923      1.453920     -1.153235      0.000000       -383.439998        166.086785     54.686263     23.977969      0.057218     10.317692
      1.000000     -0.000000      1.570796     -1.156975      0.000000       -383.494616        165.731582     54.718371     23.978063      0.057218     10.317692
