             t             r           psi            cs            qs                 p               sig             A             V            Q2             S
      0.000000      0.000000     -1.570796     -0.992590      0.000000      -5383.449956       2711.818650     -0.000000     -0.000000      0.009741      6.479107
      0.004902      0.031755     -1.539270     -0.992666      0.000000      -5383.454587       2711.669361      0.003169      0.000001      0.009741      6.479107
      0.009804      0.063479     -1.507742     -0.992746      0.000000      -5383.469382       2711.513249      0.012672      0.000013      0.009741      6.479107
      0.014706      0.095139     -1.476210     -0.992828      0.000000      -5383.495466       2711.359238      0.028500      0.000064      0.009741      6.479107
      0.019608      0.126705     -1.444676     -0.992913      0.000000      -5383.534043       2711.206917      0.050637      0.000202      0.009741      6.479107
      0.024510      0.158145     -1.413140     -0.993001      0.000000      -5383.586465       2711.055877      0.079061      0.000492      0.009741      6.479107
      0.029412      0.189427     -1.381600     -0.993093      0.000000      -5383.654274       2710.905701      0.113744      0.001016      0.009741      6.479107
      0.034314      0.220522     -1.350058     -0.993191      0.000000      -5383.739248       2710.755969      0.154651      0.001874      0.009741      6.479107
      0.039216      0.251396     -1.318512     -0.993294      0.000000      -5383.843440       2710.606253      0.201742      0.003182      0.009741      6.479107
      0.044118      0.282021     -1.286963     -0.993404      0.000000      -5383.969235       2710.456116      0.254970      0.005068      0.009741      6.479107
      0.049020      0.312365     -1.255410     -0.993522      0.000000      -5384.119408       2710.305110      0.314281      0.007676      0.009741      6.479107
      0.053922      0.342399     -1.223854     -0.993649      0.000000      -5384.297201       2710.152771      0.379618      0.011161      0.009741      6.479107
      0.058824      0.372091     -1.192293     -0.993787      0.000000      -5384.506415       2709.998620      0.450914      0.015688      0.009741      6.479107
      0.063725      0.401414     -1.160728     -0.993938      0.000000      -5384.751517       2709.842153      0.528099      0.021430      0.009741      6.479107
      0.068627      0.430336     -1.129157     -0.994103      0.000000      -5385.037778       2709.682841      0.611096      0.028568      0.009741      6.479107
      0.073529      0.458830     -1.097581     -0.994286      0.000000      -5385.371443       2709.520124      0.699823      0.037288      0.009741      6.479107
      0.078431      0.486867     -1.065999     -0.994488      0.000000      -5385.759944       2709.353402      0.794191      0.047778      0.009741      6.479107
      0.083333      0.514419     -1.034411     -0.994714      0.000000      -5386.212160       2709.182029      0.894105      0.060228      0.009741      6.479107
      0.088235      0.541458     -1.002814     -0.994967      0.000000      -5386.738755       2709.005307      0.999467      0.074827      0.009741      6.479107
      0.093137      0.567957     -0.971209     -0.995253      0.000000      -5387.352600       2708.822471      1.110172      0.091761      0.009741      6.479107
      0.098039      0.593890     -0.939595     -0.995576      0.000000      -5388.069322       2708.632680      1.226108      0.111212      0.009741      6.479107
      0.102941      0.619230     -0.907969     -0.995945      0.000000      -5388.908001       2708.435003      1.347161      0.133353      0.009741      6.479107
      0.107843      0.643952     -0.876331     -0.996367      0.000000      -5389.892086       2708.228399      1.473209      0.158351      0.009741      6.479107
      0.112745      0.668030     -0.844679     -0.996854      0.000000      -5391.050594       2708.011699      1.604127      0.186361      0.009741      6.479107
      0.117647      0.691442     -0.813009     -0.997419      0.000000      -5392.419698       2707.783581      1.739783      0.217527      0.009741      6.479107
      0.122549      0.714161     -0.781321     -0.998078      0.000000      -5394.044852       2707.542539      1.880043      0.251976      0.009741      6.479107
      0.127451      0.736166     -0.749610     -0.998854      0.000000      -5395.983665       2707.286847      2.024766      0.289823      0.009741      6.479107
      0.132353      0.757434     -0.717871     -0.999773      0.000000      -5398.309828       2707.014514      2.173807      0.331164      0.009741      6.479107
      0.137255      0.777942     -0.686101     -1.000870      0.000000      -5401.118555       2706.723230      2.327017      0.376078      0.009741      6.479107
      0.142157      0.797669     -0.654293     -1.002192      0.000000      -5404.534219       2706.410296      2.484241      0.424623      0.009741      6.479107
      0.147059      0.816594     -0.622439     -1.003798      0.000000      -5408.721203       2706.072544      2.645323      0.476837      0.009741      6.479107
      0.151961      0.834696     -0.590527     -1.005770      0.000000      -5413.899591       2705.706232      2.810099      0.532738      0.009741      6.479107
      0.156863      0.851955     -0.558546     -1.008217      0.000000      -5420.368194       2705.306918      2.978404      0.592320      0.009741      6.479107
      0.161765      0.868352     -0.526478     -1.011292      0.000000      -5428.538957       2704.869313      3.150067      0.655556      0.009741      6.479107
      0.166667      0.883867     -0.494300     -1.015207      0.000000      -5438.989330       2704.387100      3.324915      0.722395      0.009741      6.479107
      0.171569      0.898481     -0.461979     -1.020266      0.000000      -5452.543516       2703.852751      3.502769      0.792764      0.009741      6.479107
      0.176471      0.912173     -0.429475     -1.026909      0.000000      -5470.401045       2703.257358      3.683448      0.866567      0.009741      6.479107
      0.181373      0.924923     -0.396726     -1.035794      0.000000      -5494.344107       2702.590586      3.866766      0.943684      0.009741      6.479107
      0.186275      0.936710     -0.363646     -1.047917      0.000000      -5527.077104       2701.840980      4.052532      1.023973      0.009741      6.479107
      0.191176      0.947508     -0.330111     -1.064818      0.000000      -5572.786525       2700.997221      4.240552      1.107271      0.009741      6.479107
      0.196078      0.957290     -0.295933     -1.088919      0.000000      -5638.049555       2700.051785      4.430626      1.193390      0.009741      6.479107
      0.200980      0.966020     -0.260827     -1.124021      0.000000      -5733.195419       2699.010698      4.622548      1.282122      0.009741      6.479107
      0.205882      0.973653     -0.224358     -1.175824      0.000000      -5873.754830       2697.918718      4.816104      1.373234      0.009741      6.479107
      0.210784      0.980128     -0.185885     -1.251352      0.000000      -6079.001661       2696.923149      5.011068      1.466468      0.009741      6.479107
      0.215686      0.985360     -0.144595     -1.351966      0.000000      -6353.405409       2696.425344      5.207202      1.561531      0.009741      6.479107
      0.220588      0.989243     -0.100069     -1.443254      0.000000      -6606.023019       2697.358826      5.404247      1.658076      0.009741      6.479107
      0.225490      0.991689     -0.054366     -1.395046      0.000000      -6488.253112       2701.259284      5.601925      1.755686      0.009741      6.479107
      0.230392      0.992757     -0.014685     -1.054200      0.000000      -5584.011298       2708.860787      5.799950      1.853877      0.009741      6.479107
      0.235294      0.992775      0.010844     -0.553326      0.000000      -4241.753250       2718.123689      5.998076      1.952227      0.009741      6.479107
      0.240196      0.992225      0.021727     -0.162213      0.000000      -3189.277596       2726.318476      6.196141      2.050504      0.009741      6.479107
      0.245098      0.991496      0.023035      0.054149      0.000000      -2607.336676       2732.599199      6.394073      2.148639      0.009741      6.479107
      0.250000      0.990812      0.019573      0.148616      0.000000      -2355.361780       2737.314034      6.591862      2.246635      0.009741      6.479107
      0.254902      0.990271      0.014314      0.174356      0.000000      -2289.726880       2740.992269      6.789528      2.344518      0.009741      6.479107
      0.259804      0.989904      0.008877      0.163861      0.000000      -2322.280423       2744.045241      6.987103      2.442318      0.009741      6.479107
      0.264706      0.989701      0.004094      0.135364      0.000000      -2403.505116       2746.756296      7.184622      2.540067      0.009741      6.479107
      0.269608      0.989633      0.000356      0.099448      0.000000      -2504.704278       2749.318674      7.382114      2.637791      0.009741      6.479107
      0.274510      0.989666     -0.002215      0.062730      0.000000      -2607.970190       2751.865343      7.579603      2.735513      0.009741      6.479107
      0.279412      0.989762     -0.003668      0.029596      0.000000      -2701.437766       2754.486050      7.777105      2.833248      0.009741      6.479107
      0.284314      0.989888     -0.004164      0.002891      0.000000      -2777.406456       2757.235816      7.974631      2.931004      0.009741      6.479107
      0.289216      0.990019     -0.003936     -0.015896      0.000000      -2831.822273       2760.139468      8.172182      3.028787      0.009741      6.479107
      0.294118      0.990133     -0.003240     -0.026568      0.000000      -2864.128902       2763.195811      8.369758      3.126594      0.009741      6.479107
      0.299020      0.990222     -0.002324     -0.030060      0.000000      -2876.851258       2766.383512      8.567354      3.224422      0.009741      6.479107
      0.303922      0.990281     -0.001389     -0.028100      0.000000      -2874.675751       2769.668905      8.764966      3.322264      0.009741      6.479107
      0.308824      0.990312     -0.000575     -0.022738      0.000000      -2863.194332       2773.014406      8.962586      3.420116      0.009741      6.479107
      0.313725      0.990320      0.000040     -0.015910      0.000000      -2847.697741       2776.385631      9.160209      3.517971      0.009741      6.479107
      0.318627      0.990311      0.000436     -0.009137      0.000000      -2832.349056       2779.755912      9.357833      3.615826      0.009741      6.479107
      0.323529      0.990294      0.000632     -0.003401      0.000000      -2819.850184       2783.107949      9.555454      3.713678      0.009741      6.479107
      0.328431      0.990273      0.000668      0.000822      0.000000      -2811.512636       2786.433239      9.753071      3.811526      0.009741      6.479107
      0.333333      0.990253      0.000596      0.003453      0.000000      -2807.557709       2789.730215      9.950684      3.909371      0.009741      6.479107
      0.338235      0.990236      0.000464      0.004674      0.000000      -2807.486836       2793.001973     10.148293      4.007211      0.009741      6.479107
      0.343137      0.990223      0.000311      0.004807      0.000000      -2810.421444       2796.254132     10.345899      4.105049      0.009741      6.479107
      0.348039      0.990216      0.000166      0.004210      0.000000      -2815.367514       2799.493134     10.543504      4.202885      0.009741      6.479107
      0.352941      0.990213      0.000048      0.003222      0.000000      -2821.396087       2802.725041     10.741107      4.300719      0.009741      6.479107
      0.357843      0.990212     -0.000037      0.002117      0.000000      -2827.748526       2805.954824     10.938710      4.398554      0.009741      6.479107
      0.362745      0.990215     -0.000088      0.001091      0.000000      -2833.881587       2809.186045     11.136313      4.496388      0.009741      6.479107
      0.367647      0.990218     -0.000109      0.000262      0.000000      -2839.468311       2812.420850     11.333916      4.594224      0.009741      6.479107
      0.372549      0.990221     -0.000107     -0.000321      0.000000      -2844.369698       2815.660145     11.531520      4.692059      0.009741      6.479107
      0.377451      0.990224     -0.000091     -0.000659      0.000000      -2848.590439       2818.903897     11.729125      4.789896      0.009741      6.479107
      0.382353      0.990227     -0.000067     -0.000788      0.000000      -2852.229657       2822.151453     11.926731      4.887733      0.009741      6.479107
      0.387255      0.990229     -0.000042     -0.000762      0.000000      -2855.434962       2825.401846     12.124337      4.985570      0.009741      6.479107
      0.392157      0.990230     -0.000020     -0.000637      0.000000      -2858.365093       2828.654036     12.321943      5.083408      0.009741      6.479107
      0.397059      0.990230     -0.000002     -0.000465      0.000000      -2861.163602       2831.907087     12.519549      5.181246      0.009741      6.479107
      0.401961      0.990230      0.000010     -0.000286      0.000000      -2863.943654       2835.160259     12.717156      5.279084      0.009741      6.479107
      0.406863      0.990229      0.000016     -0.000128      0.000000      -2866.782351       2838.413047     12.914762      5.376921      0.009741      6.479107
      0.411765      0.990229      0.000018     -0.000006      0.000000      -2869.722152       2841.665175     13.112368      5.474759      0.009741      6.479107
      0.416667      0.990228      0.000017      0.000075      0.000000      -2872.776740       2844.916552     13.309974      5.572597      0.009741      6.479107
      0.421569      0.990228      0.000014      0.000118      0.000000      -2875.938948       2848.167227     13.507580      5.670434      0.009741      6.479107
      0.426471      0.990227      0.000010      0.000129      0.000000      -2879.188913       2851.417328     13.705186      5.768272      0.009741      6.479107
      0.431373      0.990227      0.000006      0.000119      0.000000      -2882.501221       2854.667021     13.902792      5.866109      0.009741      6.479107
      0.436275      0.990227      0.000002      0.000095      0.000000      -2885.850376       2857.916473     14.100398      5.963946      0.009741      6.479107
      0.441176      0.990227     -0.000000      0.000066      0.000000      -2889.214410       2861.165829     14.298004      6.061784      0.009741      6.479107
      0.446078      0.990227     -0.000002      0.000038      0.000000      -2892.576758       2864.415195     14.495609      6.159621      0.009741      6.479107
      0.450980      0.990227     -0.000003      0.000014      0.000000      -2895.926736       2867.664642     14.693215      6.257458      0.009741      6.479107
      0.455882      0.990227     -0.000003     -0.000004      0.000000      -2899.259032       2870.914205     14.890821      6.355296      0.009741      6.479107
      0.460784      0.990227     -0.000003     -0.000015      0.000000      -2902.572618       2874.163890     15.088427      6.453133      0.009741      6.479107
      0.465686      0.990227     -0.000002     -0.000020      0.000000      -2905.869434       2877.413684     15.286033      6.550970      0.009741      6.479107
      0.470588      0.990227     -0.000001     -0.000021      0.000000      -2909.153104       2880.663565     15.483639      6.648808      0.009741      6.479107
      0.475490      0.990227     -0.000001     -0.000018      0.000000      -2912.427854       2883.913504     15.681244      6.746645      0.009741      6.479107
      0.480392      0.990227     -0.000000     -0.000014      0.000000      -2915.697722       2887.163474     15.878850      6.844482      0.009741      6.479107
      0.485294      0.990227      0.000000     -0.000009      0.000000      -2918.966052       2890.413455     16.076456      6.942320      0.009741      6.479107
      0.490196      0.990227      0.000000     -0.000005      0.000000      -2922.235264       2893.663430     16.274062      7.040157      0.009741      6.479107
      0.495098      0.990227      0.000000     -0.000001      0.000000      -2925.506836       2896.913390     16.471668      7.137994      0.009741      6.479107
      0.500000      0.990227      0.000000      0.000001      0.000000      -2928.781414       2900.163330     16.669274      7.235832      0.009741      6.479107
      0.504902      0.990227      0.000000      0.000003      0.000000      -2932.059004       2903.413250     16.866880      7.333669      0.009741      6.479107
      0.509804      0.990227      0.000000      0.000003      0.000000      -2935.339195       2906.663153     17.064486      7.431507      0.009741      6.479107
      0.514706      0.990227      0.000000      0.000003      0.000000      -2938.621351       2909.913044     17.262091      7.529344      0.009741      6.479107
      0.519608      0.990227      0.000000      0.000003      0.000000      -2941.904781       2913.162926     17.459697      7.627181      0.009741      6.479107
      0.524510      0.990227      0.000000      0.000002      0.000000      -2945.188851       2916.412804     17.657303      7.725019      0.009741      6.479107
      0.529412      0.990227     -0.000000      0.000001      0.000000      -2948.473053       2919.662681     17.854909      7.822856      0.009741      6.479107
      0.534314      0.990227     -0.000000      0.000001      0.000000      -2951.757035       2922.912559     18.052515      7.920693      0.009741      6.479107
      0.539216      0.990227     -0.000000      0.000000      0.000000      -2955.040596       2926.162441     18.250121      8.018531      0.009741      6.479107
      0.544118      0.990227     -0.000000     -0.000000      0.000000      -2958.323660       2929.412325     18.447727      8.116368      0.009741      6.479107
      0.549020      0.990227     -0.000000     -0.000001      0.000000      -2961.606251       2932.662213     18.645332      8.214206      0.009741      6.479107
      0.553922      0.990227     -0.000000     -0.000001      0.000000      -2964.888452       2935.912103     18.842938      8.312043      0.009741      6.479107
      0.558824      0.990227     -0.000000     -0.000001      0.000000      -2968.170376       2939.161995     19.040544      8.409880      0.009741      6.479107
      0.563725      0.990227     -0.000000     -0.000001      0.000000      -2971.452145       2942.411888     19.238150      8.507718      0.009741      6.479107
      0.568627      0.990227      0.000000     -0.000000      0.000000      -2974.733871       2945.661781     19.435756      8.605555      0.009741      6.479107
      0.573529      0.990227      0.000000     -0.000000      0.000000      -2978.015651       2948.911674     19.633362      8.703392      0.009741      6.479107
      0.578431      0.990227      0.000000     -0.000000      0.000000      -2981.297569       2952.161566     19.830968      8.801230      0.009741      6.479107
      0.583333      0.990227      0.000000     -0.000000      0.000000      -2984.579698       2955.411457     20.028574      8.899067      0.009741      6.479107
      0.588235      0.990227      0.000000     -0.000001      0.000000      -2987.862116       2958.661345     20.226179      8.996905      0.009741      6.479107
      0.593137      0.990227      0.000000     -0.000001      0.000000      -2991.144921       2961.911231     20.423785      9.094742      0.009741      6.479107
      0.598039      0.990227      0.000000     -0.000001      0.000000      -2994.428258       2965.161114     20.621391      9.192579      0.009741      6.479107
      0.602941      0.990227      0.000000     -0.000002      0.000000      -2997.712346       2968.410992     20.818997      9.290417      0.009741      6.479107
      0.607843      0.990227      0.000000     -0.000003      0.000000      -3000.997526       2971.660863     21.016603      9.388254      0.009741      6.479107
      0.612745      0.990227      0.000000     -0.000005      0.000000      -3004.284323       2974.910723     21.214209      9.486091      0.009741      6.479107
      0.617647      0.990227      0.000001     -0.000007      0.000000      -3007.573540       2978.160567     21.411815      9.583929      0.009741      6.479107
      0.622549      0.990227      0.000001     -0.000011      0.000000      -3010.866393       2981.410388     21.609420      9.681766      0.009741      6.479107
      0.627451      0.990227      0.000001     -0.000016      0.000000      -3014.164726       2984.660172     21.807026      9.779603      0.009741      6.479107
      0.632353      0.990227      0.000002     -0.000024      0.000000      -3017.471316       2987.909903     22.004632      9.877441      0.009741      6.479107
      0.637255      0.990227      0.000003     -0.000037      0.000000      -3020.790348       2991.159552     22.202238      9.975278      0.009741      6.479107
      0.642157      0.990227      0.000004     -0.000055      0.000000      -3024.128120       2994.409079     22.399844     10.073115      0.009741      6.479107
      0.647059      0.990227      0.000006     -0.000083      0.000000      -3027.494108       2997.658422     22.597449     10.170953      0.009741      6.479107
      0.651961      0.990227      0.000010     -0.000126      0.000000      -3030.902565       3000.907486     22.795055     10.268790      0.009741      6.479107
      0.656863      0.990226      0.000015     -0.000189      0.000000      -3034.374929       3004.156133     22.992661     10.366627      0.009741      6.479107
      0.661765      0.990226      0.000022     -0.000284      0.000000      -3037.943427       3007.404152     23.190266     10.464464      0.009741      6.479107
      0.666667      0.990225      0.000033     -0.000427      0.000000      -3041.656496       3010.651225     23.387872     10.562301      0.009741      6.479107
      0.671569      0.990224      0.000050     -0.000642      0.000000      -3045.586899       3013.896876     23.585477     10.660138      0.009741      6.479107
      0.676471      0.990222      0.000075     -0.000964      0.000000      -3049.843867       3017.140391     23.783082     10.757974      0.009741      6.479107
      0.681373      0.990219      0.000113     -0.001449      0.000000      -3054.591222       3020.380695     23.980686     10.855810      0.009741      6.479107
      0.686275      0.990214      0.000170     -0.002175      0.000000      -3060.074330       3023.616179     24.178290     10.953646      0.009741      6.479107
      0.691176      0.990208      0.000255     -0.003265      0.000000      -3066.659973       3026.844430     24.375893     11.051480      0.009741      6.479107
      0.696078      0.990198      0.000383     -0.004897      0.000000      -3074.894853       3030.061844     24.573494     11.149312      0.009741      6.479107
      0.700980      0.990183      0.000574     -0.007337      0.000000      -3085.590400       3033.263044     24.771092     11.247142      0.009741      6.479107
      0.705882      0.990160      0.000861     -0.010976      0.000000      -3099.943354       3036.440049     24.968687     11.344969      0.009741      6.479107
      0.710784      0.990126      0.001290     -0.016388      0.000000      -3119.702067       3039.581075     25.166276     11.442790      0.009741      6.479107
      0.715686      0.990076      0.001930     -0.024394      0.000000      -3147.384534       3042.668881     25.363857     11.540602      0.009741      6.479107
      0.720588      0.990001      0.002879     -0.036153      0.000000      -3186.539525       3045.678575     25.561426     11.638402      0.009741      6.479107
      0.725490      0.989888      0.004283     -0.053244      0.000000      -3242.005529       3048.574911     25.758976     11.736184      0.009741      6.479107
      0.730392      0.989722      0.006339     -0.077708      0.000000      -3320.047812       3051.309427     25.956499     11.833938      0.009741      6.479107
      0.735294      0.989476      0.009322     -0.111980      0.000000      -3428.132930       3053.818350     26.153981     11.931649      0.009741      6.479107
      0.740196      0.989116      0.013583     -0.158573      0.000000      -3573.967520       3056.023103     26.351403     12.029299      0.009741      6.479107
      0.745098      0.988595      0.019546     -0.219407      0.000000      -3763.432501       3057.836171     26.548738     12.126855      0.009741      6.479107
      0.750000      0.987851      0.027675     -0.294806      0.000000      -3997.474119       3059.174844     26.745948     12.224274      0.009741      6.479107
      0.754902      0.986810      0.038404     -0.382504      0.000000      -4269.053433       3059.982309     26.942982     12.321493      0.009741      6.479107
      0.759804      0.985382      0.052049     -0.477375      0.000000      -4562.329485       3060.249407     27.139770     12.418423      0.009741      6.479107
      0.764706      0.983473      0.068729     -0.572452      0.000000      -4855.819508       3060.025327     27.336228     12.514951      0.009741      6.479107
      0.769608      0.980989      0.088341     -0.660938      0.000000      -5128.616958       3059.408673     27.532248     12.610928      0.009741      6.479107
      0.774510      0.977841      0.110591     -0.738069      0.000000      -5366.123936       3058.522203     27.727708     12.706179      0.009741      6.479107
      0.779412      0.973955      0.135081     -0.801837      0.000000      -5562.253151       3057.484617     27.922467     12.800502      0.009741      6.479107
      0.784314      0.969269      0.161386     -0.852543      0.000000      -5718.026365       3056.391638     28.116372     12.893675      0.009741      6.479107
      0.789216      0.963735      0.189114     -0.891835      0.000000      -5838.589224       3055.309825     28.309258     12.985466      0.009741      6.479107
      0.794118      0.957318      0.217937     -0.921832      0.000000      -5930.518726       3054.279431     28.500951     13.075635      0.009741      6.479107
      0.799020      0.949994      0.247593     -0.944587      0.000000      -6000.158753       3053.320985     28.691274     13.163946      0.009741      6.479107
      0.803922      0.941747      0.277880     -0.961842      0.000000      -6052.886208       3052.441978     28.880044     13.250164      0.009741      6.479107
      0.808824      0.932567      0.308646     -0.974976      0.000000      -6092.950321       3051.642116     29.067075     13.334068      0.009741      6.479107
      0.813725      0.922451      0.339779     -0.985037      0.000000      -6123.580000       3050.916927     29.252180     13.415446      0.009741      6.479107
      0.818627      0.911398      0.371192     -0.992806      0.000000      -6147.177427       3050.260016     29.435174     13.494103      0.009741      6.479107
      0.823529      0.899412      0.402824     -0.998858      0.000000      -6165.511960       3049.664394     29.615868     13.569861      0.009741      6.479107
      0.828431      0.886499      0.434627     -1.003617      0.000000      -6179.883074       3049.123190     29.794078     13.642561      0.009741      6.479107
      0.833333      0.872668      0.466564     -1.007394      0.000000      -6191.246711       3048.630008     29.969619     13.712064      0.009741      6.479107
      0.838235      0.857930      0.498609     -1.010419      0.000000      -6200.309280       3048.179078     30.142310     13.778254      0.009741      6.479107
      0.843137      0.842297      0.530741     -1.012864      0.000000      -6207.596095       3047.765282     30.311970     13.841035      0.009741      6.479107
      0.848039      0.825782      0.562942     -1.014856      0.000000      -6213.500678       3047.384127     30.478422     13.900335      0.009741      6.479107
      0.852941      0.808402      0.595201     -1.016493      0.000000      -6218.320179       3047.031694     30.641492     13.956104      0.009741      6.479107
      0.857843      0.790174      0.627507     -1.017849      0.000000      -6222.280811       3046.704573     30.801009     14.008317      0.009741      6.479107
      0.862745      0.771114      0.659853     -1.018979      0.000000      -6225.556210       3046.399793     30.956805     14.056968      0.009741      6.479107
      0.867647      0.751242      0.692232     -1.019929      0.000000      -6228.280733       3046.114769     31.108716     14.102077      0.009741      6.479107
      0.872549      0.730578      0.724638     -1.020733      0.000000      -6230.559174       3045.847245     31.256582     14.143684      0.009741      6.479107
      0.877451      0.709144      0.757068     -1.021417      0.000000      -6232.473888       3045.595245     31.400247     14.181851      0.009741      6.479107
      0.882353      0.686960      0.789518     -1.022003      0.000000      -6234.090078       3045.357035     31.539560     14.216657      0.009741      6.479107
      0.887255      0.664051      0.821986     -1.022507      0.000000      -6235.459728       3045.131083     31.674373     14.248202      0.009741      6.479107
      0.892157      0.640439      0.854468     -1.022944      0.000000      -6236.624564       3044.916035     31.804544     14.276604      0.009741      6.479107
      0.897059      0.616150      0.886963     -1.023325      0.000000      -6237.618290       3044.710684     31.929935     14.301993      0.009741      6.479107
      0.901961      0.591209      0.919470     -1.023658      0.000000      -6238.468300       3044.513953     32.050413     14.324517      0.009741      6.479107
      0.906863      0.565643      0.951986     -1.023952      0.000000      -6239.196985       3044.324871     32.165852     14.344334      0.009741      6.479107
      0.911765      0.539477      0.984511     -1.024212      0.000000      -6239.822747       3044.142560     32.276128     14.361611      0.009741      6.479107
      0.916667      0.512739      1.017044     -1.024442      0.000000      -6240.360791       3043.966224     32.381126     14.376527      0.009741      6.479107
      0.921569      0.485458      1.049584     -1.024649      0.000000      -6240.823741       3043.795130     32.480733     14.389263      0.009741      6.479107
      0.926471      0.457663      1.082131     -1.024834      0.000000      -6241.222125       3043.628605     32.574844     14.400007      0.009741      6.479107
      0.931373      0.429382      1.114682     -1.025001      0.000000      -6241.564763       3043.466025     32.663359     14.408948      0.009741      6.479107
      0.936275      0.400646      1.147239     -1.025153      0.000000      -6241.859076       3043.306807     32.746185     14.416275      0.009741      6.479107
      0.941176      0.371484      1.179801     -1.025292      0.000000      -6242.111330       3043.150400     32.823233     14.422175      0.009741      6.479107
      0.946078      0.341929      1.212366     -1.025418      0.000000      -6242.326835       3042.996286     32.894422     14.426830      0.009741      6.479107
      0.950980      0.312011      1.244936     -1.025536      0.000000      -6242.510110       3042.843969     32.959677     14.430417      0.009741      6.479107
      0.955882      0.281762      1.277509     -1.025644      0.000000      -6242.665009       3042.692974     33.018928     14.433104      0.009741      6.479107
      0.960784      0.251214      1.310085     -1.025745      0.000000      -6242.794829       3042.542842     33.072112     14.435048      0.009741      6.479107
      0.965686      0.220399      1.342665     -1.025840      0.000000      -6242.902403       3042.393127     33.119173     14.436397      0.009741      6.479107
      0.970588      0.189350      1.375247     -1.025930      0.000000      -6242.990167       3042.243394     33.160060     14.437282      0.009741      6.479107
      0.975490      0.158100      1.407832     -1.026015      0.000000      -6243.060224       3042.093217     33.194731     14.437824      0.009741      6.479107
      0.980392      0.126682      1.440420     -1.026096      0.000000      -6243.114396       3041.942175     33.223148     14.438123      0.009741      6.479107
      0.985294      0.095129      1.473011     -1.026174      0.000000      -6243.154270       3041.789854     33.245282     14.438266      0.009741      6.479107
      0.990196      0.063476      1.505604     -1.026250      0.000000      -6243.181235       3041.635842     33.261109     14.438319      0.009741      6.479107
      0.995098      0.031755      1.538199     -1.026324      0.000000      -6243.196531       3041.479731     33.270612     14.438331      0.009741      6.479107
      1.000000     -0.000000      1.570796     -1.026393      0.000000      -6243.201320       3041.330441     33.273780     14.438332      0.009741      6.479107
