             t             r           psi            cs            qs                 p               sig             A             V            Q2             S
      0.000000     -0.000000     -1.570796     -0.974760      0.000000       -443.765430        227.627941      0.000000      0.000000      0.045725      4.241740
      0.009804      0.041574     -1.530252     -0.975444      0.000000       -443.771330        227.529436      0.005432      0.000002      0.045725      4.241740
      0.019608      0.083080     -1.489664     -0.976615      0.000000       -443.795821        227.342404      0.021720      0.000037      0.045725      4.241740
      0.029412      0.124449     -1.449026     -0.977814      0.000000       -443.839592        227.158665      0.048836      0.000185      0.045725      4.241740
      0.039216      0.165613     -1.408337     -0.979073      0.000000       -443.905346        226.977418      0.086737      0.000582      0.045725      4.241740
      0.049020      0.206503     -1.367594     -0.980412      0.000000       -443.996282        226.797866      0.135359      0.001414      0.045725      4.241740
      0.058824      0.247050     -1.326793     -0.981851      0.000000       -444.116237        226.619206      0.194622      0.002916      0.045725      4.241740
      0.068627      0.287188     -1.285930     -0.983415      0.000000       -444.269846        226.440632      0.264427      0.005367      0.045725      4.241740
      0.078431      0.326847     -1.244999     -0.985130      0.000000       -444.462741        226.261328      0.344659      0.009085      0.045725      4.241740
      0.088235      0.365962     -1.203993     -0.987031      0.000000       -444.701791        226.080463      0.435184      0.014424      0.045725      4.241740
      0.098039      0.404464     -1.162903     -0.989156      0.000000       -444.995421        225.897185      0.535850      0.021767      0.045725      4.241740
      0.107843      0.442287     -1.121719     -0.991554      0.000000       -445.354016        225.710615      0.646490      0.031518      0.045725      4.241740
      0.117647      0.479367     -1.080430     -0.994283      0.000000       -445.790454        225.519841      0.766916      0.044099      0.045725      4.241740
      0.127451      0.515636     -1.039018     -0.997415      0.000000       -446.320800        225.323910      0.896927      0.059939      0.045725      4.241740
      0.137255      0.551031     -0.997466     -1.001042      0.000000       -446.965224        225.121823      1.036302      0.079469      0.045725      4.241740
      0.147059      0.585487     -0.955752     -1.005275      0.000000       -447.749235        224.912529      1.184804      0.103114      0.045725      4.241740
      0.156863      0.618940     -0.913846     -1.010258      0.000000       -448.705319        224.694927      1.342179      0.131284      0.045725      4.241740
      0.166667      0.651326     -0.871714     -1.016176      0.000000       -449.875169        224.467872      1.508157      0.164369      0.045725      4.241740
      0.176471      0.682581     -0.829313     -1.023266      0.000000       -451.312697        224.230194      1.682451      0.202730      0.045725      4.241740
      0.186275      0.712640     -0.786587     -1.031834      0.000000       -453.088136        223.980743      1.864757      0.246691      0.045725      4.241740
      0.196078      0.741440     -0.743468     -1.042285      0.000000       -455.293612        223.718467      2.054754      0.296536      0.045725      4.241740
      0.205882      0.768912     -0.699866     -1.055151      0.000000       -458.050651        223.442565      2.252104      0.352498      0.045725      4.241740
      0.215686      0.794988     -0.655666     -1.071131      0.000000       -461.520050        223.152751      2.456451      0.414753      0.045725      4.241740
      0.225490      0.819596     -0.610722     -1.091151      0.000000       -465.914264        222.849724      2.667422      0.483420      0.045725      4.241740
      0.235294      0.842656     -0.564841     -1.116415      0.000000       -471.511156        222.535993      2.884622      0.558549      0.045725      4.241740
      0.245098      0.864086     -0.517775     -1.148440      0.000000       -478.664420        222.217319      3.107636      0.640116      0.045725      4.241740
      0.254902      0.883788     -0.469205     -1.189009      0.000000       -487.796384        221.905228      3.336026      0.728020      0.045725      4.241740
      0.264706      0.901655     -0.418740     -1.239854      0.000000       -499.335710        221.621302      3.569328      0.822070      0.045725      4.241740
      0.274510      0.917562     -0.365932     -1.301651      0.000000       -513.511317        221.404223      3.807044      0.921977      0.045725      4.241740
      0.284314      0.931365     -0.310364     -1.371529      0.000000       -529.823503        221.320169      4.048645      1.027334      0.045725      4.241740
      0.294118      0.942911     -0.251900     -1.437967      0.000000       -545.943988        221.474476      4.293561      1.137594      0.045725      4.241740
      0.303922      0.952052     -0.191184     -1.473632      0.000000       -556.112260        222.013609      4.541183      1.252042      0.045725      4.241740
      0.313725      0.958703     -0.130381     -1.433944      0.000000       -550.626601        223.091298      4.790868      1.369788      0.045725      4.241740
      0.323529      0.962913     -0.073550     -1.278415      0.000000       -520.160058        224.776373      5.041970      1.489807      0.045725      4.241740
      0.333333      0.964935     -0.025612     -1.012670      0.000000       -464.951700        226.953110      5.293877      1.611083      0.045725      4.241740
      0.343137      0.965215      0.010008     -0.699082      0.000000       -397.925650        229.342849      5.546075      1.732784      0.045725      4.241740
      0.352941      0.964281      0.032891     -0.410015      0.000000       -335.092930        231.658291      5.798175      1.854367      0.045725      4.241740
      0.362745      0.962629      0.045005     -0.184337      0.000000       -285.639564        233.727147      6.049928      1.975552      0.045725      4.241740
      0.372549      0.960649      0.049172     -0.026656      0.000000       -251.126884        235.499058      6.301199      2.096233      0.045725      4.241740
      0.382353      0.958615      0.048005      0.074596      0.000000       -229.262861        236.994910      6.551940      2.216398      0.045725      4.241740
      0.392157      0.956703      0.043547      0.133964      0.000000       -216.890393        238.262063      6.802163      2.336084      0.045725      4.241740
      0.401961      0.955019      0.037271      0.163789      0.000000       -211.247113        239.350768      7.051915      2.455347      0.045725      4.241740
      0.411765      0.953615      0.030205      0.173270      0.000000       -210.241448        240.305272      7.301263      2.574254      0.045725      4.241740
      0.421569      0.952508      0.023050      0.168956      0.000000       -212.373248        241.161884      7.550282      2.692874      0.045725      4.241740
      0.431373      0.951692      0.016279      0.155469      0.000000       -216.581436        241.949608      7.799051      2.811275      0.045725      4.241740
      0.441176      0.951145      0.010201      0.136114      0.000000       -222.110135        242.691428      8.047642      2.929519      0.045725      4.241740
      0.450980      0.950832      0.005006      0.113300      0.000000       -228.411159        243.405518      8.296122      3.047664      0.045725      4.241740
      0.460784      0.950715      0.000800      0.088821      0.000000       -235.078877        244.106191      8.544546      3.165759      0.045725      4.241740
      0.470588      0.950751     -0.002377      0.064032      0.000000       -241.809404        244.804548      8.792961      3.283845      0.045725      4.241740
      0.480392      0.950898     -0.004535      0.039944      0.000000       -248.377018        245.508904      9.041401      3.401955      0.045725      4.241740
      0.490196      0.951115     -0.005719      0.017277      0.000000       -254.622349        246.225033      9.289888      3.520110      0.045725      4.241740
      0.500000      0.951361     -0.005998     -0.003526      0.000000       -260.448168        246.956302      9.538438      3.638322      0.045725      4.241740
      0.509804      0.951602     -0.005454     -0.022290      0.000000       -265.819387        247.703753      9.787051      3.756596      0.045725      4.241740
      0.519608      0.951805     -0.004171     -0.039117      0.000000       -270.764471        248.466171     10.035724      3.874926      0.045725      4.241740
      0.529412      0.951940     -0.002223     -0.054378      0.000000       -275.375974        249.240175     10.284441      3.993300      0.045725      4.241740
      0.539216      0.951981      0.000338     -0.068702      0.000000       -279.808504        250.020349     10.533181      4.111697      0.045725      4.241740
      0.549020      0.951903      0.003490     -0.082948      0.000000       -284.273111        250.799419     10.781918      4.230089      0.045725      4.241740
      0.558824      0.951682      0.007251     -0.098159      0.000000       -289.027652        251.568464     11.030616      4.348443      0.045725      4.241740
      0.568627      0.951291      0.011684     -0.115508      0.000000       -294.363031        252.317161     11.279234      4.466719      0.045725      4.241740
      0.578431      0.950700      0.016904     -0.136217      0.000000       -300.585203        253.034063     11.527725      4.584866      0.045725      4.241740
      0.588235      0.949872      0.023076     -0.161477      0.000000       -307.992655        253.706939     11.776032      4.702826      0.045725      4.241740
      0.598039      0.948764      0.030412     -0.192337      0.000000       -316.849046        254.323199     12.024086      4.820528      0.045725      4.241740
      0.607843      0.947323      0.039162     -0.229587      0.000000       -327.351374        254.870468     12.271809      4.937887      0.045725      4.241740
      0.617647      0.945485      0.049602     -0.273631      0.000000       -339.595863        255.337330     12.519105      5.054798      0.045725      4.241740
      0.627451      0.943172      0.062014     -0.324371      0.000000       -353.546647        255.714240     12.765860      5.171131      0.045725      4.241740
      0.637255      0.940299      0.076664     -0.381130      0.000000       -369.015359        255.994510     13.011940      5.286731      0.045725      4.241740
      0.647059      0.936769      0.093779     -0.442649      0.000000       -385.660867        256.175206     13.257186      5.401407      0.045725      4.241740
      0.656863      0.932475      0.113522     -0.507185      0.000000       -403.015658        256.257727     13.501412      5.514933      0.045725      4.241740
      0.666667      0.927311      0.135976     -0.572704      0.000000       -420.538086        256.247877     13.744404      5.627044      0.045725      4.241740
      0.676471      0.921165      0.161139     -0.637134      0.000000       -437.680458        256.155319     13.985921      5.737437      0.045725      4.241740
      0.686275      0.913932      0.188926     -0.698615      0.000000       -453.956421        255.992526     14.225693      5.845770      0.045725      4.241740
      0.696078      0.905513      0.219182     -0.755695      0.000000       -468.991323        255.773426     14.463422      5.951674      0.045725      4.241740
      0.705882      0.895820      0.251704     -0.807425      0.000000       -482.546056        255.512052     14.698786      6.054757      0.045725      4.241740
      0.715686      0.884776      0.286256     -0.853352      0.000000       -494.514437        255.221442     14.931443      6.154616      0.045725      4.241740
      0.725490      0.872317      0.322597     -0.893445      0.000000       -504.901503        254.912907     15.161030      6.250846      0.045725      4.241740
      0.735294      0.858394      0.360488     -0.927985      0.000000       -513.792801        254.595692     15.387171      6.343058      0.045725      4.241740
      0.745098      0.842970      0.399709     -0.957446      0.000000       -521.323340        254.276951     15.609480      6.430883      0.045725      4.241740
      0.754902      0.826022      0.440058     -0.982397      0.000000       -527.651526        253.961926     15.827559      6.513991      0.045725      4.241740
      0.764706      0.807537      0.481362     -1.003434      0.000000       -532.940129        253.654238     16.041009      6.592092      0.045725      4.241740
      0.774510      0.787516      0.523469     -1.021128      0.000000       -537.344065        253.356205     16.249429      6.664951      0.045725      4.241740
      0.784314      0.765965      0.566251     -1.036000      0.000000       -541.003672        253.069141     16.452417      6.732391      0.045725      4.241740
      0.794118      0.742904      0.609602     -1.048508      0.000000       -544.041896        252.793620     16.649576      6.794296      0.045725      4.241740
      0.803922      0.718356      0.653430     -1.059049      0.000000       -546.563977        252.529686     16.840515      6.850618      0.045725      4.241740
      0.813725      0.692355      0.697661     -1.067956      0.000000       -548.658554        252.277015     17.024849      6.901372      0.045725      4.241740
      0.823529      0.664938      0.742234     -1.075508      0.000000       -550.399461        252.035040     17.202203      6.946641      0.045725      4.241740
      0.833333      0.636152      0.787097     -1.081938      0.000000       -551.847743        251.803039     17.372214      6.986570      0.045725      4.241740
      0.843137      0.606045      0.832208     -1.087436      0.000000       -553.053633        251.580198     17.534529      7.021362      0.045725      4.241740
      0.852941      0.574672      0.877530     -1.092163      0.000000       -554.058359        251.365657     17.688811      7.051275      0.045725      4.241740
      0.862745      0.542093      0.923036     -1.096247      0.000000       -554.895718        251.158534     17.834737      7.076615      0.045725      4.241740
      0.872549      0.508370      0.968699     -1.099796      0.000000       -555.593413        250.957944     17.971999      7.097728      0.045725      4.241740
      0.882353      0.473570      1.014501     -1.102900      0.000000       -556.174174        250.763014     18.100308      7.114992      0.045725      4.241740
      0.892157      0.437763      1.060424     -1.105631      0.000000       -556.656673        250.572882     18.219390      7.128808      0.045725      4.241740
      0.901961      0.401023      1.106454     -1.108051      0.000000       -557.056279        250.386701     18.328993      7.139593      0.045725      4.241740
      0.911765      0.363424      1.152578     -1.110211      0.000000       -557.385668        250.203642     18.428882      7.147767      0.045725      4.241740
      0.921569      0.325046      1.198788     -1.112154      0.000000       -557.655317        250.022886     18.518844      7.153746      0.045725      4.241740
      0.931373      0.285969      1.245075     -1.113918      0.000000       -557.873907        249.843626     18.598684      7.157932      0.045725      4.241740
      0.941176      0.246276      1.291432     -1.115532      0.000000       -558.048647        249.665060     18.668232      7.160705      0.045725      4.241740
      0.950980      0.206050      1.337854     -1.117023      0.000000       -558.185539        249.486394     18.727337      7.162412      0.045725      4.241740
      0.960784      0.165379      1.384335     -1.118416      0.000000       -558.289591        249.306831     18.775871      7.163361      0.045725      4.241740
      0.970588      0.124350      1.430873     -1.119730      0.000000       -558.364996        249.125577     18.813730      7.163816      0.045725      4.241740
      0.980392      0.083051      1.477464     -1.120985      0.000000       -558.415284        248.941833     18.840831      7.163986      0.045725      4.241740
      0.990196      0.041571      1.524106     -1.122216      0.000000       -558.443463        248.754800     18.857115      7.164025      0.045725      4.241740
      1.000000      0.000000      1.570796     -1.122936      0.000000       -558.450258        248.656295     18.862547      7.164028      0.045725      4.241740
