             t             r           psi            cs            qs                 p               sig             A             V            Q2             S
      0.000000      0.000000     -1.570796      0.944372      0.000000       -102.174121         54.096316      0.000000      0.000000     -0.295179      3.580990
      0.009804      0.035101     -1.537627      0.946177      0.000000       -102.177474         54.034766      0.003872      0.000001     -0.295179      3.580990
      0.019608      0.070164     -1.504345      0.949791      0.000000       -102.193076         53.894274      0.015483      0.000018     -0.295179      3.580990
      0.029412      0.105149     -1.470937      0.953432      0.000000       -102.220640         53.756391      0.034821      0.000091     -0.295179      3.580990
      0.039216      0.140016     -1.437398      0.957215      0.000000       -102.261519         53.620732      0.061864      0.000288     -0.295179      3.580990
      0.049020      0.174727     -1.403723      0.961187      0.000000       -102.317258         53.486920      0.096581      0.000702     -0.295179      3.580990
      0.058824      0.209241     -1.369905      0.965389      0.000000       -102.389637         53.354585      0.138935      0.001452     -0.295179      3.580990
      0.068627      0.243517     -1.335935      0.969869      0.000000       -102.480730         53.223368      0.188876      0.002681     -0.295179      3.580990
      0.078431      0.277515     -1.301801      0.974677      0.000000       -102.592953         53.092920      0.246348      0.004555     -0.295179      3.580990
      0.088235      0.311194     -1.267493      0.979872      0.000000       -102.729139         52.962903      0.311286      0.007261     -0.295179      3.580990
      0.098039      0.344512     -1.232994      0.985523      0.000000       -102.892609         52.832990      0.383613      0.011007     -0.295179      3.580990
      0.107843      0.377427     -1.198287      0.991707      0.000000       -103.087268         52.702872      0.463247      0.016015     -0.295179      3.580990
      0.117647      0.409897     -1.163353      0.998515      0.000000       -103.317724         52.572255      0.550093      0.022525     -0.295179      3.580990
      0.127451      0.441880     -1.128168      1.006052      0.000000       -103.589417         52.440868      0.644048      0.030787     -0.295179      3.580990
      0.137255      0.473331     -1.092703      1.014443      0.000000       -103.908790         52.308469      0.745001      0.041062     -0.295179      3.580990
      0.147059      0.504208     -1.056926      1.023833      0.000000       -104.283486         52.174849      0.852829      0.053615     -0.295179      3.580990
      0.156863      0.534463     -1.020800      1.034393      0.000000       -104.722582         52.039851      0.967400      0.068718     -0.295179      3.580990
      0.166667      0.564053     -0.984280      1.046327      0.000000       -105.236874         51.903382      1.088572      0.086640     -0.295179      3.580990
      0.176471      0.592928     -0.947313      1.059874      0.000000       -105.839197         51.765438      1.216194      0.107649     -0.295179      3.580990
      0.186275      0.621040     -0.909838      1.075316      0.000000       -106.544786         51.626137      1.350102      0.132004     -0.295179      3.580990
      0.196078      0.648339     -0.871783      1.092985      0.000000       -107.371671         51.485764      1.490123      0.159958     -0.295179      3.580990
      0.205882      0.674771     -0.833063      1.113266      0.000000       -108.341044         51.344838      1.636071      0.191744     -0.295179      3.580990
      0.215686      0.700279     -0.793579      1.136602      0.000000       -109.477536         51.204198      1.787748      0.227582     -0.295179      3.580990
      0.225490      0.724804     -0.753215      1.163489      0.000000       -110.809244         51.065130      1.944946      0.267668     -0.295179      3.580990
      0.235294      0.748283     -0.711836      1.194459      0.000000       -112.367217         50.929539      2.107438      0.312171     -0.295179      3.580990
      0.245098      0.770647     -0.669291      1.230040      0.000000       -114.183906         50.800182      2.274989      0.361228     -0.295179      3.580990
      0.254902      0.791821     -0.625409      1.270672      0.000000       -116.289732         50.680986      2.447343      0.414941     -0.295179      3.580990
      0.264706      0.811725     -0.580009      1.316553      0.000000       -118.706413         50.577460      2.624229      0.473366     -0.295179      3.580990
      0.274510      0.830271     -0.532909      1.367376      0.000000       -121.435067         50.497206      2.805357      0.536509     -0.295179      3.580990
      0.284314      0.847365     -0.483954      1.421903      0.000000       -124.436557         50.450498      2.990419      0.604313     -0.295179      3.580990
      0.294118      0.862908     -0.433057      1.477341      0.000000       -127.601911         50.450809      3.179081      0.676653     -0.295179      3.580990
      0.303922      0.876798     -0.380270      1.528576      0.000000       -130.713560         50.515040      3.370992      0.753318     -0.295179      3.580990
      0.313725      0.888939     -0.325871      1.567481      0.000000       -133.406504         50.662984      3.565775      0.834003     -0.295179      3.580990
      0.323529      0.899254     -0.270482      1.582877      0.000000       -135.153825         50.915385      3.763037      0.918304     -0.295179      3.580990
      0.333333      0.907692     -0.215154      1.561983      0.000000       -135.317421         51.290065      3.962367      1.005715     -0.295179      3.580990
      0.343137      0.914254     -0.161361      1.493955      0.000000       -133.299689         51.796361      4.163352      1.095652     -0.295179      3.580990
      0.352941      0.919005     -0.110858      1.374715      0.000000       -128.775973         52.429625      4.365582      1.187490     -0.295179      3.580990
      0.362745      0.922078     -0.065366      1.210408      0.000000       -121.894778         53.168811      4.568672      1.280614     -0.295179      3.580990
      0.372549      0.923665     -0.026215      1.016648      0.000000       -113.298571         53.979455      4.772272      1.374472     -0.295179      3.580990
      0.382353      0.924000      0.005909      0.813467      0.000000       -103.924664         54.821287      4.976079      1.468615     -0.295179      3.580990
      0.392157      0.923332      0.031009      0.619143      0.000000        -94.708753         55.656817      5.179846      1.562709     -0.295179      3.580990
      0.401961      0.921899      0.049636      0.446283      0.000000        -86.360558         56.457211      5.383376      1.656525     -0.295179      3.580990
      0.411765      0.919914      0.062671      0.301119      0.000000        -79.287444         57.204160      5.586526      1.749920     -0.295179      3.580990
      0.421569      0.917556      0.071119      0.184888      0.000000        -73.633607         57.888718      5.789194      1.842810     -0.295179      3.580990
      0.431373      0.914967      0.075970      0.095774      0.000000        -69.365550         58.508815      5.991313      1.935157     -0.295179      3.580990
      0.441176      0.912258      0.078123      0.030535      0.000000        -66.353924         59.066708      6.192847      2.026945     -0.295179      3.580990
      0.450980      0.909509      0.078351     -0.014445      0.000000        -64.432145         59.566975      6.393778      2.118176     -0.295179      3.580990
      0.460784      0.906777      0.077306     -0.042593      0.000000        -63.431248         60.015135      6.594103      2.208862     -0.295179      3.580990
      0.470588      0.904095      0.075523     -0.056904      0.000000        -63.197305         60.416812      6.793830      2.299018     -0.295179      3.580990
      0.480392      0.901482      0.073443     -0.059881      0.000000        -63.598099         60.777265      6.992974      2.388660     -0.295179      3.580990
      0.490196      0.898942      0.071427     -0.053563      0.000000        -64.523983         61.101167      7.191549      2.477805     -0.295179      3.580990
      0.500000      0.896467      0.069771     -0.039583      0.000000        -65.885981         61.392513      7.389571      2.566467     -0.295179      3.580990
      0.509804      0.894040      0.068722     -0.019239      0.000000        -67.612842         61.654626      7.587053      2.654653     -0.295179      3.580990
      0.519608      0.891636      0.068483      0.006442      0.000000        -69.647901         61.890187      7.784003      2.742369     -0.295179      3.580990
      0.529412      0.889224      0.069227      0.036646      0.000000        -71.946123         62.101299      7.980422      2.829611     -0.295179      3.580990
      0.539216      0.886766      0.071101      0.070725      0.000000        -74.471468         62.289550      8.176304      2.916370     -0.295179      3.580990
      0.549020      0.884221      0.074232      0.108157      0.000000        -77.194570         62.456086      8.371636      3.002625     -0.295179      3.580990
      0.558824      0.881543      0.078729      0.148509      0.000000        -80.090721         62.601690      8.566393      3.088350     -0.295179      3.580990
      0.568627      0.878682      0.084689      0.191409      0.000000        -83.138105         62.726851      8.760539      3.173502     -0.295179      3.580990
      0.578431      0.875585      0.092195      0.236523      0.000000        -86.316274         62.831850      8.954029      3.258032     -0.295179      3.580990
      0.588235      0.872198      0.101319      0.283531      0.000000        -89.604866         62.916833      9.146806      3.341874     -0.295179      3.580990
      0.598039      0.868464      0.112122      0.332110      0.000000        -92.982586         62.981895      9.338798      3.424952     -0.295179      3.580990
      0.607843      0.864322      0.124653      0.381921      0.000000        -96.426506         63.027150      9.529922      3.507171     -0.295179      3.580990
      0.617647      0.859714      0.138949      0.432604      0.000000        -99.911704         63.052807      9.720082      3.588426     -0.295179      3.580990
      0.627451      0.854577      0.155034      0.483773      0.000000       -103.411294         63.059219      9.909169      3.668595     -0.295179      3.580990
      0.637255      0.848851      0.172918      0.535018      0.000000       -106.896836         63.046935     10.097059      3.747542     -0.295179      3.580990
      0.647059      0.842476      0.192597      0.585918      0.000000       -110.339077         63.016715     10.283615      3.825117     -0.295179      3.580990
      0.656863      0.835392      0.214050      0.636052      0.000000       -113.708953         62.969543     10.468687      3.901157     -0.295179      3.580990
      0.666667      0.827542      0.237244      0.685012      0.000000       -116.978722         62.906610     10.652114      3.975489     -0.295179      3.580990
      0.676471      0.818872      0.262130      0.732420      0.000000       -120.123092         62.829282     10.833719      4.047929     -0.295179      3.580990
      0.686275      0.809330      0.288649      0.777945      0.000000       -123.120210         62.739058     11.013317      4.118288     -0.295179      3.580990
      0.696078      0.798870      0.316728      0.821309      0.000000       -125.952406         62.637517     11.190710      4.186376     -0.295179      3.580990
      0.705882      0.787447      0.346290      0.862300      0.000000       -128.606634         62.526268     11.365689      4.252001     -0.295179      3.580990
      0.715686      0.775026      0.377246      0.900772      0.000000       -131.074583         62.406893     11.538040      4.314976     -0.295179      3.580990
      0.725490      0.761573      0.409507      0.936642      0.000000       -133.352487         62.280910     11.707537      4.375126     -0.295179      3.580990
      0.735294      0.747061      0.442982      0.969889      0.000000       -135.440705         62.149729     11.873950      4.432286     -0.295179      3.580990
      0.745098      0.731470      0.477578      1.000544      0.000000       -137.343124         62.014631     12.037044      4.486308     -0.295179      3.580990
      0.754902      0.714784      0.513206      1.028681      0.000000       -139.066487         61.876750     12.196577      4.537067     -0.295179      3.580990
      0.764706      0.696994      0.549779      1.054409      0.000000       -140.619690         61.737064     12.352309      4.584462     -0.295179      3.580990
      0.774510      0.678096      0.587215      1.077860      0.000000       -142.013122         61.596401     12.503994      4.628418     -0.295179      3.580990
      0.784314      0.658093      0.625437      1.099185      0.000000       -143.258080         61.455436     12.651388      4.668891     -0.295179      3.580990
      0.794118      0.636992      0.664372      1.118541      0.000000       -144.366263         61.314708     12.794248      4.705869     -0.295179      3.580990
      0.803922      0.614806      0.703955      1.136090      0.000000       -145.349382         61.174629     12.932334      4.739372     -0.295179      3.580990
      0.813725      0.591553      0.744124      1.151991      0.000000       -146.218846         61.035494     13.065408      4.769451     -0.295179      3.580990
      0.823529      0.567255      0.784825      1.166400      0.000000       -146.985551         60.897503     13.193237      4.796194     -0.295179      3.580990
      0.833333      0.541941      0.826007      1.179462      0.000000       -147.659732         60.760763     13.315593      4.819715     -0.295179      3.580990
      0.843137      0.515642      0.867627      1.191317      0.000000       -148.250878         60.625310     13.432256      4.840160     -0.295179      3.580990
      0.852941      0.488394      0.909644      1.202093      0.000000       -148.767691         60.491113     13.543013      4.857703     -0.295179      3.580990
      0.862745      0.460236      0.952021      1.211908      0.000000       -149.218084         60.358085     13.647657      4.872537     -0.295179      3.580990
      0.872549      0.431212      0.994728      1.220871      0.000000       -149.609200         60.226094     13.745994      4.884879     -0.295179      3.580990
      0.882353      0.401368      1.037737      1.229079      0.000000       -149.947449         60.094966     13.837838      4.894960     -0.295179      3.580990
      0.892157      0.370755      1.081021      1.236623      0.000000       -150.238555         59.964492     13.923012      4.903020     -0.295179      3.580990
      0.901961      0.339426      1.124560      1.243585      0.000000       -150.487609         59.834433     14.001354      4.909307     -0.295179      3.580990
      0.911765      0.307435      1.168334      1.250038      0.000000       -150.699125         59.704526     14.072710      4.914070     -0.295179      3.580990
      0.921569      0.274840      1.212327      1.256050      0.000000       -150.877094         59.574483     14.136942      4.917553     -0.295179      3.580990
      0.931373      0.241703      1.256524      1.261681      0.000000       -151.025033         59.443996     14.193924      4.919992     -0.295179      3.580990
      0.941176      0.208085      1.300913      1.266988      0.000000       -151.146044         59.312739     14.243541      4.921608     -0.295179      3.580990
      0.950980      0.174051      1.345483      1.272022      0.000000       -151.242852         59.180370     14.285695      4.922603     -0.295179      3.580990
      0.960784      0.139666      1.390226      1.276831      0.000000       -151.317852         59.046534     14.320302      4.923157     -0.295179      3.580990
      0.970588      0.105000      1.435134      1.281461      0.000000       -151.373152         58.910861     14.347292      4.923422     -0.295179      3.580990
      0.980392      0.070119      1.480202      1.285965      0.000000       -151.410614         58.772973     14.366610      4.923521     -0.295179      3.580990
      0.990196      0.035096      1.525428      1.290485      0.000000       -151.431908         58.632479     14.378217      4.923544     -0.295179      3.580990
      1.000000      0.000000      1.570796      1.292762      0.000000       -151.436495         58.570928     14.382088      4.923546     -0.295179      3.580990
