             t             r           psi            cs            qs                 p               sig             A             V            Q2             S
      0.000000     -0.000000     -1.570796      0.842676      0.000000        -31.067910         18.434077      0.000000      0.000000     -0.401168      5.153105
      0.009804      0.050505     -1.528094      0.850815      0.000000        -31.075404         18.322183      0.008017      0.000004     -0.401168      5.153105
      0.019608      0.100918     -1.484794      0.863439      0.000000        -31.104145         18.140837      0.032054      0.000069     -0.401168      5.153105
      0.029412      0.151140     -1.440837      0.876888      0.000000        -31.156230         17.964443      0.072066      0.000352     -0.401168      5.153105
      0.039216      0.201073     -1.396172      0.891539      0.000000        -31.235761         17.792099      0.127976      0.001114     -0.401168      5.153105
      0.049020      0.250609     -1.350729      0.907744      0.000000        -31.347813         17.622967      0.199677      0.002720     -0.401168      5.153105
      0.058824      0.299639     -1.304419      0.925917      0.000000        -31.498725         17.456291      0.287025      0.005637     -0.401168      5.153105
      0.068627      0.348047     -1.257131      0.946565      0.000000        -31.696468         17.291414      0.389841      0.010425     -0.401168      5.153105
      0.078431      0.395708     -1.208725      0.970317      0.000000        -31.951095         17.127807      0.507907      0.017732     -0.401168      5.153105
      0.088235      0.442491     -1.159024      0.997951      0.000000        -32.275332         16.965115      0.640967      0.028285     -0.401168      5.153105
      0.098039      0.488254     -1.107809      1.030446      0.000000        -32.685307         16.803225      0.788720      0.042883     -0.401168      5.153105
      0.107843      0.532841     -1.054804      1.069018      0.000000        -33.201435         16.642373      0.950817      0.062374     -0.401168      5.153105
      0.117647      0.576080     -0.999666      1.115175      0.000000        -33.849413         16.483308      1.126857      0.087652     -0.401168      5.153105
      0.127451      0.617778     -0.941967      1.170742      0.000000        -34.661122         16.327546      1.316384      0.119627     -0.401168      5.153105
      0.137255      0.657715     -0.881179      1.237834      0.000000        -35.674973         16.177762      1.518874      0.159210     -0.401168      5.153105
      0.147059      0.695639     -0.816663      1.318669      0.000000        -36.934517         16.038389      1.733729      0.207277     -0.401168      5.153105
      0.156863      0.731255     -0.747677      1.415036      0.000000        -38.482826         15.916510      1.960265      0.264630     -0.401168      5.153105
      0.166667      0.764217     -0.673420      1.527060      0.000000        -40.347755         15.823101      2.197694      0.331937     -0.401168      5.153105
      0.176471      0.794129     -0.593180      1.650713      0.000000        -42.509932         15.774596      2.445114      0.409651     -0.401168      5.153105
      0.186275      0.820546     -0.506634      1.773664      0.000000        -44.844333         15.794290      2.701486      0.497895     -0.401168      5.153105
      0.196078      0.843008     -0.414401      1.870324      0.000000        -47.038888         15.912229      2.965628      0.596317     -0.401168      5.153105
      0.205882      0.861115     -0.318767      1.900766      0.000000        -48.540222         16.160962      3.236217      0.703956     -0.401168      5.153105
      0.215686      0.874642     -0.224193      1.822271      0.000000        -48.649869         16.564570      3.511831      0.819204     -0.401168      5.153105
      0.225490      0.883666     -0.136822      1.615976      0.000000        -46.867236         17.123267      3.791016      0.939968     -0.401168      5.153105
      0.235294      0.888629     -0.062640      1.308373      0.000000        -43.291649         17.804543      4.072405      1.064057     -0.401168      5.153105
      0.245098      0.890271     -0.005303      0.960286      0.000000        -38.653403         18.551934      4.354820      1.189605     -0.401168      5.153105
      0.254902      0.889457      0.034736      0.631891      0.000000        -33.892757         19.306686      4.637344      1.315307     -0.401168      5.153105
      0.264706      0.887020      0.059487      0.358567      0.000000        -29.716820         20.025576      4.919331      1.440409     -0.401168      5.153105
      0.274510      0.883655      0.072069      0.150213      0.000000        -26.455953         20.685870      5.200381      1.564552     -0.401168      5.153105
      0.284314      0.879895      0.075674      0.001664      0.000000        -24.152155         21.281118      5.480288      1.687619     -0.401168      5.153105
      0.294118      0.876120      0.073063     -0.097837      0.000000        -22.698392         21.814607      5.758991      1.809627     -0.401168      5.153105
      0.303922      0.872587      0.066426     -0.159453      0.000000        -21.938297         22.294172      6.036528      1.930659     -0.401168      5.153105
      0.313725      0.869453      0.057427     -0.192770      0.000000        -21.717206         22.729059      6.313005      2.050830     -0.401168      5.153105
      0.323529      0.866806      0.047295     -0.205409      0.000000        -21.901625         23.128325      6.588562      2.170269     -0.401168      5.153105
      0.333333      0.864680      0.036920     -0.203246      0.000000        -22.383027         23.500164      6.863362      2.289110     -0.401168      5.153105
      0.343137      0.863070      0.026932     -0.190781      0.000000        -23.075406         23.851700      7.137569      2.407484     -0.401168      5.153105
      0.352941      0.861946      0.017759     -0.171471      0.000000        -23.911112         24.188995      7.411343      2.525516     -0.401168      5.153105
      0.362745      0.861258      0.009676     -0.147999      0.000000        -24.836828         24.517140      7.684830      2.643318     -0.401168      5.153105
      0.372549      0.860947      0.002839     -0.122460      0.000000        -25.810312         24.840359      7.958161      2.760995     -0.401168      5.153105
      0.382353      0.860949     -0.002691     -0.096492      0.000000        -26.797982         25.162105      8.231445      2.878633     -0.401168      5.153105
      0.392157      0.861197     -0.006925     -0.071365      0.000000        -27.773240         25.485140      8.504770      2.996306     -0.401168      5.153105
      0.401961      0.861628     -0.009932     -0.048038      0.000000        -28.715368         25.811603      8.778205      3.114070     -0.401168      5.153105
      0.411765      0.862182     -0.011821     -0.027198      0.000000        -29.608818         26.143059      9.051797      3.231967     -0.401168      5.153105
      0.421569      0.862805     -0.012730     -0.009289      0.000000        -30.442758         26.480555      9.325578      3.350024     -0.401168      5.153105
      0.431373      0.863454     -0.012813      0.005464      0.000000        -31.210715         26.824664      9.599561      3.468256     -0.401168      5.153105
      0.441176      0.864089     -0.012231      0.017024      0.000000        -31.910239         27.175546      9.873750      3.586665     -0.401168      5.153105
      0.450980      0.864681     -0.011144      0.025521      0.000000        -32.542494         27.533003     10.148133      3.705244     -0.401168      5.153105
      0.460784      0.865209     -0.009700      0.031213      0.000000        -33.111762         27.896543     10.422695      3.823979     -0.401168      5.153105
      0.470588      0.865657     -0.008032      0.034455      0.000000        -33.624845         28.265455     10.697412      3.942850     -0.401168      5.153105
      0.480392      0.866019     -0.006253      0.035668      0.000000        -34.090421         28.638868     10.972258      4.061834     -0.401168      5.153105
      0.490196      0.866289     -0.004454      0.035302      0.000000        -34.518368         29.015821     11.247204      4.180906     -0.401168      5.153105
      0.500000      0.866469     -0.002705      0.033811      0.000000        -34.919148         29.395316     11.522222      4.300041     -0.401168      5.153105
      0.509804      0.866564     -0.001050      0.031631      0.000000        -35.303261         29.776366     11.797283      4.419214     -0.401168      5.153105
      0.519608      0.866578      0.000487      0.029164      0.000000        -35.680835         30.158024     12.072361      4.538402     -0.401168      5.153105
      0.529412      0.866517      0.001898      0.026770      0.000000        -36.061350         30.539409     12.347431      4.657584     -0.401168      5.153105
      0.539216      0.866388      0.003198      0.024761      0.000000        -36.453497         30.919710     12.622471      4.776739     -0.401168      5.153105
      0.549020      0.866195      0.004411      0.023406      0.000000        -36.865181         31.298187     12.897460      4.895849     -0.401168      5.153105
      0.558824      0.865943      0.005578      0.022938      0.000000        -37.303618         31.674155     13.172379      5.014897     -0.401168      5.153105
      0.568627      0.865631      0.006747      0.023555      0.000000        -37.775529         32.046971     13.447208      5.133867     -0.401168      5.153105
      0.578431      0.865260      0.007979      0.025441      0.000000        -38.287395         32.415999     13.721928      5.252742     -0.401168      5.153105
      0.588235      0.864823      0.009342      0.028767      0.000000        -38.845745         32.780589     13.996521      5.371506     -0.401168      5.153105
      0.598039      0.864312      0.010913      0.033708      0.000000        -39.457474         33.140037     14.270963      5.490137     -0.401168      5.153105
      0.607843      0.863715      0.012778      0.040451      0.000000        -40.130144         33.493554     14.545230      5.608615     -0.401168      5.153105
      0.617647      0.863015      0.015034      0.049203      0.000000        -40.872266         33.840229     14.819291      5.726913     -0.401168      5.153105
      0.627451      0.862188      0.017788      0.060202      0.000000        -41.693534         34.178994     15.093111      5.844997     -0.401168      5.153105
      0.637255      0.861207      0.021159      0.073718      0.000000        -42.604962         34.508593     15.366645      5.962829     -0.401168      5.153105
      0.647059      0.860038      0.025284      0.090057      0.000000        -43.618904         34.827553     15.639838      6.080357     -0.401168      5.153105
      0.656863      0.858638      0.030312      0.109557      0.000000        -44.748893         35.134167     15.912625      6.197523     -0.401168      5.153105
      0.666667      0.856957      0.036413      0.132579      0.000000        -46.009244         35.426485     16.184924      6.314251     -0.401168      5.153105
      0.676471      0.854938      0.043774      0.159492      0.000000        -47.414363         35.702326     16.456638      6.430448     -0.401168      5.153105
      0.686275      0.852511      0.052600      0.190649      0.000000        -48.977721         35.959308     16.727648      6.546003     -0.401168      5.153105
      0.696078      0.849597      0.063114      0.226354      0.000000        -50.710462         36.194916     16.997812      6.660780     -0.401168      5.153105
      0.705882      0.846106      0.075551      0.266821      0.000000        -52.619712         36.406589     17.266963      6.774614     -0.401168      5.153105
      0.715686      0.841935      0.090155      0.312135      0.000000        -54.706701         36.591849     17.534900      6.887307     -0.401168      5.153105
      0.725490      0.836969      0.107170      0.362198      0.000000        -56.964921         36.748454     17.801390      6.998627     -0.401168      5.153105
      0.735294      0.831083      0.126827      0.416703      0.000000        -59.378678         36.874574     18.066162      7.108298     -0.401168      5.153105
      0.745098      0.824142      0.149340      0.475105      0.000000        -61.922372         36.968955     18.328901      7.216001     -0.401168      5.153105
      0.754902      0.816001      0.174885      0.536628      0.000000        -64.560867         37.031070     18.589251      7.321371     -0.401168      5.153105
      0.764706      0.806511      0.203597      0.600296      0.000000        -67.251124         37.061211     18.846806      7.423996     -0.401168      5.153105
      0.774510      0.795520      0.235557      0.664994      0.000000        -69.945027         37.060518     19.101114      7.523424     -0.401168      5.153105
      0.784314      0.782880      0.270787      0.729546      0.000000        -72.593044         37.030922     19.351676      7.619168     -0.401168      5.153105
      0.794118      0.768446      0.309250      0.792809      0.000000        -75.148153         36.975019     19.597944      7.710716     -0.401168      5.153105
      0.803922      0.752087      0.350854      0.853753      0.000000        -77.569365         36.895881     19.839329      7.797550     -0.401168      5.153105
      0.813725      0.733682      0.395461      0.911533      0.000000        -79.824316         36.796843     20.075198      7.879162     -0.401168      5.153105
      0.823529      0.713132      0.442893      0.965521      0.000000        -81.890609         36.681287     20.304888      7.955082     -0.401168      5.153105
      0.833333      0.690357      0.492948      1.015323      0.000000        -83.755903         36.552458     20.527703      8.024892     -0.401168      5.153105
      0.843137      0.665302      0.545408      1.060759      0.000000        -85.416981         36.413318     20.742927      8.088260     -0.401168      5.153105
      0.852941      0.637934      0.600054      1.101836      0.000000        -86.878139         36.266452     20.949832      8.144952     -0.401168      5.153105
      0.862745      0.608247      0.656669      1.138709      0.000000        -88.149299         36.114017     21.147682      8.194858     -0.401168      5.153105
      0.872549      0.576261      0.715045      1.171636      0.000000        -89.244128         35.957738     21.335742      8.237996     -0.401168      5.153105
      0.882353      0.542018      0.774991      1.200939      0.000000        -90.178396         35.798919     21.513288      8.274526     -0.401168      5.153105
      0.892157      0.505588      0.836334      1.226978      0.000000        -90.968648         35.638483     21.679616      8.304741     -0.401168      5.153105
      0.901961      0.467060      0.898918      1.250121      0.000000        -91.631230         35.477012     21.834045      8.329067     -0.401168      5.153105
      0.911765      0.426549      0.962605      1.270732      0.000000        -92.181638         35.314793     21.975925      8.348040     -0.401168      5.153105
      0.921569      0.384185      1.027277      1.289156      0.000000        -92.634117         35.151860     22.104648      8.362290     -0.401168      5.153105
      0.931373      0.340121      1.092832      1.305715      0.000000        -93.001469         34.988034     22.219649      8.372509     -0.401168      5.153105
      0.941176      0.294526      1.159182      1.320706      0.000000        -93.294994         34.822953     22.320415      8.379425     -0.401168      5.153105
      0.950980      0.247583      1.226256      1.334400      0.000000        -93.524534         34.656105     22.406489      8.383764     -0.401168      5.153105
      0.960784      0.199491      1.293994      1.347045      0.000000        -93.698565         34.486846     22.477475      8.386218     -0.401168      5.153105
      0.970588      0.150460      1.362349      1.358868      0.000000        -93.824328         34.314423     22.533039      8.387409     -0.401168      5.153105
      0.980392      0.100713      1.431285      1.370086      0.000000        -93.907978         34.137993     22.572920      8.387860     -0.401168      5.153105
      0.990196      0.050479      1.500779      1.380979      0.000000        -93.954756         33.956637     22.596926      8.387965     -0.401168      5.153105
      1.000000      0.000000      1.570796      1.388208      0.000000        -93.967069         33.844742     22.604941      8.387972     -0.401168      5.153105
