             t             r           psi            cs            qs                 p               sig             A             V            Q2             S
      0.000000      0.000000     -1.570796     -0.073417      0.000000         -0.617545          4.205755     -0.000000     -0.000000      0.085249      9.764161
      0.009804      0.095726     -1.563431     -0.082340      0.000000         -0.620591          3.896167      0.028788      0.000005      0.085249      9.764161
      0.019608      0.191447     -1.554905     -0.096622      0.000000         -0.632287          3.520000      0.115152      0.000085      0.085249      9.764161
      0.029412      0.287153     -1.544718     -0.117690      0.000000         -0.657400          3.153064      0.259085      0.000460      0.085249      9.764161
      0.039216      0.382829     -1.531973     -0.151497      0.000000         -0.704917          2.787523      0.460574      0.001574      0.085249      9.764161
      0.049020      0.478450     -1.514897     -0.211510      0.000000         -0.792976          2.415528      0.719595      0.004234      0.085249      9.764161
      0.058824      0.573956     -1.489581     -0.333026      0.000000         -0.962739          2.029506      1.036099      0.009937      0.085249      9.764161
      0.068627      0.669190     -1.445844     -0.629032      0.000000         -1.324336          1.624418      1.409978      0.021777      0.085249      9.764161
      0.078431      0.763572     -1.349988     -1.573071      0.000000         -2.250908          1.210227      1.840936      0.047569      0.085249      9.764161
      0.088235      0.853576     -1.055576     -5.453352      0.000000         -5.373885          0.891103      2.327740      0.113664      0.085249      9.764161
      0.098039      0.913452     -0.293120     -7.640105      0.000000        -11.335734          1.304734      2.862038      0.292275      0.085249      9.764161
      0.107843      0.919202      0.058666     -0.764208      0.000000         -5.164820          2.791438      3.414805      0.544519      0.085249      9.764161
      0.117647      0.913201      0.048300      0.480483      0.000000         -2.511991          4.095936      3.965802      0.796398      0.085249      9.764161
      0.127451      0.910666      0.007769      0.303425      0.000000         -4.099882          5.159427      4.514106      1.046211      0.085249      9.764161
      0.137255      0.910890     -0.008463      0.056133      0.000000         -6.434177          6.176878      5.061836      1.295603      0.085249      9.764161
      0.147059      0.911748     -0.007852     -0.045593      0.000000         -8.255087          7.226384      5.609971      1.545358      0.085249      9.764161
      0.156863      0.912264     -0.002929     -0.047418      0.000000         -9.504276          8.310933      6.158541      1.795515      0.085249      9.764161
      0.166667      0.912366      0.000370     -0.020916      0.000000        -10.510813          9.410139      6.707288      2.045837      0.085249      9.764161
      0.176471      0.912270      0.001320     -0.001105      0.000000        -11.530716         10.508541      7.256025      2.296150      0.085249      9.764161
      0.186275      0.912154      0.000992      0.006171      0.000000        -12.646824         11.601152      7.804692      2.546399      0.085249      9.764161
      0.196078      0.912088      0.000384      0.005744      0.000000        -13.839311         12.689150      8.353303      2.796598      0.085249      9.764161
      0.205882      0.912074     -0.000034      0.002902      0.000000        -15.063244         13.775247      8.901892      3.046776      0.085249      9.764161
      0.215686      0.912086     -0.000188      0.000508      0.000000        -16.286300         14.861396      9.450481      3.296954      0.085249      9.764161
      0.225490      0.912104     -0.000171     -0.000659      0.000000        -17.495759         15.948368      9.999079      3.547141      0.085249      9.764161
      0.235294      0.912117     -0.000093     -0.000859      0.000000        -18.692192         17.036128     10.547688      3.797337      0.085249      9.764161
      0.245098      0.912122     -0.000021     -0.000595      0.000000        -19.881280         18.124333     11.096302      4.047538      0.085249      9.764161
      0.254902      0.912122      0.000019     -0.000249      0.000000        -21.068470         19.212652     11.644917      4.297740      0.085249      9.764161
      0.264706      0.912120      0.000030     -0.000005      0.000000        -22.256922         20.300895     12.193531      4.547942      0.085249      9.764161
      0.274510      0.912117      0.000024      0.000105      0.000000        -23.447587         21.389004     12.742144      4.798142      0.085249      9.764161
      0.284314      0.912115      0.000013      0.000117      0.000000        -24.640086         22.477002     13.290756      5.048340      0.085249      9.764161
      0.294118      0.912115      0.000003      0.000081      0.000000        -25.833583         23.564940     13.839366      5.298538      0.085249      9.764161
      0.303922      0.912115     -0.000003      0.000037      0.000000        -27.027334         24.652862     14.387977      5.548736      0.085249      9.764161
      0.313725      0.912115     -0.000005      0.000004      0.000000        -28.220898         25.740796     14.936587      5.798934      0.085249      9.764161
      0.323529      0.912116     -0.000004     -0.000013      0.000000        -29.414120         26.828750     15.485198      6.049132      0.085249      9.764161
      0.333333      0.912116     -0.000002     -0.000017      0.000000        -30.607037         27.916723     16.033809      6.299331      0.085249      9.764161
      0.343137      0.912116     -0.000001     -0.000014      0.000000        -31.799764         29.004708     16.582420      6.549529      0.085249      9.764161
      0.352941      0.912116      0.000000     -0.000008      0.000000        -32.992417         30.092697     17.131032      6.799728      0.085249      9.764161
      0.362745      0.912116      0.000001     -0.000003      0.000000        -34.185079         31.180685     17.679643      7.049926      0.085249      9.764161
      0.372549      0.912116      0.000001      0.000001      0.000000        -35.377788         32.268670     18.228254      7.300125      0.085249      9.764161
      0.382353      0.912116      0.000001      0.000002      0.000000        -36.570551         33.356653     18.776865      7.550323      0.085249      9.764161
      0.392157      0.912116      0.000000      0.000002      0.000000        -37.763356         34.444632     19.325477      7.800522      0.085249      9.764161
      0.401961      0.912116      0.000000      0.000002      0.000000        -38.956183         35.532610     19.874088      8.050720      0.085249      9.764161
      0.411765      0.912116     -0.000000      0.000001      0.000000        -40.149019         36.620588     20.422699      8.300919      0.085249      9.764161
      0.421569      0.912116     -0.000000      0.000000      0.000000        -41.341851         37.708566     20.971310      8.551117      0.085249      9.764161
      0.431373      0.912116     -0.000000     -0.000000      0.000000        -42.534675         38.796545     21.519921      8.801316      0.085249      9.764161
      0.441176      0.912116     -0.000000     -0.000000      0.000000        -43.727490         39.884524     22.068532      9.051514      0.085249      9.764161
      0.450980      0.912116     -0.000000     -0.000000      0.000000        -44.920299         40.972503     22.617143      9.301712      0.085249      9.764161
      0.460784      0.912116     -0.000000     -0.000000      0.000000        -46.113105         42.060483     23.165755      9.551911      0.085249      9.764161
      0.470588      0.912116      0.000000     -0.000000      0.000000        -47.305908         43.148463     23.714366      9.802109      0.085249      9.764161
      0.480392      0.912116      0.000000     -0.000000      0.000000        -48.498713         44.236442     24.262977     10.052308      0.085249      9.764161
      0.490196      0.912116      0.000000     -0.000000      0.000000        -49.691519         45.324422     24.811588     10.302506      0.085249      9.764161
      0.500000      0.912116      0.000000      0.000000      0.000000        -50.884326         46.412401     25.360199     10.552705      0.085249      9.764161
      0.509804      0.912116      0.000000      0.000000      0.000000        -52.077134         47.500381     25.908810     10.802903      0.085249      9.764161
      0.519608      0.912116      0.000000     -0.000000      0.000000        -53.269944         48.588360     26.457421     11.053102      0.085249      9.764161
      0.529412      0.912116      0.000000     -0.000000      0.000000        -54.462756         49.676340     27.006033     11.303300      0.085249      9.764161
      0.539216      0.912116      0.000000     -0.000000      0.000000        -55.655568         50.764319     27.554644     11.553499      0.085249      9.764161
      0.549020      0.912116      0.000000     -0.000000      0.000000        -56.848383         51.852298     28.103255     11.803697      0.085249      9.764161
      0.558824      0.912116      0.000000     -0.000000      0.000000        -58.041202         52.940277     28.651866     12.053896      0.085249      9.764161
      0.568627      0.912116      0.000000     -0.000001      0.000000        -59.234028         54.028255     29.200477     12.304094      0.085249      9.764161
      0.578431      0.912116      0.000000     -0.000001      0.000000        -60.426866         55.116233     29.749088     12.554292      0.085249      9.764161
      0.588235      0.912116      0.000000     -0.000002      0.000000        -61.619723         56.204209     30.297699     12.804491      0.085249      9.764161
      0.598039      0.912116      0.000001     -0.000004      0.000000        -62.812614         57.292184     30.846311     13.054689      0.085249      9.764161
      0.607843      0.912116      0.000001     -0.000006      0.000000        -64.005559         58.380155     31.394922     13.304888      0.085249      9.764161
      0.617647      0.912115      0.000002     -0.000010      0.000000        -65.198594         59.468121     31.943533     13.555086      0.085249      9.764161
      0.627451      0.912115      0.000003     -0.000016      0.000000        -66.391780         60.556077     32.492143     13.805284      0.085249      9.764161
      0.637255      0.912115      0.000005     -0.000026      0.000000        -67.585210         61.644019     33.040754     14.055482      0.085249      9.764161
      0.647059      0.912114      0.000008     -0.000042      0.000000        -68.779044         62.731936     33.589365     14.305680      0.085249      9.764161
      0.656863      0.912113      0.000013     -0.000068      0.000000        -69.973535         63.819814     34.137974     14.555877      0.085249      9.764161
      0.666667      0.912112      0.000022     -0.000110      0.000000        -71.169099         64.907627     34.686584     14.806074      0.085249      9.764161
      0.676471      0.912109      0.000035     -0.000178      0.000000        -72.366405         65.995334     35.235191     15.056269      0.085249      9.764161
      0.686275      0.912105      0.000057     -0.000286      0.000000        -73.566535         67.082871     35.783797     15.306463      0.085249      9.764161
      0.696078      0.912098      0.000092     -0.000459      0.000000        -74.771226         68.170132     36.332400     15.556653      0.085249      9.764161
      0.705882      0.912086      0.000148     -0.000734      0.000000        -75.983268         69.256948     36.880997     15.806839      0.085249      9.764161
      0.715686      0.912068      0.000238     -0.001171      0.000000        -77.207120         70.343049     37.429585     16.057017      0.085249      9.764161
      0.725490      0.912039      0.000380     -0.001863      0.000000        -78.449889         71.428004     37.978159     16.307182      0.085249      9.764161
      0.735294      0.911993      0.000607     -0.002957      0.000000        -79.722856         72.511129     38.526711     16.557326      0.085249      9.764161
      0.745098      0.911919      0.000966     -0.004680      0.000000        -81.043846         73.591339     39.075228     16.807438      0.085249      9.764161
      0.754902      0.911801      0.001534     -0.007386      0.000000        -82.440857         74.666923     39.623688     17.057498      0.085249      9.764161
      0.764706      0.911614      0.002429     -0.011615      0.000000        -83.957503         75.735201     40.172058     17.307477      0.085249      9.764161
      0.774510      0.911320      0.003833     -0.018191      0.000000        -85.660942         76.792006     40.720285     17.557324      0.085249      9.764161
      0.784314      0.910856      0.006025     -0.028347      0.000000        -87.652834         77.830930     41.268289     17.806965      0.085249      9.764161
      0.794118      0.910128      0.009430     -0.043876      0.000000        -90.083111         78.842280     41.815939     18.056281      0.085249      9.764161
      0.803922      0.908992      0.014676     -0.067297      0.000000        -93.164135         79.811747     42.363038     18.305084      0.085249      9.764161
      0.813725      0.907231      0.022672     -0.101930      0.000000        -97.177766         80.718970     42.909279     18.553083      0.085249      9.764161
      0.823529      0.904524      0.034675     -0.151717      0.000000       -102.459299         81.536557     43.454195     18.799823      0.085249      9.764161
      0.833333      0.900414      0.052326     -0.220511      0.000000       -109.333215         82.230726     43.997089     19.044605      0.085249      9.764161
      0.843137      0.894269      0.077576     -0.310615      0.000000       -117.980389         82.765211     44.536934     19.286367      0.085249      9.764161
      0.852941      0.885273      0.112441     -0.420794      0.000000       -128.259317         83.109536     45.072272     19.523542      0.085249      9.764161
      0.862745      0.872435      0.158588     -0.544882      0.000000       -139.586527         83.249975     45.601096     19.753905      0.085249      9.764161
      0.872549      0.854668      0.216877     -0.672564      0.000000       -151.020304         83.197602     46.120772     19.974490      0.085249      9.764161
      0.882353      0.830894      0.287107     -0.792655      0.000000       -161.568839         82.987121     46.628007     20.181656      0.085249      9.764161
      0.892157      0.800174      0.368122     -0.896891      0.000000       -170.531332         82.666073     47.118895     20.371377      0.085249      9.764161
      0.901961      0.761811      0.458198     -0.981751      0.000000       -177.646009         82.281128     47.589035     20.539740      0.085249      9.764161
      0.911765      0.715406      0.555480     -1.047787      0.000000       -183.012044         81.868817     48.033695     20.683556      0.085249      9.764161
      0.921569      0.660867      0.658290     -1.097807      0.000000       -186.916316         81.452866     48.447994     20.800915      0.085249      9.764161
      0.931373      0.598392      0.765259     -1.135266      0.000000       -189.688051         81.045915     48.827087     20.891568      0.085249      9.764161
      0.941176      0.528432      0.875343     -1.163354      0.000000       -191.620570         80.652683     49.166323     20.957038      0.085249      9.764161
      0.950980      0.451656      0.987772     -1.184662      0.000000       -192.945516         80.272818     49.461392     21.000462      0.085249      9.764161
      0.960784      0.368916      1.101998     -1.201167      0.000000       -193.834333         79.902893     49.708443     21.026179      0.085249      9.764161
      0.970588      0.281213      1.217635     -1.214340      0.000000       -194.409463         79.537617     49.904181     21.039128      0.085249      9.764161
      0.980392      0.189670      1.334418     -1.225273      0.000000       -194.756678         79.170505     50.045955     21.044162      0.085249      9.764161
      0.990196      0.095502      1.452174     -1.234801      0.000000       -194.935513         78.794232     50.131816     21.045362      0.085249      9.764161
      1.000000      0.000000      1.570796     -1.242189      0.000000       -194.985532         78.484634     50.160571     21.045443      0.085249      9.764161
