             t             r           psi            cs            qs                 p               sig             A             V            Q2             S
      0.000000      0.000000     -1.570796     -0.927068      0.000000        -28.564740         15.405963     -0.000000     -0.000000      0.169029      2.830222
      0.009804      0.027744     -1.545062     -0.929799      0.000000        -28.566043         15.380736      0.002419      0.000000      0.169029      2.830222
      0.019608      0.055470     -1.519147     -0.937970      0.000000        -28.574488         15.291298      0.009673      0.000007      0.169029      2.830222
      0.029412      0.083158     -1.493010     -0.945968      0.000000        -28.589216         15.203638      0.021758      0.000035      0.169029      2.830222
      0.039216      0.110790     -1.466649     -0.954199      0.000000        -28.610768         15.117634      0.038665      0.000111      0.169029      2.830222
      0.049020      0.138346     -1.440055     -0.962755      0.000000        -28.639729         15.033171      0.060384      0.000272      0.169029      2.830222
      0.058824      0.165804     -1.413218     -0.971697      0.000000        -28.676744         14.950144      0.086899      0.000564      0.169029      2.830222
      0.068627      0.193146     -1.386127     -0.981085      0.000000        -28.722533         14.868453      0.118190      0.001044      0.169029      2.830222
      0.078431      0.220348     -1.358768     -0.990980      0.000000        -28.777898         14.788013      0.154237      0.001782      0.169029      2.830222
      0.088235      0.247390     -1.331127     -1.001450      0.000000        -28.843733         14.708746      0.195012      0.002853      0.169029      2.830222
      0.098039      0.274249     -1.303187     -1.012567      0.000000        -28.921039         14.630588      0.240487      0.004345      0.169029      2.830222
      0.107843      0.300901     -1.274929     -1.024412      0.000000        -29.010931         14.553489      0.290626      0.006354      0.169029      2.830222
      0.117647      0.327324     -1.246330     -1.037073      0.000000        -29.114657         14.477418      0.345393      0.008984      0.169029      2.830222
      0.127451      0.353492     -1.217368     -1.050645      0.000000        -29.233604         14.402360      0.404744      0.012348      0.169029      2.830222
      0.137255      0.379380     -1.188016     -1.065234      0.000000        -29.369319         14.328324      0.468633      0.016565      0.169029      2.830222
      0.147059      0.404961     -1.158243     -1.080956      0.000000        -29.523516         14.255345      0.537009      0.021763      0.169029      2.830222
      0.156863      0.430209     -1.128017     -1.097934      0.000000        -29.698094         14.183487      0.609816      0.028074      0.169029      2.830222
      0.166667      0.455095     -1.097301     -1.116303      0.000000        -29.895143         14.112852      0.686994      0.035635      0.169029      2.830222
      0.176471      0.479588     -1.066054     -1.136207      0.000000        -30.116952         14.043584      0.768477      0.044587      0.169029      2.830222
      0.186275      0.503658     -1.034232     -1.157798      0.000000        -30.366005         13.975877      0.854194      0.055074      0.169029      2.830222
      0.196078      0.527273     -1.001786     -1.181232      0.000000        -30.644971         13.909985      0.944068      0.067243      0.169029      2.830222
      0.205882      0.550397     -0.968662     -1.206666      0.000000        -30.956672         13.846234      1.038016      0.081238      0.169029      2.830222
      0.215686      0.572995     -0.934802     -1.234251      0.000000        -31.304025         13.785036      1.135951      0.097205      0.169029      2.830222
      0.225490      0.595028     -0.900146     -1.264122      0.000000        -31.689957         13.726903      1.237777      0.115284      0.169029      2.830222
      0.235294      0.616457     -0.864628     -1.296380      0.000000        -32.117256         13.672467      1.343392      0.135612      0.169029      2.830222
      0.245098      0.637237     -0.828182     -1.331076      0.000000        -32.588366         13.622501      1.452687      0.158319      0.169029      2.830222
      0.254902      0.657324     -0.790739     -1.368176      0.000000        -33.105078         13.577941      1.565545      0.183523      0.169029      2.830222
      0.264706      0.676670     -0.752234     -1.407529      0.000000        -33.668119         13.539913      1.681841      0.211332      0.169029      2.830222
      0.274510      0.695225     -0.712610     -1.448809      0.000000        -34.276585         13.509755      1.801442      0.241838      0.169029      2.830222
      0.284314      0.712935     -0.671821     -1.491462      0.000000        -34.927222         13.489040      1.924205      0.275113      0.169029      2.830222
      0.294118      0.729747     -0.629838     -1.534632      0.000000        -35.613537         13.479587      2.049978      0.311207      0.169029      2.830222
      0.303922      0.745603     -0.586663     -1.577087      0.000000        -36.324791         13.483466      2.178599      0.350144      0.169029      2.830222
      0.313725      0.760449     -0.542340     -1.617154      0.000000        -37.044949         13.502970      2.309898      0.391914      0.169029      2.830222
      0.323529      0.774229     -0.496962     -1.652683      0.000000        -37.751794         13.540561      2.443693      0.436475      0.169029      2.830222
      0.333333      0.786890     -0.450691     -1.681069      0.000000        -38.416497         13.598769      2.579793      0.483744      0.169029      2.830222
      0.343137      0.798387     -0.403765     -1.699356      0.000000        -39.004024         13.680039      2.718000      0.533599      0.169029      2.830222
      0.352941      0.808682     -0.356508     -1.704467      0.000000        -39.474840         13.786521      2.858107      0.585875      0.169029      2.830222
      0.362745      0.817748     -0.309325     -1.693552      0.000000        -39.788180         13.919816      2.999902      0.640369      0.169029      2.830222
      0.372549      0.825574     -0.262694     -1.664430      0.000000        -39.906878         14.080701      3.143169      0.696841      0.169029      2.830222
      0.382353      0.832164     -0.217137     -1.616038      0.000000        -39.803164         14.268889      3.287693      0.755026      0.169029      2.830222
      0.392157      0.837540     -0.173187     -1.548783      0.000000        -39.464268         14.482862      3.433260      0.814641      0.169029      2.830222
      0.401961      0.841743     -0.131344     -1.464665      0.000000        -38.896354         14.719843      3.579661      0.875397      0.169029      2.830222
      0.411765      0.844829     -0.092031     -1.367125      0.000000        -38.125495         14.975919      3.726696      0.937011      0.169029      2.830222
      0.421569      0.846868     -0.055559     -1.260619      0.000000        -37.195195         15.246317      3.874177      0.999219      0.169029      2.830222
      0.431373      0.847938     -0.022111     -1.150050      0.000000        -36.160982         15.525778      4.021928      1.061777      0.169029      2.830222
      0.441176      0.848123      0.008269     -1.040181      0.000000        -35.083477         15.808959      4.169787      1.124473      0.169029      2.830222
      0.450980      0.847507      0.035659     -0.935168      0.000000        -34.021566         16.090801      4.317607      1.187122      0.169029      2.830222
      0.460784      0.846171      0.060241     -0.838276      0.000000        -33.027009         16.366800      4.465256      1.249570      0.169029      2.830222
      0.470588      0.844190      0.082275     -0.751789      0.000000        -32.141118         16.633180      4.612614      1.311686      0.169029      2.830222
      0.480392      0.841631      0.102070     -0.677055      0.000000        -31.393523         16.886956      4.759576      1.373362      0.169029      2.830222
      0.490196      0.838553      0.119962     -0.614634      0.000000        -30.802553         17.125912      4.906046      1.434509      0.169029      2.830222
      0.500000      0.835004      0.136293     -0.564472      0.000000        -30.376665         17.348534      5.051938      1.495050      0.169029      2.830222
      0.509804      0.831025      0.151396     -0.526079      0.000000        -30.116334         17.553903      5.197173      1.554918      0.169029      2.830222
      0.519608      0.826644      0.165589     -0.498682      0.000000        -30.016027         17.741584      5.341679      1.614054      0.169029      2.830222
      0.529412      0.821883      0.179163     -0.481341      0.000000        -30.065986         17.911527      5.485387      1.672405      0.169029      2.830222
      0.539216      0.816758      0.192384     -0.473044      0.000000        -30.253712         18.063968      5.628234      1.729918      0.169029      2.830222
      0.549020      0.811274      0.205489     -0.472767      0.000000        -30.565142         18.199354      5.770155      1.786544      0.169029      2.830222
      0.558824      0.805434      0.218685     -0.479510      0.000000        -30.985507         18.318279      5.911090      1.842233      0.169029      2.830222
      0.568627      0.799232      0.232155     -0.492328      0.000000        -31.499962         18.421440      6.050975      1.896933      0.169029      2.830222
      0.578431      0.792662      0.246055     -0.510338      0.000000        -32.094006         18.509596      6.189747      1.950592      0.169029      2.830222
      0.588235      0.785711      0.260517     -0.532727      0.000000        -32.753764         18.583545      6.327340      2.003156      0.169029      2.830222
      0.598039      0.778362      0.275652     -0.558753      0.000000        -33.466168         18.644104      6.463688      2.054569      0.169029      2.830222
      0.607843      0.770600      0.291552     -0.587744      0.000000        -34.219058         18.692095      6.598718      2.104773      0.169029      2.830222
      0.617647      0.762404      0.308290     -0.619091      0.000000        -35.001239         18.728333      6.732357      2.153708      0.169029      2.830222
      0.627451      0.753754      0.325925     -0.652250      0.000000        -35.802509         18.753625      6.864528      2.201312      0.169029      2.830222
      0.637255      0.744629      0.344499     -0.686731      0.000000        -36.613660         18.768756      6.995151      2.247524      0.169029      2.830222
      0.647059      0.735005      0.364043     -0.722102      0.000000        -37.426466         18.774494      7.124139      2.292279      0.169029      2.830222
      0.656863      0.724862      0.384576     -0.757980      0.000000        -38.233665         18.771579      7.251404      2.335515      0.169029      2.830222
      0.666667      0.714179      0.406108     -0.794028      0.000000        -39.028927         18.760725      7.376854      2.377171      0.169029      2.830222
      0.676471      0.702933      0.428639     -0.829957      0.000000        -39.806821         18.742617      7.500393      2.417186      0.169029      2.830222
      0.686275      0.691107      0.452163     -0.865515      0.000000        -40.562766         18.717905      7.621921      2.455504      0.169029      2.830222
      0.696078      0.678681      0.476665     -0.900492      0.000000        -41.292988         18.687209      7.741335      2.492072      0.169029      2.830222
      0.705882      0.665640      0.502128     -0.934711      0.000000        -41.994466         18.651109      7.858529      2.526841      0.169029      2.830222
      0.715686      0.651967      0.528528     -0.968029      0.000000        -42.664868         18.610151      7.973395      2.559770      0.169029      2.830222
      0.725490      0.637652      0.555839     -1.000334      0.000000        -43.302497         18.564842      8.085822      2.590825      0.169029      2.830222
      0.735294      0.622682      0.584031     -1.031540      0.000000        -43.906222         18.515652      8.195695      2.619978      0.169029      2.830222
      0.745098      0.607050      0.613073     -1.061585      0.000000        -44.475415         18.463010      8.302902      2.647214      0.169029      2.830222
      0.754902      0.590750      0.642932     -1.090430      0.000000        -45.009888         18.407308      8.407324      2.672524      0.169029      2.830222
      0.764706      0.573778      0.673575     -1.118055      0.000000        -45.509829         18.348900      8.508847      2.695912      0.169029      2.830222
      0.774510      0.556134      0.704967     -1.144455      0.000000        -45.975740         18.288103      8.607352      2.717392      0.169029      2.830222
      0.784314      0.537818      0.737075     -1.169642      0.000000        -46.408387         18.225196      8.702722      2.736990      0.169029      2.830222
      0.794118      0.518836      0.769865     -1.193637      0.000000        -46.808741         18.160427      8.794841      2.754745      0.169029      2.830222
      0.803922      0.499195      0.803304     -1.216473      0.000000        -47.177936         18.094009      8.883593      2.770705      0.169029      2.830222
      0.813725      0.478903      0.837362     -1.238190      0.000000        -47.517224         18.026121      8.968863      2.784932      0.169029      2.830222
      0.823529      0.457973      0.872007     -1.258835      0.000000        -47.827939         17.956917      9.050541      2.797498      0.169029      2.830222
      0.833333      0.436420      0.907211     -1.278459      0.000000        -48.111465         17.886519      9.128514      2.808484      0.169029      2.830222
      0.843137      0.414261      0.942946     -1.297118      0.000000        -48.369207         17.815025      9.202678      2.817983      0.169029      2.830222
      0.852941      0.391516      0.979185     -1.314870      0.000000        -48.602572         17.742507      9.272926      2.826094      0.169029      2.830222
      0.862745      0.368206      1.015906     -1.331774      0.000000        -48.812947         17.669015      9.339160      2.832923      0.169029      2.830222
      0.872549      0.344357      1.053084     -1.347891      0.000000        -49.001686         17.594577      9.401282      2.838585      0.169029      2.830222
      0.882353      0.319993      1.090700     -1.363283      0.000000        -49.170096         17.519202      9.459201      2.843194      0.169029      2.830222
      0.892157      0.295146      1.128733     -1.378010      0.000000        -49.319434         17.442879      9.512830      2.846869      0.169029      2.830222
      0.901961      0.269844      1.167166     -1.392133      0.000000        -49.450893         17.365583      9.562087      2.849730      0.169029      2.830222
      0.911765      0.244122      1.205984     -1.405713      0.000000        -49.565604         17.287271      9.606895      2.851894      0.169029      2.830222
      0.921569      0.218013      1.245171     -1.418810      0.000000        -49.664631         17.207886      9.647185      2.853475      0.169029      2.830222
      0.931373      0.191556      1.284716     -1.431481      0.000000        -49.748971         17.127359      9.682892      2.854580      0.169029      2.830222
      0.941176      0.164787      1.324607     -1.443787      0.000000        -49.819555         17.045608      9.713959      2.855312      0.169029      2.830222
      0.950980      0.137748      1.364836     -1.455786      0.000000        -49.877250         16.962540      9.740335      2.855763      0.169029      2.830222
      0.960784      0.110480      1.405393     -1.467541      0.000000        -49.922859         16.878054      9.761976      2.856014      0.169029      2.830222
      0.970588      0.083026      1.446274     -1.479122      0.000000        -49.957130         16.792038      9.778847      2.856134      0.169029      2.830222
      0.980392      0.055430      1.487476     -1.490655      0.000000        -49.980763         16.704372      9.790918      2.856179      0.169029      2.830222
      0.990196      0.027739      1.529002     -1.502745      0.000000        -49.994423         16.614933      9.798169      2.856190      0.169029      2.830222
      1.000000      0.000000      1.570796     -1.506854      0.000000        -49.996539         16.589706      9.800587      2.856190      0.169029      2.830222
