             t             r           psi            cs            qs                 p               sig             A             V            Q2             S
      0.000000      0.000000     -1.570796     -0.899787      0.000000       -157.754424         87.662047     -0.000000      0.000000      0.048075     10.096424
      0.009804      0.098853     -1.481508     -0.905301      0.000000       -157.795544         87.307976      0.030761      0.000068      0.048075     10.096424
      0.019608      0.196915     -1.391546     -0.912560      0.000000       -157.945075         86.879107      0.122797      0.001079      0.048075     10.096424
      0.029412      0.293381     -1.300804     -0.921189      0.000000       -158.243812         86.456553      0.275368      0.005407      0.048075     10.096424
      0.039216      0.387439     -1.209105     -0.932077      0.000000       -158.758584         86.029410      0.487228      0.016824      0.048075     10.096424
      0.049020      0.478264     -1.116163     -0.946596      0.000000       -159.599108         85.586167      0.756624      0.040227      0.048075     10.096424
      0.058824      0.565014     -1.021515     -0.967016      0.000000       -160.952460         85.114187      1.081285      0.081259      0.048075     10.096424
      0.068627      0.646812     -0.924401     -0.997330      0.000000       -163.152385         84.599208      1.458406      0.145869      0.048075     10.096424
      0.078431      0.722713     -0.823509     -1.045010      0.000000       -166.826580         84.025562      1.884617      0.239818      0.048075     10.096424
      0.088235      0.791633     -0.716475     -1.124898      0.000000       -173.223171         83.379835      2.355926      0.368171      0.048075     10.096424
      0.098039      0.852193     -0.598776     -1.267529      0.000000       -184.916621         82.669295      2.867582      0.534757      0.048075     10.096424
      0.107843      0.902394     -0.461624     -1.529076      0.000000       -206.752733         82.004124      3.413809      0.741484      0.048075     10.096424
      0.117647      0.939044     -0.291433     -1.912670      0.000000       -240.265599         81.926986      3.987250      0.986857      0.048075     10.096424
      0.127451      0.958107     -0.098309     -1.799712      0.000000       -238.314539         83.960956      4.578186      1.261933      0.048075     10.096424
      0.137255      0.960678      0.027236     -0.681624      0.000000       -151.949512         88.231425      5.175515      1.548491      0.048075     10.096424
      0.147059      0.956148      0.052208      0.055227      0.000000        -90.946042         91.937971      5.771711      1.833944      0.048075     10.096424
      0.156863      0.951703      0.034715      0.238667      0.000000        -76.649520         94.460140      6.364901      2.116540      0.048075     10.096424
      0.166667      0.949422      0.012055      0.200102      0.000000        -82.209746         96.366616      6.955975      2.397330      0.048075     10.096424
      0.176471      0.949057     -0.003070      0.103329      0.000000        -93.210850         98.081235      7.546265      2.677453      0.048075     10.096424
      0.186275      0.949716     -0.008820      0.017974      0.000000       -103.315827         99.828602      8.136696      2.957705      0.048075     10.096424
      0.196078      0.950582     -0.007916     -0.029270      0.000000       -109.959555        101.699162      8.727635      3.238437      0.048075     10.096424
      0.205882      0.951194     -0.004277     -0.039128      0.000000       -113.067238        103.690642      9.319047      3.519624      0.048075     10.096424
      0.215686      0.951439     -0.000882     -0.027418      0.000000       -114.049625        105.752626      9.910725      3.801068      0.048075     10.096424
      0.225490      0.951420      0.001002     -0.010919      0.000000       -114.514834        107.831531     10.502465      4.082572      0.048075     10.096424
      0.235294      0.951289      0.001444      0.000841      0.000000       -115.430397        109.895719     11.094151      4.364024      0.048075     10.096424
      0.245098      0.951161      0.001066      0.005747      0.000000       -117.041381        111.937061     11.685752      4.645396      0.048075     10.096424
      0.254902      0.951085      0.000472      0.005679      0.000000       -119.175092        113.961126     12.277288      4.926706      0.048075     10.096424
      0.264706      0.951063      0.000013      0.003425      0.000000       -121.547699        115.977264     12.868795      5.207988      0.048075     10.096424
      0.274510      0.951074     -0.000204      0.001065      0.000000       -123.937035        117.992846     13.460300      5.489268      0.048075     10.096424
      0.284314      0.951096     -0.000227     -0.000431      0.000000       -126.233950        120.011499     14.051816      5.770559      0.048075     10.096424
      0.294118      0.951116     -0.000151     -0.000959      0.000000       -128.422864        122.033736     14.643345      6.051863      0.048075     10.096424
      0.303922      0.951126     -0.000059     -0.000841      0.000000       -130.537577        124.058433     15.234884      6.333176      0.048075     10.096424
      0.313725      0.951128      0.000007     -0.000471      0.000000       -132.622065        126.084131     15.826427      6.614492      0.048075     10.096424
      0.323529      0.951126      0.000035     -0.000122      0.000000       -134.708434        128.109768     16.417969      6.895808      0.048075     10.096424
      0.333333      0.951122      0.000036      0.000087      0.000000       -136.811182        130.134861     17.009510      7.177122      0.048075     10.096424
      0.343137      0.951119      0.000023      0.000154      0.000000       -138.931159        132.159384     17.601048      7.458434      0.048075     10.096424
      0.352941      0.951118      0.000009      0.000130      0.000000       -141.062471        134.183530     18.192585      7.739745      0.048075     10.096424
      0.362745      0.951117     -0.000002      0.000071      0.000000       -143.198187        136.207531     18.784121      8.021055      0.048075     10.096424
      0.372549      0.951118     -0.000006      0.000018      0.000000       -145.333390        138.231549     19.375657      8.302365      0.048075     10.096424
      0.382353      0.951118     -0.000006     -0.000014      0.000000       -147.465887        140.255657     19.967194      8.583676      0.048075     10.096424
      0.392157      0.951119     -0.000004     -0.000024      0.000000       -149.595574        142.279857     20.558731      8.864987      0.048075     10.096424
      0.401961      0.951119     -0.000001     -0.000021      0.000000       -151.723388        144.304120     21.150268      9.146298      0.048075     10.096424
      0.411765      0.951119      0.000000     -0.000012      0.000000       -153.850437        146.328408     21.741806      9.427609      0.048075     10.096424
      0.421569      0.951119      0.000001     -0.000004      0.000000       -155.977533        148.352695     22.333343      9.708920      0.048075     10.096424
      0.431373      0.951119      0.000001      0.000002      0.000000       -158.105055        150.376967     22.924880      9.990232      0.048075     10.096424
      0.441176      0.951119      0.000001      0.000004      0.000000       -160.233047        152.401224     23.516418     10.271543      0.048075     10.096424
      0.450980      0.951119      0.000000      0.000004      0.000000       -162.361371        154.425470     24.107955     10.552854      0.048075     10.096424
      0.460784      0.951119      0.000000      0.000002      0.000000       -164.489847        156.449711     24.699492     10.834165      0.048075     10.096424
      0.470588      0.951119     -0.000000      0.000001      0.000000       -166.618335        158.473951     25.291029     11.115476      0.048075     10.096424
      0.480392      0.951119     -0.000000     -0.000000      0.000000       -168.746760        160.498194     25.882566     11.396787      0.048075     10.096424
      0.490196      0.951119     -0.000000     -0.000001      0.000000       -170.875105        162.522439     26.474103     11.678098      0.048075     10.096424
      0.500000      0.951119     -0.000000     -0.000001      0.000000       -173.003390        164.546686     27.065641     11.959409      0.048075     10.096424
      0.509804      0.951119     -0.000000     -0.000000      0.000000       -175.131641        166.570934     27.657178     12.240720      0.048075     10.096424
      0.519608      0.951119      0.000000     -0.000000      0.000000       -177.259886        168.595183     28.248715     12.522031      0.048075     10.096424
      0.529412      0.951119      0.000000     -0.000000      0.000000       -179.388137        170.619431     28.840252     12.803342      0.048075     10.096424
      0.539216      0.951119      0.000000      0.000000      0.000000       -181.516402        172.643679     29.431789     13.084653      0.048075     10.096424
      0.549020      0.951119      0.000000      0.000000      0.000000       -183.644679        174.667927     30.023327     13.365965      0.048075     10.096424
      0.558824      0.951119      0.000000      0.000000      0.000000       -185.772963        176.692174     30.614864     13.647276      0.048075     10.096424
      0.568627      0.951119      0.000000      0.000000      0.000000       -187.901250        178.716421     31.206401     13.928587      0.048075     10.096424
      0.578431      0.951119      0.000000     -0.000000      0.000000       -190.029538        180.740668     31.797938     14.209898      0.048075     10.096424
      0.588235      0.951119      0.000000     -0.000000      0.000000       -192.157827        182.764915     32.389475     14.491209      0.048075     10.096424
      0.598039      0.951119      0.000000     -0.000000      0.000000       -194.286117        184.789162     32.981013     14.772520      0.048075     10.096424
      0.607843      0.951119      0.000000     -0.000000      0.000000       -196.414415        186.813409     33.572550     15.053831      0.048075     10.096424
      0.617647      0.951119      0.000000     -0.000000      0.000000       -198.542726        188.837655     34.164087     15.335142      0.048075     10.096424
      0.627451      0.951119      0.000000     -0.000001      0.000000       -200.671066        190.861900     34.755624     15.616453      0.048075     10.096424
      0.637255      0.951119      0.000000     -0.000001      0.000000       -202.799461        192.886144     35.347161     15.897764      0.048075     10.096424
      0.647059      0.951119      0.000000     -0.000002      0.000000       -204.927959        194.910384     35.938699     16.179075      0.048075     10.096424
      0.656863      0.951119      0.000001     -0.000004      0.000000       -207.056649        196.934618     36.530236     16.460386      0.048075     10.096424
      0.666667      0.951119      0.000001     -0.000008      0.000000       -209.185700        198.958839     37.121773     16.741697      0.048075     10.096424
      0.676471      0.951118      0.000002     -0.000015      0.000000       -211.315424        200.983039     37.713310     17.023008      0.048075     10.096424
      0.686275      0.951118      0.000005     -0.000029      0.000000       -213.446403        203.007197     38.304847     17.304319      0.048075     10.096424
      0.696078      0.951117      0.000009     -0.000053      0.000000       -215.579720        205.031277     38.896383     17.585629      0.048075     10.096424
      0.705882      0.951116      0.000016     -0.000098      0.000000       -217.717378        207.055214     39.487919     17.866939      0.048075     10.096424
      0.715686      0.951114      0.000029     -0.000181      0.000000       -219.863082        209.078883     40.079454     18.148248      0.048075     10.096424
      0.725490      0.951110      0.000054     -0.000333      0.000000       -222.023665        211.102060     40.670987     18.429556      0.048075     10.096424
      0.735294      0.951103      0.000099     -0.000612      0.000000       -224.211702        213.124326     41.262517     18.710860      0.048075     10.096424
      0.745098      0.951089      0.000183     -0.001122      0.000000       -226.450272        215.144915     41.854041     18.992158      0.048075     10.096424
      0.754902      0.951064      0.000335     -0.002051      0.000000       -228.781582        217.162426     42.445553     19.273445      0.048075     10.096424
      0.764706      0.951019      0.000613     -0.003741      0.000000       -231.282473        219.174297     43.037043     19.554711      0.048075     10.096424
      0.774510      0.950936      0.001120     -0.006802      0.000000       -234.091887        221.175884     43.628495     19.835941      0.048075     10.096424
      0.784314      0.950784      0.002040     -0.012316      0.000000       -237.458339        223.158814     44.219876     20.117103      0.048075     10.096424
      0.794118      0.950507      0.003700     -0.022169      0.000000       -241.818234        225.108179     44.811127     20.398141      0.048075     10.096424
      0.803922      0.950008      0.006675     -0.039541      0.000000       -247.913675        226.997973     45.402144     20.678954      0.048075     10.096424
      0.813725      0.949111      0.011941     -0.069504      0.000000       -256.935545        228.784394     45.992738     20.959357      0.048075     10.096424
      0.823529      0.947517      0.021088     -0.119330      0.000000       -270.599030        230.398067     46.582578     21.239019      0.048075     10.096424
      0.833333      0.944731      0.036501     -0.197444      0.000000       -290.890032        231.740413     47.171087     21.517345      0.048075     10.096424
      0.843137      0.939984      0.061303     -0.309399      0.000000       -319.084503        232.696262     47.757302     21.793292      0.048075     10.096424
      0.852941      0.932187      0.098749     -0.451063      0.000000       -354.096112        233.175314     48.339681     22.065099      0.048075     10.096424
      0.862745      0.919984      0.151013     -0.605014      0.000000       -391.636402        233.169818     48.915915     22.329984      0.048075     10.096424
      0.872549      0.901936      0.218144     -0.747774      0.000000       -426.033912        232.776836     49.482815     22.583988      0.048075     10.096424
      0.882353      0.876765      0.298126     -0.863029      0.000000       -453.456286        232.151882     50.036332     22.822175      0.048075     10.096424
      0.892157      0.843547      0.387962     -0.947197      0.000000       -473.188676        231.437229     50.571730     23.039250      0.048075     10.096424
      0.901961      0.801770      0.484775     -1.005144      0.000000       -486.523733        230.724525     51.083823     23.230400      0.048075     10.096424
      0.911765      0.751306      0.586323     -1.044053      0.000000       -495.259340        230.057428     51.567230     23.392086      0.048075     10.096424
      0.921569      0.692341      0.691044     -1.070138      0.000000       -500.920617        229.449045     52.016591     23.522594      0.048075     10.096424
      0.931373      0.625313      0.797903     -1.087858      0.000000       -504.588395        228.897069     52.426744     23.622275      0.048075     10.096424
      0.941176      0.550856      0.906229     -1.100170      0.000000       -506.971046        228.392765     52.792862     23.693482      0.048075     10.096424
      0.950980      0.469762      1.015588     -1.108974      0.000000       -508.518600        227.925330     53.110564     23.740231      0.048075     10.096424
      0.960784      0.382949      1.125696     -1.115490      0.000000       -509.514861        227.483661     53.376002     23.767663      0.048075     10.096424
      0.970588      0.291436      1.236371     -1.120511      0.000000       -510.139615        227.056875     53.585930     23.781366      0.048075     10.096424
      0.980392      0.196326      1.347491     -1.124570      0.000000       -510.507880        226.634321     53.737766     23.786659      0.048075     10.096424
      0.990196      0.098778      1.458982     -1.128039      0.000000       -510.694126        226.205424     53.829630     23.787913      0.048075     10.096424
      1.000000      0.000000      1.570796     -1.130712      0.000000       -510.745672        225.851349     53.860379     23.787998      0.048075     10.096424
