             t             r           psi            cs            qs                 p               sig             A             V            Q2             S
      0.000000      0.000000     -1.570796     -0.992382      0.000000      -5285.811262       2663.193976      0.000000      0.000000      0.009762      6.863656
      0.004902      0.033639     -1.537406     -0.992463      0.000000      -5285.816473       2663.035916      0.003556      0.000001      0.009762      6.863656
      0.009804      0.067241     -1.504013     -0.992550      0.000000      -5285.833164       2662.870760      0.014220      0.000016      0.009762      6.863656
      0.014706      0.100767     -1.470617     -0.992639      0.000000      -5285.862676       2662.707906      0.031980      0.000081      0.009762      6.863656
      0.019608      0.134182     -1.437217     -0.992731      0.000000      -5285.906462       2662.546868      0.056817      0.000254      0.009762      6.863656
      0.024510      0.167446     -1.403815     -0.992827      0.000000      -5285.966175       2662.387157      0.088702      0.000619      0.009762      6.863656
      0.029412      0.200524     -1.370409     -0.992929      0.000000      -5286.043716       2662.228276      0.127600      0.001277      0.009762      6.863656
      0.034314      0.233378     -1.337000     -0.993036      0.000000      -5286.141301       2662.069724      0.173467      0.002355      0.009762      6.863656
      0.039216      0.265972     -1.303587     -0.993150      0.000000      -5286.261515       2661.910987      0.226254      0.003996      0.009762      6.863656
      0.044118      0.298269     -1.270170     -0.993273      0.000000      -5286.407391       2661.751541      0.285900      0.006361      0.009762      6.863656
      0.049020      0.330233     -1.236749     -0.993406      0.000000      -5286.582497       2661.590844      0.352338      0.009627      0.009762      6.863656
      0.053922      0.361828     -1.203323     -0.993550      0.000000      -5286.791048       2661.428335      0.425496      0.013985      0.009762      6.863656
      0.058824      0.393019     -1.169892     -0.993708      0.000000      -5287.038040       2661.263426      0.505291      0.019639      0.009762      6.863656
      0.063725      0.423772     -1.136455     -0.993882      0.000000      -5287.329419       2661.095500      0.591634      0.026800      0.009762      6.863656
      0.068627      0.454051     -1.103013     -0.994075      0.000000      -5287.672291       2660.923898      0.684428      0.035689      0.009762      6.863656
      0.073529      0.483822     -1.069563     -0.994290      0.000000      -5288.075193       2660.747920      0.783571      0.046527      0.009762      6.863656
      0.078431      0.513053     -1.036106     -0.994532      0.000000      -5288.548423       2660.566804      0.888950      0.059542      0.009762      6.863656
      0.083333      0.541710     -1.002640     -0.994804      0.000000      -5289.104480       2660.379726      1.000449      0.074957      0.009762      6.863656
      0.088235      0.569761     -0.969164     -0.995113      0.000000      -5289.758617       2660.185778      1.117943      0.092995      0.009762      6.863656
      0.093137      0.597175     -0.935678     -0.995467      0.000000      -5290.529564       2659.983957      1.241299      0.113869      0.009762      6.863656
      0.098039      0.623920     -0.902178     -0.995873      0.000000      -5291.440483       2659.773143      1.370381      0.137788      0.009762      6.863656
      0.102941      0.649967     -0.868664     -0.996342      0.000000      -5292.520213       2659.552075      1.505044      0.164946      0.009762      6.863656
      0.107843      0.675285     -0.835133     -0.996889      0.000000      -5293.804955       2659.319328      1.645136      0.195525      0.009762      6.863656
      0.112745      0.699845     -0.801581     -0.997530      0.000000      -5295.340529       2659.073272      1.790501      0.229691      0.009762      6.863656
      0.117647      0.723621     -0.768007     -0.998288      0.000000      -5297.185464       2658.812032      1.940975      0.267591      0.009762      6.863656
      0.122549      0.746583     -0.734404     -0.999191      0.000000      -5299.415267       2658.533438      2.096391      0.309352      0.009762      6.863656
      0.127451      0.768707     -0.700768     -1.000276      0.000000      -5302.128402       2658.234957      2.256572      0.355080      0.009762      6.863656
      0.132353      0.789964     -0.667092     -1.001592      0.000000      -5305.454778       2657.913616      2.421339      0.404856      0.009762      6.863656
      0.137255      0.810331     -0.633367     -1.003203      0.000000      -5309.567997       2657.565895      2.590506      0.458736      0.009762      6.863656
      0.142157      0.829783     -0.599582     -1.005199      0.000000      -5314.703305       2657.187609      2.763883      0.516750      0.009762      6.863656
      0.147059      0.848295     -0.565721     -1.007700      0.000000      -5321.184395       2656.773747      2.941272      0.578900      0.009762      6.863656
      0.151961      0.865845     -0.531765     -1.010876      0.000000      -5329.464182       2656.318282      3.122474      0.645161      0.009762      6.863656
      0.156863      0.882408     -0.497688     -1.014969      0.000000      -5340.188124       2655.813947      3.307282      0.715477      0.009762      6.863656
      0.161765      0.897961     -0.463453     -1.020331      0.000000      -5354.294705       2655.251983      3.495485      0.789765      0.009762      6.863656
      0.166667      0.912481     -0.429009     -1.027485      0.000000      -5373.178437       2654.621916      3.686868      0.867913      0.009762      6.863656
      0.171569      0.925944     -0.394284     -1.037226      0.000000      -5398.959972       2653.911484      3.881208      0.949779      0.009762      6.863656
      0.176471      0.938322     -0.359171     -1.050793      0.000000      -5434.941624       2653.107068      4.078280      1.035193      0.009762      6.863656
      0.181373      0.949586     -0.323511     -1.070157      0.000000      -5486.380677       2652.195546      4.277852      1.123958      0.009762      6.863656
      0.186275      0.959700     -0.287059     -1.098502      0.000000      -5561.772441       2651.169946      4.479684      1.215847      0.009762      6.863656
      0.191176      0.968621     -0.249435     -1.140932      0.000000      -5674.746686       2650.045287      4.683530      1.310606      0.009762      6.863656
      0.196078      0.976288     -0.210043     -1.205014      0.000000      -5845.568489       2648.901718      4.889129      1.407949      0.009762      6.863656
      0.200980      0.982619     -0.168016     -1.298358      0.000000      -6094.941732       2647.998375      5.096210      1.507557      0.009762      6.863656
      0.205882      0.987498     -0.122435     -1.410663      0.000000      -6396.980668       2648.038924      5.304479      1.609055      0.009762      6.863656
      0.210784      0.990798     -0.073829     -1.451571      0.000000      -6515.275353       2650.523332      5.513613      1.711993      0.009762      6.863656
      0.215686      0.992487     -0.027915     -1.217453      0.000000      -5910.996554       2657.068654      5.723274      1.815821      0.009762      6.863656
      0.220588      0.992827      0.004803     -0.706043      0.000000      -4568.559108       2666.594323      5.933141      1.919983      0.009762      6.863656
      0.225490      0.992362      0.020226     -0.240774      0.000000      -3339.986436       2675.701930      6.142985      2.024122      0.009762      6.863656
      0.230392      0.991604      0.023303      0.026372      0.000000      -2633.969646       2682.738854      6.352692      2.128109      0.009762      6.863656
      0.235294      0.990863      0.020141      0.142732      0.000000      -2328.510346       2687.925313      6.562237      2.231937      0.009762      6.863656
      0.240196      0.990275      0.014630      0.175045      0.000000      -2246.830647       2691.887576      6.771640      2.335633      0.009762      6.863656
      0.245098      0.989881      0.008836      0.164522      0.000000      -2279.165608       2695.128127      6.980939      2.439236      0.009762      6.863656
      0.250000      0.989672      0.003785      0.133586      0.000000      -2365.712547       2697.987475      7.190175      2.542780      0.009762      6.863656
      0.254902      0.989613     -0.000067      0.094836      0.000000      -2472.916650       2700.692608      7.399383      2.646300      0.009762      6.863656
      0.259804      0.989661     -0.002596      0.055960      0.000000      -2580.346661       2703.396032      7.608591      2.749819      0.009762      6.863656
      0.264706      0.989774     -0.003888      0.021928      0.000000      -2674.796019       2706.197261      7.817816      2.853355      0.009762      6.863656
      0.269608      0.989911     -0.004161     -0.004209      0.000000      -2748.141564       2709.153088      8.027069      2.956917      0.009762      6.863656
      0.274510      0.990045     -0.003709     -0.021123      0.000000      -2796.826765       2712.283350      8.236351      3.060509      0.009762      6.863656
      0.279412      0.990156     -0.002840     -0.029103      0.000000      -2821.594609       2715.577143      8.445659      3.164127      0.009762      6.863656
      0.284314      0.990235     -0.001833     -0.029743      0.000000      -2826.681156       2719.001778      8.654987      3.267764      0.009762      6.863656
      0.289216      0.990280     -0.000895     -0.025385      0.000000      -2818.345337       2722.513875      8.864328      3.371415      0.009762      6.863656
      0.294118      0.990297     -0.000153     -0.018482      0.000000      -2803.162830       2726.070060      9.073675      3.475073      0.009762      6.863656
      0.299020      0.990294      0.000343     -0.011089      0.000000      -2786.659424       2729.634711      9.283024      3.578732      0.009762      6.863656
      0.303922      0.990277      0.000603     -0.004607      0.000000      -2772.610655       2733.183624      9.492371      3.682388      0.009762      6.863656
      0.308824      0.990255      0.000672      0.000239      0.000000      -2762.979475       2736.704108      9.701713      3.786041      0.009762      6.863656
      0.313725      0.990233      0.000608      0.003271      0.000000      -2758.255722       2740.192843      9.911051      3.889688      0.009762      6.863656
      0.318627      0.990215      0.000470      0.004673      0.000000      -2757.943528       2743.652887     10.120384      3.993332      0.009762      6.863656
      0.323529      0.990202      0.000307      0.004822      0.000000      -2761.025676       2747.090752     10.329714      4.096972      0.009762      6.863656
      0.328431      0.990194      0.000155      0.004154      0.000000      -2766.326066       2750.514075     10.539042      4.200610      0.009762      6.863656
      0.333333      0.990191      0.000033      0.003071      0.000000      -2772.753027       2753.929998     10.748369      4.304247      0.009762      6.863656
      0.338235      0.990192     -0.000051      0.001894      0.000000      -2779.436018       2757.344238     10.957696      4.407883      0.009762      6.863656
      0.343137      0.990194     -0.000096      0.000841      0.000000      -2785.778471       2760.760716     11.167022      4.511520      0.009762      6.863656
      0.348039      0.990198     -0.000110      0.000034      0.000000      -2791.450875       2764.181597     11.376350      4.615158      0.009762      6.863656
      0.352941      0.990201     -0.000102     -0.000488      0.000000      -2796.346398       2767.607579     11.585678      4.718796      0.009762      6.863656
      0.357843      0.990204     -0.000080     -0.000746      0.000000      -2800.518340       2771.038306     11.795007      4.822435      0.009762      6.863656
      0.362745      0.990207     -0.000054     -0.000794      0.000000      -2804.114866       2774.472805     12.004337      4.926075      0.009762      6.863656
      0.367647      0.990208     -0.000029     -0.000699      0.000000      -2807.321893       2777.909855     12.213667      5.029715      0.009762      6.863656
      0.372549      0.990209     -0.000008     -0.000528      0.000000      -2810.320228       2781.348272     12.422997      5.133355      0.009762      6.863656
      0.377451      0.990209      0.000007     -0.000336      0.000000      -2813.258787       2784.787080     12.632327      5.236996      0.009762      6.863656
      0.382353      0.990208      0.000015     -0.000160      0.000000      -2816.242473       2788.225592     12.841657      5.340636      0.009762      6.863656
      0.387255      0.990208      0.000018     -0.000022      0.000000      -2819.331419       2791.663415     13.050987      5.444276      0.009762      6.863656
      0.392157      0.990207      0.000017      0.000070      0.000000      -2822.547607       2795.100405     13.260317      5.547916      0.009762      6.863656
      0.397059      0.990207      0.000014      0.000118      0.000000      -2825.885145       2798.536601     13.469647      5.651556      0.009762      6.863656
      0.401961      0.990206      0.000009      0.000130      0.000000      -2829.321218       2801.972151     13.678977      5.755196      0.009762      6.863656
      0.406863      0.990206      0.000005      0.000117      0.000000      -2832.825757       2805.407252     13.888307      5.858836      0.009762      6.863656
      0.411765      0.990206      0.000002      0.000091      0.000000      -2836.368756       2808.842102     14.097636      5.962475      0.009762      6.863656
      0.416667      0.990206     -0.000001      0.000060      0.000000      -2839.924943       2812.276865     14.306966      6.066115      0.009762      6.863656
      0.421569      0.990206     -0.000002      0.000030      0.000000      -2843.476034       2815.711661     14.516295      6.169755      0.009762      6.863656
      0.426471      0.990206     -0.000003      0.000007      0.000000      -2847.011087       2819.146563     14.725625      6.273394      0.009762      6.863656
      0.431373      0.990206     -0.000003     -0.000009      0.000000      -2850.525576       2822.581599     14.934955      6.377034      0.009762      6.863656
      0.436275      0.990206     -0.000002     -0.000018      0.000000      -2854.019802       2826.016768     15.144284      6.480674      0.009762      6.863656
      0.441176      0.990206     -0.000002     -0.000021      0.000000      -2857.497118       2829.452048     15.353614      6.584314      0.009762      6.863656
      0.446078      0.990206     -0.000001     -0.000020      0.000000      -2860.962311       2832.887407     15.562944      6.687953      0.009762      6.863656
      0.450980      0.990206     -0.000000     -0.000016      0.000000      -2864.420347       2836.322813     15.772273      6.791593      0.009762      6.863656
      0.455882      0.990206      0.000000     -0.000011      0.000000      -2867.875532       2839.758238     15.981603      6.895233      0.009762      6.863656
      0.460784      0.990206      0.000000     -0.000006      0.000000      -2871.331075       2843.193660     16.190933      6.998873      0.009762      6.863656
      0.465686      0.990206      0.000000     -0.000002      0.000000      -2874.788986       2846.629067     16.400263      7.102513      0.009762      6.863656
      0.470588      0.990206      0.000000      0.000001      0.000000      -2878.250189       2850.064453     16.609592      7.206152      0.009762      6.863656
      0.475490      0.990206      0.000000      0.000003      0.000000      -2881.714768       2853.499816     16.818922      7.309792      0.009762      6.863656
      0.480392      0.990206      0.000000      0.000003      0.000000      -2885.182253       2856.935160     17.028252      7.413432      0.009762      6.863656
      0.485294      0.990206      0.000000      0.000003      0.000000      -2888.651893       2860.370490     17.237581      7.517072      0.009762      6.863656
      0.490196      0.990206      0.000000      0.000003      0.000000      -2892.122870       2863.805811     17.446911      7.620712      0.009762      6.863656
      0.495098      0.990206      0.000000      0.000002      0.000000      -2895.594450       2867.241129     17.656241      7.724351      0.009762      6.863656
      0.500000      0.990206     -0.000000      0.000001      0.000000      -2899.066068       2870.676446     17.865570      7.827991      0.009762      6.863656
      0.504902      0.990206     -0.000000      0.000000      0.000000      -2902.537355       2874.111765     18.074900      7.931631      0.009762      6.863656
      0.509804      0.990206     -0.000000     -0.000000      0.000000      -2906.008123       2877.547088     18.284230      8.035271      0.009762      6.863656
      0.514706      0.990206     -0.000000     -0.000000      0.000000      -2909.478332       2880.982414     18.493559      8.138911      0.009762      6.863656
      0.519608      0.990206     -0.000000     -0.000001      0.000000      -2912.948042       2884.417744     18.702889      8.242550      0.009762      6.863656
      0.524510      0.990206     -0.000000     -0.000001      0.000000      -2916.417369       2887.853076     18.912219      8.346190      0.009762      6.863656
      0.529412      0.990206     -0.000000     -0.000000      0.000000      -2919.886446       2891.288410     19.121549      8.449830      0.009762      6.863656
      0.534314      0.990206     -0.000000     -0.000000      0.000000      -2923.355398       2894.723744     19.330878      8.553470      0.009762      6.863656
      0.539216      0.990206      0.000000     -0.000000      0.000000      -2926.824324       2898.159079     19.540208      8.657109      0.009762      6.863656
      0.544118      0.990206      0.000000     -0.000000      0.000000      -2930.293294       2901.594414     19.749538      8.760749      0.009762      6.863656
      0.549020      0.990206      0.000000     -0.000000      0.000000      -2933.762344       2905.029748     19.958867      8.864389      0.009762      6.863656
      0.553922      0.990206      0.000000      0.000000      0.000000      -2937.231487       2908.465081     20.168197      8.968029      0.009762      6.863656
      0.558824      0.990206      0.000000      0.000000      0.000000      -2940.700718       2911.900414     20.377527      9.071669      0.009762      6.863656
      0.563725      0.990206      0.000000      0.000000      0.000000      -2944.170020       2915.335746     20.586856      9.175308      0.009762      6.863656
      0.568627      0.990206      0.000000      0.000000      0.000000      -2947.639374       2918.771078     20.796186      9.278948      0.009762      6.863656
      0.573529      0.990206      0.000000      0.000000      0.000000      -2951.108762       2922.206410     21.005516      9.382588      0.009762      6.863656
      0.578431      0.990206      0.000000      0.000000      0.000000      -2954.578170       2925.641741     21.214846      9.486228      0.009762      6.863656
      0.583333      0.990206      0.000000     -0.000000      0.000000      -2958.047592       2929.077073     21.424175      9.589868      0.009762      6.863656
      0.588235      0.990206      0.000000     -0.000000      0.000000      -2961.517033       2932.512404     21.633505      9.693507      0.009762      6.863656
      0.593137      0.990206      0.000000     -0.000000      0.000000      -2964.986504       2935.947735     21.842835      9.797147      0.009762      6.863656
      0.598039      0.990206      0.000000     -0.000000      0.000000      -2968.456031       2939.383066     22.052164      9.900787      0.009762      6.863656
      0.602941      0.990206      0.000000     -0.000000      0.000000      -2971.925655       2942.818396     22.261494     10.004427      0.009762      6.863656
      0.607843      0.990206      0.000000     -0.000000      0.000000      -2975.395438       2946.253725     22.470824     10.108066      0.009762      6.863656
      0.612745      0.990206      0.000000     -0.000001      0.000000      -2978.865476       2949.689053     22.680153     10.211706      0.009762      6.863656
      0.617647      0.990206      0.000000     -0.000001      0.000000      -2982.335913       2953.124378     22.889483     10.315346      0.009762      6.863656
      0.622549      0.990206      0.000000     -0.000002      0.000000      -2985.806969       2956.559698     23.098813     10.418986      0.009762      6.863656
      0.627451      0.990206      0.000000     -0.000003      0.000000      -2989.278982       2959.995013     23.308142     10.522626      0.009762      6.863656
      0.632353      0.990206      0.000000     -0.000004      0.000000      -2992.752474       2963.430318     23.517472     10.626265      0.009762      6.863656
      0.637255      0.990206      0.000000     -0.000006      0.000000      -2996.228244       2966.865608     23.726802     10.729905      0.009762      6.863656
      0.642157      0.990206      0.000001     -0.000010      0.000000      -2999.707530       2970.300875     23.936132     10.833545      0.009762      6.863656
      0.647059      0.990206      0.000001     -0.000015      0.000000      -3003.192237       2973.736106     24.145461     10.937185      0.009762      6.863656
      0.651961      0.990206      0.000002     -0.000023      0.000000      -3006.685304       2977.171283     24.354791     11.040824      0.009762      6.863656
      0.656863      0.990206      0.000003     -0.000035      0.000000      -3010.191262       2980.606375     24.564121     11.144464      0.009762      6.863656
      0.661765      0.990206      0.000004     -0.000054      0.000000      -3013.717097       2984.041337     24.773450     11.248104      0.009762      6.863656
      0.666667      0.990206      0.000006     -0.000083      0.000000      -3017.273571       2987.476098     24.982780     11.351744      0.009762      6.863656
      0.671569      0.990205      0.000010     -0.000128      0.000000      -3020.877269       2990.910550     25.192109     11.455383      0.009762      6.863656
      0.676471      0.990205      0.000015     -0.000197      0.000000      -3024.553730       2994.344525     25.401439     11.559023      0.009762      6.863656
      0.681373      0.990204      0.000024     -0.000303      0.000000      -3028.342282       2997.777765     25.610768     11.662662      0.009762      6.863656
      0.686275      0.990203      0.000036     -0.000467      0.000000      -3032.303445       3001.209875     25.820097     11.766302      0.009762      6.863656
      0.691176      0.990202      0.000056     -0.000719      0.000000      -3036.530306       3004.640242     26.029426     11.869941      0.009762      6.863656
      0.696078      0.990200      0.000086     -0.001106      0.000000      -3041.165924       3008.067929     26.238755     11.973579      0.009762      6.863656
      0.700980      0.990196      0.000133     -0.001701      0.000000      -3046.429900       3011.491492     26.448083     12.077217      0.009762      6.863656
      0.705882      0.990190      0.000204     -0.002614      0.000000      -3052.658756       3014.908717     26.657410     12.180854      0.009762      6.863656
      0.710784      0.990182      0.000314     -0.004016      0.000000      -3060.366879       3018.316210     26.866735     12.284490      0.009762      6.863656
      0.715686      0.990169      0.000483     -0.006164      0.000000      -3070.337524       3021.708784     27.076059     12.388123      0.009762      6.863656
      0.720588      0.990148      0.000742     -0.009448      0.000000      -3083.756444       3025.078539     27.285378     12.491753      0.009762      6.863656
      0.725490      0.990117      0.001138     -0.014451      0.000000      -3102.402829       3028.413513     27.494693     12.595378      0.009762      6.863656
      0.730392      0.990069      0.001743     -0.022037      0.000000      -3128.910052       3031.695742     27.703999     12.698994      0.009762      6.863656
      0.735294      0.989996      0.002663     -0.033457      0.000000      -3167.094093       3034.898602     27.913292     12.802598      0.009762      6.863656
      0.740196      0.989885      0.004057     -0.050462      0.000000      -3222.304638       3037.983407     28.122567     12.906182      0.009762      6.863656
      0.745098      0.989716      0.006148     -0.075379      0.000000      -3301.657525       3040.895610     28.331812     13.009737      0.009762      6.863656
      0.750000      0.989460      0.009249     -0.111049      0.000000      -3413.836187       3043.561778     28.541013     13.113246      0.009762      6.863656
      0.754902      0.989077      0.013774     -0.160448      0.000000      -3567.941624       3045.889806     28.750147     13.216686      0.009762      6.863656
      0.759804      0.988511      0.020226     -0.225828      0.000000      -3770.841799       3047.776318     28.959182     13.320019      0.009762      6.863656
      0.764706      0.987689      0.029153     -0.307390      0.000000      -4023.089926       3049.124941     29.168071     13.423193      0.009762      6.863656
      0.769608      0.986517      0.041058     -0.402019      0.000000      -4315.060870       3049.874446     29.376752     13.526127      0.009762      6.863656
      0.774510      0.984889      0.056279     -0.503135      0.000000      -4626.493810       3050.026258     29.585139     13.628714      0.009762      6.863656
      0.779412      0.982694      0.074893     -0.602333      0.000000      -4931.571077       3049.654177     29.793123     13.730807      0.009762      6.863656
      0.784314      0.979819      0.096704     -0.692119      0.000000      -5207.339039       3048.886523     30.000574     13.832220      0.009762      6.863656
      0.789216      0.976166      0.121309     -0.767996      0.000000      -5440.092698       3047.869901     30.207336     13.932733      0.009762      6.863656
      0.794118      0.971651      0.148213     -0.828818      0.000000      -5626.437171       3046.735170     30.413236     14.032096      0.009762      6.863656
      0.799020      0.966210      0.176925     -0.875825      0.000000      -5770.275772       3045.579457     30.618085     14.130037      0.009762      6.863656
      0.803922      0.959794      0.207019     -0.911359      0.000000      -5878.867731       3044.464327     30.821681     14.226275      0.009762      6.863656
      0.808824      0.952370      0.238151     -0.937932      0.000000      -5959.960465       3043.422811     31.023815     14.320527      0.009762      6.863656
      0.813725      0.943914      0.270058     -0.957752      0.000000      -6020.351852       3042.468529     31.224271     14.412514      0.009762      6.863656
      0.818627      0.934414      0.302543     -0.972580      0.000000      -6065.451822       3041.603400     31.422829     14.501965      0.009762      6.863656
      0.823529      0.923864      0.335462     -0.983745      0.000000      -6099.344640       3040.823055     31.619268     14.588628      0.009762      6.863656
      0.828431      0.912262      0.368710     -0.992227      0.000000      -6125.028665       3040.120217     31.813365     14.672268      0.009762      6.863656
      0.833333      0.899614      0.402208     -0.998734      0.000000      -6144.676100       3039.486654     32.004898     14.752669      0.009762      6.863656
      0.838235      0.885924      0.435899     -1.003777      0.000000      -6159.854100       3038.914215     32.193648     14.829642      0.009762      6.863656
      0.843137      0.871206      0.469741     -1.007727      0.000000      -6171.694989       3038.395330     32.379395     14.903023      0.009762      6.863656
      0.848039      0.855470      0.503701     -1.010853      0.000000      -6181.021011       3037.923208     32.561922     14.972674      0.009762      6.863656
      0.852941      0.838732      0.537755     -1.013350      0.000000      -6188.433497       3037.491876     32.741017     15.038486      0.009762      6.863656
      0.857843      0.821009      0.571884     -1.015365      0.000000      -6194.375891       3037.096137     32.916469     15.100377      0.009762      6.863656
      0.862745      0.802319      0.606075     -1.017005      0.000000      -6199.178139       3036.731493     33.088072     15.158295      0.009762      6.863656
      0.867647      0.782684      0.640316     -1.018352      0.000000      -6203.088006       3036.394064     33.255623     15.212218      0.009762      6.863656
      0.872549      0.762124      0.674598     -1.019467      0.000000      -6206.293257       3036.080497     33.418925     15.262150      0.009762      6.863656
      0.877451      0.740663      0.708915     -1.020397      0.000000      -6208.937472       3035.787894     33.577786     15.308126      0.009762      6.863656
      0.882353      0.718325      0.743260     -1.021178      0.000000      -6211.131408       3035.513745     33.732016     15.350204      0.009762      6.863656
      0.887255      0.695137      0.777629     -1.021840      0.000000      -6212.961223       3035.255862     33.881434     15.388471      0.009762      6.863656
      0.892157      0.671124      0.812019     -1.022403      0.000000      -6214.494481       3035.012336     34.025862     15.423036      0.009762      6.863656
      0.897059      0.646315      0.846426     -1.022886      0.000000      -6215.784571       3034.781489     34.165129     15.454030      0.009762      6.863656
      0.901961      0.620738      0.880849     -1.023303      0.000000      -6216.873991       3034.561844     34.299070     15.481607      0.009762      6.863656
      0.906863      0.594425      0.915285     -1.023665      0.000000      -6217.796803       3034.352085     34.427525     15.505936      0.009762      6.863656
      0.911765      0.567405      0.949732     -1.023981      0.000000      -6218.580488       3034.151043     34.550343     15.527204      0.009762      6.863656
      0.916667      0.539711      0.984189     -1.024258      0.000000      -6219.247355       3033.957663     34.667377     15.545609      0.009762      6.863656
      0.921569      0.511375      1.018654     -1.024503      0.000000      -6219.815620       3033.770994     34.778488     15.561361      0.009762      6.863656
      0.926471      0.482431      1.053128     -1.024720      0.000000      -6220.300239       3033.590168     34.883543     15.574679      0.009762      6.863656
      0.931373      0.452912      1.087608     -1.024915      0.000000      -6220.713557       3033.414391     34.982419     15.585783      0.009762      6.863656
      0.936275      0.422855      1.122095     -1.025089      0.000000      -6221.065813       3033.242925     35.074997     15.594901      0.009762      6.863656
      0.941176      0.392295      1.156587     -1.025246      0.000000      -6221.365536       3033.075088     35.161167     15.602255      0.009762      6.863656
      0.946078      0.361267      1.191084     -1.025389      0.000000      -6221.619867       3032.910235     35.240826     15.608067      0.009762      6.863656
      0.950980      0.329809      1.225586     -1.025520      0.000000      -6221.834802       3032.747758     35.313880     15.612552      0.009762      6.863656
      0.955882      0.297959      1.260092     -1.025640      0.000000      -6222.015401       3032.587079     35.380242     15.615916      0.009762      6.863656
      0.960784      0.265753      1.294602     -1.025752      0.000000      -6222.165944       3032.427641     35.439832     15.618353      0.009762      6.863656
      0.965686      0.233231      1.329116     -1.025855      0.000000      -6222.290067       3032.268907     35.492580     15.620045      0.009762      6.863656
      0.970588      0.200431      1.363633     -1.025953      0.000000      -6222.390868       3032.110354     35.538423     15.621157      0.009762      6.863656
      0.975490      0.167392      1.398153     -1.026045      0.000000      -6222.470993       3031.951472     35.577306     15.621838      0.009762      6.863656
      0.980392      0.134154      1.432676     -1.026132      0.000000      -6222.532712       3031.791760     35.609182     15.622214      0.009762      6.863656
      0.985294      0.100756      1.467202     -1.026216      0.000000      -6222.577980       3031.630721     35.634015     15.622394      0.009762      6.863656
      0.990196      0.067237      1.501731     -1.026297      0.000000      -6222.608495       3031.467867     35.651773     15.622461      0.009762      6.863656
      0.995098      0.033639      1.536262     -1.026375      0.000000      -6222.625757       3031.302710     35.662437     15.622476      0.009762      6.863656
      1.000000     -0.000000      1.570796     -1.026449      0.000000      -6222.631147       3031.144650     35.665993     15.622477      0.009762      6.863656
