             t             r           psi            cs            qs                 p               sig             A             V            Q2             S
      0.000000      0.000000     -1.570796     -0.843034      0.000000        -13.452469          7.978603      0.000000      0.000000      0.196826      2.968524
      0.009804      0.029100     -1.546238     -0.848094      0.000000        -13.453845          7.951690      0.002661      0.000000      0.196826      2.968524
      0.019608      0.058183     -1.521353     -0.861821      0.000000        -13.461989          7.866687      0.010642      0.000008      0.196826      2.968524
      0.029412      0.087229     -1.496073     -0.875520      0.000000        -13.476236          7.783647      0.023937      0.000039      0.196826      2.968524
      0.039216      0.116220     -1.470387     -0.889806      0.000000        -13.497157          7.702463      0.042540      0.000123      0.196826      2.968524
      0.049020      0.145135     -1.444274     -0.904844      0.000000        -13.525378          7.623037      0.066437      0.000302      0.196826      2.968524
      0.058824      0.173954     -1.417710     -0.920757      0.000000        -13.561596          7.545284      0.095613      0.000629      0.196826      2.968524
      0.068627      0.202654     -1.390670     -0.937670      0.000000        -13.606593          7.469130      0.130048      0.001170      0.196826      2.968524
      0.078431      0.231211     -1.363121     -0.955717      0.000000        -13.661245          7.394521      0.169719      0.002003      0.196826      2.968524
      0.088235      0.259601     -1.335029     -0.975044      0.000000        -13.726535          7.321417      0.214597      0.003218      0.196826      2.968524
      0.098039      0.287798     -1.306353     -0.995815      0.000000        -13.803570          7.249801      0.264649      0.004917      0.196826      2.968524
      0.107843      0.315774     -1.277050     -1.018207      0.000000        -13.893586          7.179677      0.319837      0.007216      0.196826      2.968524
      0.117647      0.343501     -1.247070     -1.042414      0.000000        -13.997966          7.111080      0.380119      0.010241      0.196826      2.968524
      0.127451      0.370946     -1.216355     -1.068651      0.000000        -14.118254          7.044074      0.445446      0.014127      0.196826      2.968524
      0.137255      0.398078     -1.184845     -1.097146      0.000000        -14.256159          6.978764      0.515763      0.019025      0.196826      2.968524
      0.147059      0.424859     -1.152470     -1.128145      0.000000        -14.413567          6.915299      0.591010      0.025090      0.196826      2.968524
      0.156863      0.451252     -1.119153     -1.161905      0.000000        -14.592536          6.853882      0.671119      0.032490      0.196826      2.968524
      0.166667      0.477215     -1.084811     -1.198686      0.000000        -14.795287          6.794779      0.756016      0.041401      0.196826      2.968524
      0.176471      0.502703     -1.049350     -1.238746      0.000000        -15.024176          6.738334      0.845618      0.052003      0.196826      2.968524
      0.186275      0.527669     -1.012674     -1.282316      0.000000        -15.281636          6.684978      0.939833      0.064483      0.196826      2.968524
      0.196078      0.552058     -0.974676     -1.329584      0.000000        -15.570091          6.635252      1.038562      0.079030      0.196826      2.968524
      0.205882      0.575816     -0.935247     -1.380649      0.000000        -15.891806          6.589821      1.141694      0.095834      0.196826      2.968524
      0.215686      0.598878     -0.894276     -1.435478      0.000000        -16.248676          6.549497      1.249108      0.115083      0.196826      2.968524
      0.225490      0.621179     -0.851658     -1.493835      0.000000        -16.641909          6.515262      1.360670      0.136954      0.196826      2.968524
      0.235294      0.642646     -0.807297     -1.555191      0.000000        -17.071597          6.488291      1.476236      0.161616      0.196826      2.968524
      0.245098      0.663202     -0.761116     -1.618618      0.000000        -17.536144          6.469966      1.595644      0.189219      0.196826      2.968524
      0.254902      0.682765     -0.713076     -1.682664      0.000000        -18.031543          6.461892      1.718722      0.219889      0.196826      2.968524
      0.264706      0.701250     -0.663188     -1.745229      0.000000        -18.550546          6.465893      1.845280      0.253718      0.196826      2.968524
      0.274510      0.718570     -0.611535     -1.803470      0.000000        -19.081788          6.483983      1.975113      0.290760      0.196826      2.968524
      0.284314      0.734640     -0.558292     -1.853778      0.000000        -19.609058          6.518308      2.108000      0.331017      0.196826      2.968524
      0.294118      0.749378     -0.503751     -1.891874      0.000000        -20.110972          6.571039      2.243706      0.374436      0.196826      2.968524
      0.303922      0.762715     -0.448336     -1.913104      0.000000        -20.561414          6.644219      2.381979      0.420900      0.196826      2.968524
      0.313725      0.774593     -0.392604     -1.912932      0.000000        -20.931092          6.739557      2.522558      0.470228      0.196826      2.968524
      0.323529      0.784976     -0.337236     -1.887626      0.000000        -21.190397          6.858193      2.665173      0.522177      0.196826      2.968524
      0.333333      0.793853     -0.282998     -1.834994      0.000000        -21.313384          7.000466      2.809548      0.576452      0.196826      2.968524
      0.343137      0.801240     -0.230694     -1.754994      0.000000        -21.282184          7.165728      2.955411      0.632716      0.196826      2.968524
      0.352941      0.807182     -0.181090     -1.649986      0.000000        -21.090757          7.352268      3.102491      0.690615      0.196826      2.968524
      0.362745      0.811751     -0.134853     -1.524529      0.000000        -20.746845          7.557363      3.250531      0.749792      0.196826      2.968524
      0.372549      0.815042     -0.092492     -1.384741      0.000000        -20.271423          7.777474      3.399287      0.809907      0.196826      2.968524
      0.382353      0.817166     -0.054325     -1.237410      0.000000        -19.695778          8.008542      3.548538      0.870649      0.196826      2.968524
      0.392157      0.818244     -0.020476     -1.089103      0.000000        -19.057056          8.246324      3.698079      0.931751      0.196826      2.968524
      0.401961      0.818399      0.009113     -0.945481      0.000000        -18.393501          8.486716      3.847731      0.992985      0.196826      2.968524
      0.411765      0.817753      0.034645     -0.810923      0.000000        -17.740426          8.726005      3.997336      1.054167      0.196826      2.968524
      0.421569      0.816419      0.056431     -0.688426      0.000000        -17.127536          8.961025      4.146758      1.115151      0.196826      2.968524
      0.431373      0.814503      0.074850     -0.579728      0.000000        -16.577671          9.189229      4.295882      1.175824      0.196826      2.968524
      0.441176      0.812095      0.090316     -0.485537      0.000000        -16.106728          9.408682      4.444610      1.236099      0.196826      2.968524
      0.450980      0.809278      0.103252     -0.405799      0.000000        -15.724368          9.618010      4.592858      1.295910      0.196826      2.968524
      0.460784      0.806117      0.114071     -0.339939      0.000000        -15.435101          9.816317      4.740559      1.355208      0.196826      2.968524
      0.470588      0.802669      0.123165     -0.287071      0.000000        -15.239483         10.003091      4.887655      1.413954      0.196826      2.968524
      0.480392      0.798979      0.130896     -0.246144      0.000000        -15.135222         10.178125      5.034097      1.472120      0.196826      2.968524
      0.490196      0.795082      0.137597     -0.216053      0.000000        -15.118116         10.341431      5.179846      1.529681      0.196826      2.968524
      0.500000      0.791002      0.143566     -0.195708      0.000000        -15.182793         10.493179      5.324864      1.586617      0.196826      2.968524
      0.509804      0.786758      0.149073     -0.184075      0.000000        -15.323252         10.633640      5.469122      1.642911      0.196826      2.968524
      0.519608      0.782360      0.154356     -0.180201      0.000000        -15.533260         10.763154      5.612589      1.698545      0.196826      2.968524
      0.529412      0.777810      0.159629     -0.183217      0.000000        -15.806599         10.882090      5.755238      1.753501      0.196826      2.968524
      0.539216      0.773106      0.165080     -0.192346      0.000000        -16.137232         10.990831      5.897042      1.807760      0.196826      2.968524
      0.549020      0.768241      0.170877     -0.206891      0.000000        -16.519387         11.089757      6.037970      1.861302      0.196826      2.968524
      0.558824      0.763204      0.177169     -0.226232      0.000000        -16.947591         11.179238      6.177993      1.914103      0.196826      2.968524
      0.568627      0.757977      0.184086     -0.249816      0.000000        -17.416681         11.259624      6.317078      1.966138      0.196826      2.968524
      0.578431      0.752542      0.191746     -0.277148      0.000000        -17.921779         11.331249      6.455189      2.017377      0.196826      2.968524
      0.588235      0.746876      0.200250     -0.307785      0.000000        -18.458266         11.394424      6.592285      2.067786      0.196826      2.968524
      0.598039      0.740955      0.209689     -0.341321      0.000000        -19.021748         11.449446      6.728322      2.117329      0.196826      2.968524
      0.607843      0.734751      0.220142     -0.377391      0.000000        -19.608021         11.496595      6.863251      2.165966      0.196826      2.968524
      0.617647      0.728235      0.231677     -0.415653      0.000000        -20.213042         11.536141      6.997017      2.213650      0.196826      2.968524
      0.627451      0.721376      0.244353     -0.455794      0.000000        -20.832901         11.568345      7.129561      2.260334      0.196826      2.968524
      0.637255      0.714142      0.258222     -0.497516      0.000000        -21.463807         11.593462      7.260817      2.305963      0.196826      2.968524
      0.647059      0.706501      0.273325     -0.540540      0.000000        -22.102075         11.611748      7.390713      2.350481      0.196826      2.968524
      0.656863      0.698419      0.289695     -0.584600      0.000000        -22.744124         11.623458      7.519172      2.393828      0.196826      2.968524
      0.666667      0.689863      0.307360     -0.629443      0.000000        -23.386486         11.628854      7.646111      2.435940      0.196826      2.968524
      0.676471      0.680798      0.326338     -0.674827      0.000000        -24.025817         11.628199      7.771439      2.476753      0.196826      2.968524
      0.686275      0.671192      0.346642     -0.720521      0.000000        -24.658915         11.621767      7.895060      2.516198      0.196826      2.968524
      0.696078      0.661012      0.368278     -0.766306      0.000000        -25.282741         11.609834      8.016873      2.554208      0.196826      2.968524
      0.705882      0.650227      0.391245     -0.811977      0.000000        -25.894449         11.592685      8.136769      2.590717      0.196826      2.968524
      0.715686      0.638806      0.415537     -0.857340      0.000000        -26.491405         11.570609      8.254636      2.625657      0.196826      2.968524
      0.725490      0.626721      0.441143     -0.902217      0.000000        -27.071215         11.543898      8.370354      2.658967      0.196826      2.968524
      0.735294      0.613945      0.468045     -0.946445      0.000000        -27.631743         11.512844      8.483799      2.690586      0.196826      2.968524
      0.745098      0.600454      0.496224     -0.989878      0.000000        -28.171129         11.477740      8.594843      2.720463      0.196826      2.968524
      0.754902      0.586226      0.525654     -1.032387      0.000000        -28.687800         11.438872      8.703353      2.748550      0.196826      2.968524
      0.764706      0.571241      0.556305     -1.073864      0.000000        -29.180473         11.396521      8.809192      2.774810      0.196826      2.968524
      0.774510      0.555485      0.588148     -1.114216      0.000000        -29.648156         11.350957      8.912221      2.799215      0.196826      2.968524
      0.784314      0.538943      0.621148     -1.153372      0.000000        -30.090140         11.302438      9.012297      2.821749      0.196826      2.968524
      0.794118      0.521608      0.655270     -1.191276      0.000000        -30.505985         11.251208      9.109276      2.842409      0.196826      2.968524
      0.803922      0.503473      0.690476     -1.227894      0.000000        -30.895502         11.197493      9.203011      2.861202      0.196826      2.968524
      0.813725      0.484536      0.726728     -1.263205      0.000000        -31.258734         11.141500      9.293358      2.878154      0.196826      2.968524
      0.823529      0.464800      0.763990     -1.297207      0.000000        -31.595928         11.083419      9.380168      2.893302      0.196826      2.968524
      0.833333      0.444271      0.802221     -1.329911      0.000000        -31.907511         11.023416      9.463297      2.906700      0.196826      2.968524
      0.843137      0.422960      0.841386     -1.361342      0.000000        -32.194062         10.961637      9.542600      2.918416      0.196826      2.968524
      0.852941      0.400880      0.881448     -1.391537      0.000000        -32.456285         10.898204      9.617935      2.928531      0.196826      2.968524
      0.862745      0.378051      0.922371     -1.420543      0.000000        -32.694984         10.833219      9.689164      2.937140      0.196826      2.968524
      0.872549      0.354496      0.964122     -1.448419      0.000000        -32.911039         10.766760      9.756152      2.944352      0.196826      2.968524
      0.882353      0.330242      1.006668     -1.475228      0.000000        -33.105380         10.698886      9.818768      2.950282      0.196826      2.968524
      0.892157      0.305319      1.049980     -1.501043      0.000000        -33.278971         10.629632      9.876888      2.955058      0.196826      2.968524
      0.901961      0.279765      1.094029     -1.525942      0.000000        -33.432789         10.559015      9.930392      2.958809      0.196826      2.968524
      0.911765      0.253618      1.138791     -1.550009      0.000000        -33.567811         10.487031      9.979168      2.961671      0.196826      2.968524
      0.921569      0.226921      1.184243     -1.573332      0.000000        -33.685000         10.413659     10.023112      2.963778      0.196826      2.968524
      0.931373      0.199723      1.230363     -1.596002      0.000000        -33.785295         10.338859     10.062127      2.965264      0.196826      2.968524
      0.941176      0.172073      1.277135     -1.618116      0.000000        -33.869601         10.262575     10.096127      2.966255      0.196826      2.968524
      0.950980      0.144027      1.324543     -1.639775      0.000000        -33.938788         10.184738     10.125034      2.966869      0.196826      2.968524
      0.960784      0.115643      1.372577     -1.661090      0.000000        -33.993684         10.105263     10.148780      2.967213      0.196826      2.968524
      0.970588      0.086982      1.421227     -1.682190      0.000000        -34.035073         10.024054     10.167310      2.967379      0.196826      2.968524
      0.980392      0.058108      1.470491     -1.703292      0.000000        -34.063705          9.941005     10.180578      2.967441      0.196826      2.968524
      0.990196      0.029091      1.520377     -1.725396      0.000000        -34.080303          9.855999     10.188553      2.967456      0.196826      2.968524
      1.000000      0.000000      1.570796     -1.733789      0.000000        -34.083130          9.829087     10.191213      2.967457      0.196826      2.968524
