             t             r           psi            cs            qs                 p               sig             A             V            Q2             S
      0.000000      0.000000     -1.570796      0.975068      0.000000       -575.851121        295.287683     -0.000000      0.000000     -0.118426      5.138105
      0.009804      0.050353     -1.521667      0.975800      0.000000       -575.860803        295.146896      0.007970      0.000005     -0.118426      5.138105
      0.019608      0.100585     -1.472484      0.976917      0.000000       -575.897999        294.917345      0.031861      0.000079     -0.118426      5.138105
      0.029412      0.150573     -1.423245      0.978085      0.000000       -575.965465        294.692072      0.071616      0.000397     -0.118426      5.138105
      0.039216      0.200197     -1.373944      0.979336      0.000000       -576.068547        294.469605      0.127138      0.001248     -0.118426      5.138105
      0.049020      0.249335     -1.324577      0.980699      0.000000       -576.213883        294.248464      0.198292      0.003026     -0.118426      5.138105
      0.058824      0.297866     -1.275139      0.982207      0.000000       -576.409826        294.027146      0.284906      0.006223     -0.118426      5.138105
      0.068627      0.345671     -1.225620      0.983901      0.000000       -576.666966        293.804120      0.386768      0.011413     -0.118426      5.138105
      0.078431      0.392631     -1.176010      0.985829      0.000000       -576.998832        293.577799      0.503631      0.019245     -0.118426      5.138105
      0.088235      0.438629     -1.126295      0.988055      0.000000       -577.422843        293.346525      0.635208      0.030421     -0.118426      5.138105
      0.098039      0.483550     -1.076460      0.990658      0.000000       -577.961623        293.108544      0.781175      0.045682     -0.118426      5.138105
      0.107843      0.527277     -1.026481      0.993741      0.000000       -578.644837        292.861975      0.941175      0.065788     -0.118426      5.138105
      0.117647      0.569700     -0.976333      0.997440      0.000000       -579.511790        292.604777      1.114811      0.091501     -0.118426      5.138105
      0.127451      0.610704     -0.925979      1.001935      0.000000       -580.615160        292.334722      1.301653      0.123563     -0.118426      5.138105
      0.137255      0.650181     -0.875373      1.007470      0.000000       -582.026416        292.049365      1.501234      0.162678     -0.118426      5.138105
      0.147059      0.688020     -0.824456      1.014378      0.000000       -583.843809        291.746031      1.713053      0.209493     -0.118426      5.138105
      0.156863      0.724111     -0.773147      1.023124      0.000000       -586.204262        291.421839      1.936575      0.264578     -0.118426      5.138105
      0.166667      0.758343     -0.721337      1.034361      0.000000       -589.301259        291.073805      2.171229      0.328412     -0.118426      5.138105
      0.176471      0.790605     -0.668880      1.049027      0.000000       -593.411821        290.699113      2.416408      0.401363     -0.118426      5.138105
      0.186275      0.820777     -0.615571      1.068475      0.000000       -598.936818        290.295736      2.671471      0.483676     -0.118426      5.138105
      0.196078      0.848735     -0.561122      1.094667      0.000000       -606.458929        289.863804      2.935737      0.575459     -0.118426      5.138105
      0.205882      0.874339     -0.505126      1.130416      0.000000       -616.816788        289.408527      3.208484      0.676671     -0.118426      5.138105
      0.215686      0.897431     -0.447011      1.179561      0.000000       -631.164823        288.946415      3.488941      0.787104     -0.118426      5.138105
      0.225490      0.917820     -0.385988      1.246558      0.000000       -650.878839        288.518368      3.776284      0.906371     -0.118426      5.138105
      0.235294      0.935274     -0.321079      1.333732      0.000000       -676.816144        288.215941      4.069623      1.033871     -0.118426      5.138105
      0.245098      0.949515     -0.251423      1.431409      0.000000       -706.578685        288.226956      4.367986      1.168744     -0.118426      5.138105
      0.254902      0.960244     -0.177415      1.494407      0.000000       -727.825562        288.881357      4.670308      1.309790     -0.118426      5.138105
      0.264706      0.967271     -0.103122      1.423013      0.000000       -712.315534        290.580041      4.975441      1.455404     -0.118426      5.138105
      0.274510      0.970755     -0.037787      1.135779      0.000000       -635.325799        293.430034      5.282227      1.603704     -0.118426      5.138105
      0.284314      0.971391      0.008979      0.713730      0.000000       -517.554308        296.909205      5.589640      1.752969     -0.118426      5.138105
      0.294118      0.970206      0.034837      0.330196      0.000000       -408.438888        300.260959      5.896939      1.902102     -0.118426      5.138105
      0.303922      0.968157      0.044345      0.068477      0.000000       -333.496158        303.081298      6.203703      2.050640     -0.118426      5.138105
      0.313725      0.965910      0.043628     -0.081159      0.000000       -291.032352        305.337749      6.509775      2.198483     -0.118426      5.138105
      0.323529      0.963853      0.037460     -0.153617      0.000000       -271.258018        307.145805      6.815158      2.345686     -0.118426      5.138105
      0.333333      0.962176      0.028951     -0.178127      0.000000       -265.658294        308.636343      7.119947      2.492356     -0.118426      5.138105
      0.343137      0.960944      0.019990     -0.174079      0.000000       -268.497961        309.916339      7.424275      2.638621     -0.118426      5.138105
      0.352941      0.960151      0.011685     -0.153690      0.000000       -276.146295        311.065977      7.728284      2.784605     -0.118426      5.138105
      0.362745      0.959746      0.004648     -0.124783      0.000000       -286.282630        312.144282      8.032104      2.930421     -0.118426      5.138105
      0.372549      0.959656     -0.000833     -0.092594      0.000000       -297.361380        313.194742      8.335849      3.076169     -0.118426      5.138105
      0.382353      0.959802     -0.004688     -0.060785      0.000000       -308.305243        314.249221      8.639604      3.221928     -0.118426      5.138105
      0.392157      0.960103     -0.007007     -0.031960      0.000000       -318.347873        315.330304      8.943432      3.367754     -0.118426      5.138105
      0.401961      0.960486     -0.007988     -0.007887      0.000000       -326.965126        316.452636      9.247370      3.513684     -0.118426      5.138105
      0.411765      0.960890     -0.007899      0.010422      0.000000       -333.851848        317.623780      9.551435      3.659735     -0.118426      5.138105
      0.421569      0.961269     -0.007040      0.022671      0.000000       -338.912430        318.845063      9.855623      3.805906     -0.118426      5.138105
      0.431373      0.961591     -0.005711      0.029207      0.000000       -342.242974        320.112668     10.159924      3.952186     -0.118426      5.138105
      0.441176      0.961840     -0.004179      0.030882      0.000000       -344.094117        321.419046     10.464315      4.098554     -0.118426      5.138105
      0.450980      0.962012     -0.002662      0.028869      0.000000       -344.815810        322.754542     10.768773      4.244987     -0.118426      5.138105
      0.460784      0.962112     -0.001311      0.024444      0.000000       -344.794669        324.108972     11.073274      4.391462     -0.118426      5.138105
      0.470588      0.962149     -0.000219      0.018805      0.000000       -344.397465        325.472921     11.377796      4.537958     -0.118426      5.138105
      0.480392      0.962139      0.000580      0.012945      0.000000       -343.931009        326.838620     11.682322      4.684457     -0.118426      5.138105
      0.490196      0.962095      0.001093      0.007592      0.000000       -343.622149        328.200338     11.986839      4.830948     -0.118426      5.138105
      0.500000      0.962033      0.001361      0.003203      0.000000       -343.615663        329.554397     12.291339      4.977422     -0.118426      5.138105
      0.509804      0.961961      0.001436      0.000004      0.000000       -343.984597        330.898911     12.595817      5.123875     -0.118426      5.138105
      0.519608      0.961890      0.001382     -0.001953      0.000000       -344.747186        332.233370     12.900273      5.270307     -0.118426      5.138105
      0.529412      0.961823      0.001259     -0.002734      0.000000       -345.885693        333.558182     13.204707      5.416718     -0.118426      5.138105
      0.539216      0.961763      0.001124     -0.002458      0.000000       -347.364310        334.874228     13.509120      5.563109     -0.118426      5.138105
      0.549020      0.961709      0.001027     -0.001257      0.000000       -349.144819        336.182462     13.813516      5.709483     -0.118426      5.138105
      0.558824      0.961658      0.001012      0.000773      0.000000       -351.199792        337.483568     14.117895      5.855841     -0.118426      5.138105
      0.568627      0.961605      0.001118      0.003601      0.000000       -353.523775        338.777662     14.422258      6.002184     -0.118426      5.138105
      0.578431      0.961543      0.001389      0.007289      0.000000       -356.143213        340.064028     14.726603      6.148509     -0.118426      5.138105
      0.588235      0.961462      0.001870      0.012023      0.000000       -359.125979        341.340849     15.030926      6.294813     -0.118426      5.138105
      0.598039      0.961350      0.002623      0.018136      0.000000       -362.591317        342.604921     15.335218      6.441087     -0.118426      5.138105
      0.607843      0.961192      0.003729      0.026142      0.000000       -366.720698        343.851311     15.639468      6.587320     -0.118426      5.138105
      0.617647      0.960967      0.005300      0.036760      0.000000       -371.769384        345.072954     15.943658      6.733495     -0.118426      5.138105
      0.627451      0.960647      0.007492      0.050952      0.000000       -378.077125        346.260164     16.247763      6.879587     -0.118426      5.138105
      0.637255      0.960198      0.010514      0.069929      0.000000       -386.074011        347.400130     16.551747      7.025559     -0.118426      5.138105
      0.647059      0.959570      0.014642      0.095139      0.000000       -396.273896        348.476475     16.855562      7.171364     -0.118426      5.138105
      0.656863      0.958698      0.020230      0.128176      0.000000       -409.243505        349.469105     17.159141      7.316932     -0.118426      5.138105
      0.666667      0.957500      0.027713      0.170591      0.000000       -425.532616        350.354660     17.462396      7.462170     -0.118426      5.138105
      0.676471      0.955867      0.037595      0.223564      0.000000       -445.554712        351.107992     17.765206      7.606946     -0.118426      5.138105
      0.686275      0.953664      0.050421      0.287458      0.000000       -469.425172        351.704974     18.067412      7.751083     -0.118426      5.138105
      0.696078      0.950731      0.066724      0.361369      0.000000       -496.798035        352.126568     18.368810      7.894344     -0.118426      5.138105
      0.705882      0.946881      0.086956      0.442878      0.000000       -526.778514        352.363347     18.669140      8.036415     -0.118426      5.138105
      0.715686      0.941911      0.111408      0.528229      0.000000       -557.991521        352.418920     18.968080      8.176898     -0.118426      5.138105
      0.725490      0.935610      0.140163      0.612986      0.000000       -588.826081        352.310617     19.265242      8.315298     -0.118426      5.138105
      0.735294      0.927769      0.173084      0.692958      0.000000       -617.774234        352.066773     19.560171      8.451030     -0.118426      5.138105
      0.745098      0.918199      0.209843      0.765002      0.000000       -643.720661        351.721530     19.852349      8.583429     -0.118426      5.138105
      0.754902      0.906732      0.249993      0.827399      0.000000       -666.074110        351.309136     20.141203      8.711772     -0.118426      5.138105
      0.764706      0.893235      0.293032      0.879775      0.000000       -684.730054        350.859597     20.426109      8.835308     -0.118426      5.138105
      0.774510      0.877602      0.338469      0.922723      0.000000       -699.931936        350.396454     20.706407      8.953293     -0.118426      5.138105
      0.784314      0.859763      0.385855      0.957381      0.000000       -712.112503        349.936464     20.981409      9.065021     -0.118426      5.138105
      0.794118      0.839676      0.434805      0.985076      0.000000       -721.766714        349.490452     21.250411      9.169853     -0.118426      5.138105
      0.803922      0.817324      0.485003      1.007100      0.000000       -729.371563        349.064634     21.512696      9.267249     -0.118426      5.138105
      0.813725      0.792712      0.536192      1.024598      0.000000       -735.346323        348.661931     21.767549      9.356780     -0.118426      5.138105
      0.823529      0.765867      0.588169      1.038527      0.000000       -740.039778        348.283066     22.014258      9.438151     -0.118426      5.138105
      0.833333      0.736830      0.640774      1.049660      0.000000       -743.732343        347.927388     22.252121      9.511202     -0.118426      5.138105
      0.843137      0.705660      0.693882      1.058608      0.000000       -746.644777        347.593446     22.480456      9.575920     -0.118426      5.138105
      0.852941      0.672425      0.747397      1.065848      0.000000       -748.948738        347.279369     22.698596      9.632430     -0.118426      5.138105
      0.862745      0.637208      0.801241      1.071751      0.000000       -750.776841        346.983108     22.905900      9.680995     -0.118426      5.138105
      0.872549      0.600099      0.855355      1.076602      0.000000       -752.231273        346.702572     23.101757      9.722000     -0.118426      5.138105
      0.882353      0.561198      0.909692      1.080623      0.000000       -753.390800        346.435717     23.285582      9.755942     -0.118426      5.138105
      0.892157      0.520615      0.964214      1.083987      0.000000       -754.316255        346.180575     23.456825      9.783413     -0.118426      5.138105
      0.901961      0.478464      1.018892      1.086828      0.000000       -755.054778        345.935274     23.614972      9.805077     -0.118426      5.138105
      0.911765      0.434867      1.073702      1.089251      0.000000       -755.643047        345.698036     23.759546      9.821648     -0.118426      5.138105
      0.921569      0.389953      1.128625      1.091341      0.000000       -756.109728        345.467166     23.890110      9.833870     -0.118426      5.138105
      0.931373      0.343855      1.183647      1.093163      0.000000       -756.477330        345.241041     24.006267      9.842490     -0.118426      5.138105
      0.941176      0.296709      1.238755      1.094772      0.000000       -756.763610        345.018092     24.107664      9.848236     -0.118426      5.138105
      0.950980      0.248658      1.293939      1.096211      0.000000       -756.982641        344.796793     24.193992      9.851792     -0.118426      5.138105
      0.960784      0.199848      1.349192      1.097516      0.000000       -757.145624        344.575646     24.264988      9.853779     -0.118426      5.138105
      0.970588      0.150425      1.404509      1.098719      0.000000       -757.261515        344.353170     24.320434      9.854734     -0.118426      5.138105
      0.980392      0.100541      1.459884      1.099845      0.000000       -757.337518        344.127891     24.360160      9.855091     -0.118426      5.138105
      0.990196      0.050348      1.515314      1.100925      0.000000       -757.379487        343.898338     24.384045      9.855175     -0.118426      5.138105
      1.000000     -0.000000      1.570796      1.101635      0.000000       -757.390423        343.757551     24.392015      9.855180     -0.118426      5.138105
