             t             r           psi            cs            qs                 p               sig             A             V            Q2             S
      0.000000     -0.000000     -1.570796     -0.874076      0.000000        -21.088068         12.063066      0.000000      0.000000      0.171708      3.087109
      0.009804      0.030262     -1.544319     -0.878289      0.000000        -21.089780         12.029944      0.002878      0.000001      0.171708      3.087109
      0.019608      0.060503     -1.517576     -0.888848      0.000000        -21.099287         11.933528      0.011508      0.000009      0.171708      3.087109
      0.029412      0.090701     -1.490515     -0.899391      0.000000        -21.115943         11.839202      0.025886      0.000047      0.171708      3.087109
      0.039216      0.120832     -1.463130     -0.910352      0.000000        -21.140438         11.746816      0.046000      0.000149      0.171708      3.087109
      0.049020      0.150874     -1.435405     -0.921855      0.000000        -21.173529         11.656228      0.071837      0.000364      0.171708      3.087109
      0.058824      0.180801     -1.407322     -0.933998      0.000000        -21.216067         11.567307      0.103375      0.000757      0.171708      3.087109
      0.068627      0.210590     -1.378861     -0.946879      0.000000        -21.269014         11.479939      0.140592      0.001404      0.171708      3.087109
      0.078431      0.240212     -1.349998     -0.960606      0.000000        -21.333453         11.394022      0.183458      0.002398      0.171708      3.087109
      0.088235      0.269642     -1.320704     -0.975300      0.000000        -21.410613         11.309474      0.231940      0.003845      0.171708      3.087109
      0.098039      0.298851     -1.290950     -0.991093      0.000000        -21.501886         11.226233      0.285998      0.005862      0.171708      3.087109
      0.107843      0.327809     -1.260699     -1.008131      0.000000        -21.608843         11.144258      0.345586      0.008582      0.171708      3.087109
      0.117647      0.356485     -1.229912     -1.026579      0.000000        -21.733264         11.063541      0.410656      0.012148      0.171708      3.087109
      0.127451      0.384846     -1.198543     -1.046618      0.000000        -21.877156         10.984102      0.481149      0.016715      0.171708      3.087109
      0.137255      0.412859     -1.166541     -1.068450      0.000000        -22.042774         10.906003      0.557003      0.022448      0.171708      3.087109
      0.147059      0.440486     -1.133848     -1.092295      0.000000        -22.232650         10.829353      0.638147      0.029524      0.171708      3.087109
      0.156863      0.467690     -1.100400     -1.118393      0.000000        -22.449602         10.754318      0.724506      0.038125      0.171708      3.087109
      0.166667      0.494429     -1.066124     -1.147002      0.000000        -22.696743         10.681132      0.815995      0.048441      0.171708      3.087109
      0.176471      0.520660     -1.030942     -1.178391      0.000000        -22.977476         10.610112      0.912521      0.060669      0.171708      3.087109
      0.186275      0.546336     -0.994764     -1.212836      0.000000        -23.295455         10.541679      1.013983      0.075006      0.171708      3.087109
      0.196078      0.571407     -0.957493     -1.250602      0.000000        -23.654513         10.476375      1.120271      0.091653      0.171708      3.087109
      0.205882      0.595817     -0.919027     -1.291923      0.000000        -24.058522         10.414895      1.231265      0.110809      0.171708      3.087109
      0.215686      0.619510     -0.879254     -1.336969      0.000000        -24.511167         10.358113      1.346833      0.132667      0.171708      3.087109
      0.225490      0.642421     -0.838060     -1.385791      0.000000        -25.015583         10.307121      1.466834      0.157413      0.171708      3.087109
      0.235294      0.664482     -0.795333     -1.438257      0.000000        -25.573816         10.263269      1.591112      0.185219      0.171708      3.087109
      0.245098      0.685621     -0.750967     -1.493950      0.000000        -26.186048         10.228205      1.719498      0.216240      0.171708      3.087109
      0.254902      0.705759     -0.704877     -1.552045      0.000000        -26.849534         10.203917      1.851811      0.250606      0.171708      3.087109
      0.264706      0.724813     -0.657009     -1.611158      0.000000        -27.557223         10.192759      1.987852      0.288414      0.171708      3.087109
      0.274510      0.742699     -0.607362     -1.669181      0.000000        -28.296098         10.197459      2.127406      0.329724      0.171708      3.087109
      0.284314      0.759330     -0.556012     -1.723141      0.000000        -29.045410         10.221084      2.270244      0.374544      0.171708      3.087109
      0.294118      0.774621     -0.503138     -1.769127      0.000000        -29.775166         10.266949      2.416118      0.422827      0.171708      3.087109
      0.303922      0.788492     -0.449052     -1.802378      0.000000        -30.445508         10.338431      2.564766      0.474461      0.171708      3.087109
      0.313725      0.800878     -0.394219     -1.817615      0.000000        -31.007827         10.438691      2.715911      0.529263      0.171708      3.087109
      0.323529      0.811729     -0.339263     -1.809670      0.000000        -31.408456         10.570296      2.869267      0.586984      0.171708      3.087109
      0.333333      0.821019     -0.284953     -1.774384      0.000000        -31.595316         10.734779      3.024538      0.647308      0.171708      3.087109
      0.343137      0.828752     -0.232156     -1.709584      0.000000        -31.526858         10.932222      3.181427      0.709872      0.171708      3.087109
      0.352941      0.834963     -0.181762     -1.615851      0.000000        -31.181278         11.160967      3.339641      0.774281      0.171708      3.087109
      0.362745      0.839721     -0.134602     -1.496754      0.000000        -30.563120         11.417552      3.498897      0.840131      0.171708      3.087109
      0.372549      0.843123     -0.091356     -1.358405      0.000000        -29.704705         11.696947      3.658927      0.907034      0.171708      3.087109
      0.382353      0.845286     -0.052493     -1.208451      0.000000        -28.661564         11.993025      3.819484      0.974636      0.171708      3.087109
      0.392157      0.846344     -0.018244     -1.054834      0.000000        -27.503317         12.299189      3.980346      1.042628      0.171708      3.087109
      0.401961      0.846437      0.011393     -0.904701      0.000000        -26.302964         12.608991      4.141314      1.110752      0.171708      3.087109
      0.411765      0.845699      0.036612     -0.763703      0.000000        -25.127549         12.916634      4.302219      1.178803      0.171708      3.087109
      0.421569      0.844262      0.057753     -0.635737      0.000000        -24.032027         13.217280      4.462915      1.246622      0.171708      3.087109
      0.431373      0.842242      0.075249     -0.523048      0.000000        -23.056672         13.507175      4.623281      1.314089      0.171708      3.087109
      0.441176      0.839744      0.089578     -0.426525      0.000000        -22.227326         13.783622      4.783216      1.381114      0.171708      3.087109
      0.450980      0.836854      0.101229     -0.346063      0.000000        -21.557404         14.044860      4.942637      1.447632      0.171708      3.087109
      0.460784      0.833649      0.110680     -0.280907      0.000000        -21.050622         14.289891      5.101477      1.513596      0.171708      3.087109
      0.470588      0.830186      0.118376     -0.229924      0.000000        -20.703748         14.518312      5.259683      1.578973      0.171708      3.087109
      0.480392      0.826513      0.124727     -0.191812      0.000000        -20.509000         14.730149      5.417210      1.643735      0.171708      3.087109
      0.490196      0.822666      0.130103     -0.165227      0.000000        -20.455916         14.925721      5.574021      1.707864      0.171708      3.087109
      0.500000      0.818667      0.134832     -0.148874      0.000000        -20.532735         15.105536      5.730085      1.771342      0.171708      3.087109
      0.509804      0.814532      0.139206     -0.141548      0.000000        -20.727327         15.270208      5.885376      1.834154      0.171708      3.087109
      0.519608      0.810269      0.143480     -0.142158      0.000000        -21.027793         15.420400      6.039869      1.896284      0.171708      3.087109
      0.529412      0.805876      0.147881     -0.149729      0.000000        -21.422805         15.556780      6.193538      1.957716      0.171708      3.087109
      0.539216      0.801347      0.152605     -0.163400      0.000000        -21.901772         15.679999      6.346360      2.018430      0.171708      3.087109
      0.549020      0.796669      0.157826     -0.182410      0.000000        -22.454891         15.790673      6.498306      2.078405      0.171708      3.087109
      0.558824      0.791826      0.163694     -0.206089      0.000000        -23.073120         15.889377      6.649347      2.137615      0.171708      3.087109
      0.568627      0.786797      0.170342     -0.233846      0.000000        -23.748114         15.976642      6.799450      2.196032      0.171708      3.087109
      0.578431      0.781556      0.177885     -0.265155      0.000000        -24.472135         16.052956      6.948577      2.253621      0.171708      3.087109
      0.588235      0.776076      0.186423     -0.299542      0.000000        -25.237959         16.118768      7.096685      2.310344      0.171708      3.087109
      0.598039      0.770327      0.196043     -0.336582      0.000000        -26.038783         16.174498      7.243726      2.366157      0.171708      3.087109
      0.607843      0.764274      0.206819     -0.375881      0.000000        -26.868150         16.220538      7.389645      2.421010      0.171708      3.087109
      0.617647      0.757885      0.218815     -0.417077      0.000000        -27.719883         16.257263      7.534381      2.474849      0.171708      3.087109
      0.627451      0.751122      0.232081     -0.459831      0.000000        -28.588037         16.285038      7.677868      2.527613      0.171708      3.087109
      0.637255      0.743950      0.246662     -0.503823      0.000000        -29.466871         16.304221      7.820030      2.579238      0.171708      3.087109
      0.647059      0.736330      0.262588     -0.548749      0.000000        -30.350838         16.315172      7.960787      2.629653      0.171708      3.087109
      0.656863      0.728224      0.279885     -0.594321      0.000000        -31.234591         16.318257      8.100049      2.678782      0.171708      3.087109
      0.666667      0.719596      0.298567     -0.640262      0.000000        -32.113001         16.313847      8.237720      2.726549      0.171708      3.087109
      0.676471      0.710407      0.318642     -0.686311      0.000000        -32.981196         16.302325      8.373698      2.772870      0.171708      3.087109
      0.686275      0.700621      0.340109     -0.732223      0.000000        -33.834591         16.284082      8.507872      2.817662      0.171708      3.087109
      0.696078      0.690202      0.362961     -0.777767      0.000000        -34.668943         16.259520      8.640125      2.860841      0.171708      3.087109
      0.705882      0.679118      0.387183     -0.822729      0.000000        -35.480383         16.229048      8.770335      2.902323      0.171708      3.087109
      0.715686      0.667337      0.412754     -0.866916      0.000000        -36.265464         16.193076      8.898371      2.942026      0.171708      3.087109
      0.725490      0.654828      0.439649     -0.910155      0.000000        -37.021192         16.152018      9.024097      2.979873      0.171708      3.087109
      0.735294      0.641564      0.467836     -0.952295      0.000000        -37.745043         16.106283      9.147374      3.015792      0.171708      3.087109
      0.745098      0.627523      0.497280     -0.993208      0.000000        -38.434981         16.056270      9.268055      3.049715      0.171708      3.087109
      0.754902      0.612682      0.527943     -1.032789      0.000000        -39.089454         16.002369      9.385990      3.081589      0.171708      3.087109
      0.764706      0.597025      0.559782     -1.070956      0.000000        -39.707381         15.944951      9.501025      3.111367      0.171708      3.087109
      0.774510      0.580536      0.592755     -1.107650      0.000000        -40.288132         15.884367      9.613004      3.139017      0.171708      3.087109
      0.784314      0.563206      0.626815     -1.142833      0.000000        -40.831491         15.820946      9.721767      3.164520      0.171708      3.087109
      0.794118      0.545029      0.661917     -1.176487      0.000000        -41.337621         15.754990      9.827155      3.187872      0.171708      3.087109
      0.803922      0.526001      0.698014     -1.208615      0.000000        -41.807017         15.686773      9.929005      3.209087      0.171708      3.087109
      0.813725      0.506126      0.735061     -1.239232      0.000000        -42.240457         15.616538     10.027156      3.228194      0.171708      3.087109
      0.823529      0.485410      0.773012     -1.268373      0.000000        -42.638959         15.544500     10.121447      3.245241      0.171708      3.087109
      0.833333      0.463862      0.811823     -1.296081      0.000000        -43.003730         15.470842     10.211719      3.260292      0.171708      3.087109
      0.843137      0.441497      0.851452     -1.322413      0.000000        -43.336120         15.395716     10.297816      3.273429      0.171708      3.087109
      0.852941      0.418335      0.891857     -1.347433      0.000000        -43.637583         15.319245     10.379584      3.284750      0.171708      3.087109
      0.862745      0.394397      0.933001     -1.371213      0.000000        -43.909641         15.241523     10.456873      3.294368      0.171708      3.087109
      0.872549      0.369713      0.974847     -1.393830      0.000000        -44.153847         15.162615     10.529538      3.302407      0.171708      3.087109
      0.882353      0.344312      1.017361     -1.415364      0.000000        -44.371760         15.082558     10.597440      3.309005      0.171708      3.087109
      0.892157      0.318229      1.060511     -1.435901      0.000000        -44.564920         15.001365     10.660447      3.314306      0.171708      3.087109
      0.901961      0.291505      1.104269     -1.455527      0.000000        -44.734830         14.919025     10.718432      3.318462      0.171708      3.087109
      0.911765      0.264181      1.148608     -1.474329      0.000000        -44.882942         14.835502     10.771277      3.321626      0.171708      3.087109
      0.921569      0.236305      1.193505     -1.492396      0.000000        -45.010643         14.750743     10.818873      3.323951      0.171708      3.087109
      0.931373      0.207924      1.238939     -1.509817      0.000000        -45.119249         14.664671     10.861119      3.325587      0.171708      3.087109
      0.941176      0.179094      1.284891     -1.526682      0.000000        -45.210000         14.577194     10.897925      3.326675      0.171708      3.087109
      0.950980      0.149869      1.331347     -1.543082      0.000000        -45.284057         14.488202     10.929209      3.327349      0.171708      3.087109
      0.960784      0.120310      1.378293     -1.559111      0.000000        -45.342505         14.397570     10.954903      3.327725      0.171708      3.087109
      0.970588      0.090477      1.425719     -1.574875      0.000000        -45.386350         14.305162     10.974949      3.327906      0.171708      3.087109
      0.980392      0.060436      1.473621     -1.590535      0.000000        -45.416536         14.210828     10.989301      3.327974      0.171708      3.087109
      0.990196      0.030254      1.522001     -1.606760      0.000000        -45.433955         14.114409     10.997926      3.327990      0.171708      3.087109
      1.000000     -0.000000      1.570796     -1.613386      0.000000        -45.437114         14.081287     11.000803      3.327991      0.171708      3.087109
