             t             r           psi            cs            qs                 p               sig             A             V            Q2             S
      0.000000      0.000000     -1.570796     -0.722951      0.000000        -25.778940         17.828978      0.000000     -0.000000      0.093102      7.888627
      0.009804      0.077299     -1.514456     -0.737400      0.000000        -25.797033         17.598341      0.018786      0.000020      0.093102      7.888627
      0.019608      0.154348     -1.456670     -0.757335      0.000000        -25.862594         17.297764      0.075085      0.000329      0.093102      7.888627
      0.029412      0.230879     -1.397235     -0.780265      0.000000        -25.988333         17.005422      0.168709      0.001672      0.093102      7.888627
      0.039216      0.306602     -1.335865     -0.807648      0.000000        -26.193901         16.717434      0.299339      0.005303      0.093102      7.888627
      0.049020      0.381197     -1.272143     -0.841514      0.000000        -26.508061         16.430111      0.466506      0.012970      0.093102      7.888627
      0.058824      0.454306     -1.205458     -0.884842      0.000000        -26.973859         16.140041      0.669575      0.026898      0.093102      7.888627
      0.068627      0.525519     -1.134918     -0.942154      0.000000        -27.657219         15.844290      0.907729      0.049764      0.093102      7.888627
      0.078431      0.594342     -1.059188     -1.020518      0.000000        -28.661459         15.540957      1.179928      0.084651      0.093102      7.888627
      0.088235      0.660161     -0.976238     -1.131192      0.000000        -30.151617         15.230497      1.484870      0.135005      0.093102      7.888627
      0.098039      0.722164     -0.882930     -1.292054      0.000000        -32.392114         14.918966      1.820907      0.204560      0.093102      7.888627
      0.107843      0.779218     -0.774417     -1.529404      0.000000        -35.786392         14.625962      2.185925      0.297199      0.093102      7.888627
      0.117647      0.829667     -0.643677     -1.869539      0.000000        -40.814870         14.403621      2.577145      0.416594      0.093102      7.888627
      0.127451      0.871105     -0.483237     -2.279663      0.000000        -47.385327         14.375817      2.990804      0.565183      0.093102      7.888627
      0.137255      0.900533     -0.295759     -2.495259      0.000000        -52.560405         14.774543      3.421801      0.741728      0.093102      7.888627
      0.147059      0.916063     -0.114905     -2.052656      0.000000        -49.578935         15.804137      3.863735      0.938335      0.093102      7.888627
      0.156863      0.919706      0.008269     -1.110100      0.000000        -37.962510         17.276368      4.310156      1.143036      0.093102      7.888627
      0.166667      0.916616      0.061589     -0.329590      0.000000        -26.579382         18.737781      4.756491      1.347828      0.093102      7.888627
      0.176471      0.911368      0.068901      0.085912      0.000000        -20.134896         19.960512      5.200656      1.550352      0.093102      7.888627
      0.186275      0.906505      0.054908      0.244376      0.000000        -17.957692         20.951709      5.642299      1.750646      0.093102      7.888627
      0.196078      0.903035      0.034637      0.264022      0.000000        -18.358375         21.785423      6.081898      1.949281      0.093102      7.888627
      0.205882      0.901110      0.015732      0.218144      0.000000        -20.084971         22.530404      6.520190      2.146876      0.093102      7.888627
      0.215686      0.900479      0.001493      0.148513      0.000000        -22.354158         23.237040      6.957876      2.343980      0.093102      7.888627
      0.225490      0.900737     -0.007251      0.078965      0.000000        -24.686235         23.939142      7.395488      2.541025      0.093102      7.888627
      0.235294      0.901473     -0.011064      0.022452      0.000000        -26.796812         24.657165      7.833358      2.738294      0.093102      7.888627
      0.245098      0.902353     -0.011204     -0.015612      0.000000        -28.544330         25.400821      8.271632      2.935923      0.093102      7.888627
      0.254902      0.903149     -0.009126     -0.035281      0.000000        -29.900218         26.171510      8.710320      3.133929      0.093102      7.888627
      0.264706      0.903741     -0.006130     -0.040129      0.000000        -30.918622         26.965014      9.149348      3.332246      0.093102      7.888627
      0.274510      0.904099     -0.003169     -0.035265      0.000000        -31.699747         27.774310      9.588606      3.530775      0.093102      7.888627
      0.284314      0.904247     -0.000797     -0.025665      0.000000        -32.353470         28.592001     10.027986      3.729416      0.093102      7.888627
      0.294118      0.904243      0.000779     -0.015165      0.000000        -32.972653         29.411958     10.467398      3.928086      0.093102      7.888627
      0.303922      0.904146      0.001588     -0.006138      0.000000        -33.620412         30.230041     10.906783      4.126732      0.093102      7.888627
      0.313725      0.904012      0.001794      0.000352      0.000000        -34.329370         31.044101     11.346111      4.325325      0.093102      7.888627
      0.323529      0.903879      0.001603      0.004177      0.000000        -35.107877         31.853574     11.785372      4.523859      0.093102      7.888627
      0.333333      0.903770      0.001206      0.005750      0.000000        -35.948515         32.658935     12.224574      4.722339      0.093102      7.888627
      0.343137      0.903694      0.000755      0.005714      0.000000        -36.835930         33.461191     12.663730      4.920778      0.093102      7.888627
      0.352941      0.903652      0.000347      0.004721      0.000000        -37.752733         34.261493     13.102858      5.119191      0.093102      7.888627
      0.362745      0.903638      0.000035      0.003321      0.000000        -38.683262         35.060880     13.541973      5.317593      0.093102      7.888627
      0.372549      0.903643     -0.000166      0.001909      0.000000        -39.615504         35.860154     13.981086      5.515993      0.093102      7.888627
      0.382353      0.903661     -0.000266      0.000722      0.000000        -40.541658         36.659833     14.420205      5.714398      0.093102      7.888627
      0.392157      0.903683     -0.000287     -0.000133      0.000000        -41.457788         37.460179     14.859333      5.912812      0.093102      7.888627
      0.401961      0.903704     -0.000254     -0.000647      0.000000        -42.363002         38.261252     15.298472      6.111235      0.093102      7.888627
      0.411765      0.903721     -0.000194     -0.000867      0.000000        -43.258454         39.062974     15.737621      6.309668      0.093102      7.888627
      0.421569      0.903734     -0.000126     -0.000871      0.000000        -44.146402         39.865195     16.176777      6.508106      0.093102      7.888627
      0.431373      0.903741     -0.000063     -0.000740      0.000000        -45.029449         40.667742     16.615938      6.706549      0.093102      7.888627
      0.441176      0.903744     -0.000013     -0.000545      0.000000        -45.910011         41.470454     17.055101      6.904995      0.093102      7.888627
      0.450980      0.903743      0.000021     -0.000339      0.000000        -46.790019         42.273202     17.494265      7.103440      0.093102      7.888627
      0.460784      0.903741      0.000040     -0.000158      0.000000        -47.670798         43.075900     17.933428      7.301885      0.093102      7.888627
      0.470588      0.903737      0.000047     -0.000019      0.000000        -48.553096         43.878496     18.372589      7.500329      0.093102      7.888627
      0.480392      0.903734      0.000044      0.000072      0.000000        -49.437178         44.680974     18.811749      7.698771      0.093102      7.888627
      0.490196      0.903731      0.000037      0.000120      0.000000        -50.322961         45.483339     19.250907      7.897212      0.093102      7.888627
      0.500000      0.903728      0.000027      0.000133      0.000000        -51.210159         46.285610     19.690063      8.095651      0.093102      7.888627
      0.509804      0.903727      0.000017      0.000120      0.000000        -52.098390         47.087812     20.129219      8.294090      0.093102      7.888627
      0.519608      0.903726      0.000008      0.000093      0.000000        -52.987277         47.889971     20.568374      8.492528      0.093102      7.888627
      0.529412      0.903725      0.000003      0.000058      0.000000        -53.876499         48.692107     21.007529      8.690965      0.093102      7.888627
      0.539216      0.903725     -0.000001      0.000022      0.000000        -54.765830         49.494236     21.446684      8.889403      0.093102      7.888627
      0.549020      0.903725     -0.000001     -0.000013      0.000000        -55.655151         50.296366     21.885838      9.087840      0.093102      7.888627
      0.558824      0.903725      0.000001     -0.000046      0.000000        -56.544448         51.098497     22.324993      9.286278      0.093102      7.888627
      0.568627      0.903725      0.000006     -0.000080      0.000000        -57.433811         51.900624     22.764148      9.484715      0.093102      7.888627
      0.578431      0.903724      0.000014     -0.000117      0.000000        -58.323428         52.702734     23.203302      9.683153      0.093102      7.888627
      0.588235      0.903723      0.000025     -0.000163      0.000000        -59.213594         53.504807     23.642456      9.881590      0.093102      7.888627
      0.598039      0.903720      0.000039     -0.000225      0.000000        -60.104728         54.306817     24.081609     10.080025      0.093102      7.888627
      0.607843      0.903716      0.000060     -0.000314      0.000000        -60.997411         55.108723     24.520760     10.278460      0.093102      7.888627
      0.617647      0.903711      0.000089     -0.000443      0.000000        -61.892449         55.910473     24.959909     10.476893      0.093102      7.888627
      0.627451      0.903702      0.000130     -0.000631      0.000000        -62.790977         56.711990     25.399055     10.675322      0.093102      7.888627
      0.637255      0.903690      0.000189     -0.000905      0.000000        -63.694601         57.513169     25.838196     10.873747      0.093102      7.888627
      0.647059      0.903672      0.000273     -0.001299      0.000000        -64.605618         58.313856     26.277329     11.072166      0.093102      7.888627
      0.656863      0.903647      0.000394     -0.001867      0.000000        -65.527310         59.113832     26.716452     11.270575      0.093102      7.888627
      0.666667      0.903610      0.000568     -0.002680      0.000000        -66.464387         59.912783     27.155561     11.468970      0.093102      7.888627
      0.676471      0.903557      0.000818     -0.003843      0.000000        -67.423579         60.710260     27.594647     11.667346      0.093102      7.888627
      0.686275      0.903481      0.001175     -0.005499      0.000000        -68.414488         61.505618     28.033703     11.865694      0.093102      7.888627
      0.696078      0.903371      0.001686     -0.007853      0.000000        -69.450751         62.297942     28.472714     12.064002      0.093102      7.888627
      0.705882      0.903214      0.002415     -0.011188      0.000000        -70.551616         63.085929     28.911661     12.262251      0.093102      7.888627
      0.715686      0.902990      0.003452     -0.015897      0.000000        -71.744058         63.867741     29.350516     12.460417      0.093102      7.888627
      0.725490      0.902669      0.004923     -0.022519      0.000000        -73.065484         64.640802     29.789240     12.658464      0.093102      7.888627
      0.735294      0.902213      0.007003     -0.031783      0.000000        -74.567046         65.401531     30.227777     12.856340      0.093102      7.888627
      0.745098      0.901564      0.009932     -0.044660      0.000000        -76.317335         66.145009     30.666048     13.053973      0.093102      7.888627
      0.754902      0.900646      0.014036     -0.062401      0.000000        -78.405792         66.864598     31.103943     13.251260      0.093102      7.888627
      0.764706      0.899352      0.019750     -0.086567      0.000000        -80.944425         67.551533     31.541304     13.448052      0.093102      7.888627
      0.774510      0.897535      0.027639     -0.118989      0.000000        -84.065249         68.194607     31.977917     13.644145      0.093102      7.888627
      0.784314      0.895003      0.038419     -0.161635      0.000000        -87.909650         68.780117     32.413482     13.839246      0.093102      7.888627
      0.794118      0.891498      0.052951     -0.216310      0.000000        -92.605380         69.292329     32.847592     14.032951      0.093102      7.888627
      0.803922      0.886695      0.072218     -0.284171      0.000000        -98.229181         69.714779     33.279698     14.224696      0.093102      7.888627
      0.813725      0.880190      0.097246     -0.365126      0.000000       -104.760086         70.032556     33.709075     14.413719      0.093102      7.888627
      0.823529      0.871506      0.128987     -0.457300      0.000000       -112.039859         70.235328     34.134782     14.599006      0.093102      7.888627
      0.833333      0.860107      0.168173     -0.556901      0.000000       -119.765589         70.320294     34.555632     14.779248      0.093102      7.888627
      0.843137      0.845425      0.215185     -0.658727      0.000000       -127.532925         70.293791     34.970168     14.952838      0.093102      7.888627
      0.852941      0.826897      0.269978     -0.757241      0.000000       -134.922332         70.170617     35.376657     15.117895      0.093102      7.888627
      0.862745      0.804011      0.332107     -0.847777      0.000000       -141.592033         69.971132     35.773103     15.272367      0.093102      7.888627
      0.872549      0.776342      0.400827     -0.927344      0.000000       -147.336450         69.717322     36.157281     15.414183      0.093102      7.888627
      0.882353      0.743576      0.475234     -0.994791      0.000000       -152.092958         69.429326     36.526785     15.541452      0.093102      7.888627
      0.892157      0.705530      0.554396     -1.050448      0.000000       -155.909524         69.123333     36.879089     15.652671      0.093102      7.888627
      0.901961      0.662153      0.637444     -1.095557      0.000000       -158.898557         68.810947     37.211609     15.746909      0.093102      7.888627
      0.911765      0.613519      0.723626     -1.131756      0.000000       -161.196614         68.499552     37.521768     15.823938      0.093102      7.888627
      0.921569      0.559821      0.812316     -1.160718      0.000000       -162.937823         68.193125     37.807053     15.884287      0.093102      7.888627
      0.931373      0.501355      0.903017     -1.183961      0.000000       -164.240308         67.893123     38.065072     15.929224      0.093102      7.888627
      0.941176      0.438511      0.995336     -1.202773      0.000000       -165.201604         67.599221     38.293599     15.960648      0.093102      7.888627
      0.950980      0.371757      1.088974     -1.218208      0.000000       -165.899082         67.309864     38.490617     15.980922      0.093102      7.888627
      0.960784      0.301632      1.183702     -1.231108      0.000000       -166.392575         67.022648     38.654354     15.992655      0.093102      7.888627
      0.970588      0.228730      1.279352     -1.242150      0.000000       -166.727613         66.734554     38.783315     15.998455      0.093102      7.888627
      0.980392      0.153697      1.375803     -1.251879      0.000000       -166.938494         66.442112     38.876306     16.000680      0.093102      7.888627
      0.990196      0.077216      1.472970     -1.260760      0.000000       -167.050945         66.141496     38.932455     16.001205      0.093102      7.888627
      1.000000      0.000000      1.570796     -1.267488      0.000000       -167.082477         65.910856     38.951232     16.001240      0.093102      7.888627
