             t             r           psi            cs            qs                 p               sig             A             V            Q2             S
      0.000000      0.000000     -1.570796     -0.994743      0.000000      -7817.572647       3929.444527      0.000000     -0.000000      0.008200      3.482702
      0.004902      0.017071     -1.553814     -0.994762      0.000000      -7817.573945       3929.367990      0.000916      0.000000      0.008200      3.482702
      0.009804      0.034138     -1.536831     -0.994799      0.000000      -7817.578043       3929.282889      0.003662      0.000001      0.008200      3.482702
      0.014706      0.051194     -1.519847     -0.994829      0.000000      -7817.585113       3929.198504      0.008239      0.000005      0.008200      3.482702
      0.019608      0.068236     -1.502863     -0.994859      0.000000      -7817.595330       3929.114770      0.014645      0.000017      0.008200      3.482702
      0.024510      0.085258     -1.485879     -0.994890      0.000000      -7817.608872       3929.031625      0.022877      0.000041      0.008200      3.482702
      0.029412      0.102255     -1.468894     -0.994921      0.000000      -7817.625922       3928.949005      0.032934      0.000086      0.008200      3.482702
      0.034314      0.119223     -1.451908     -0.994952      0.000000      -7817.646680       3928.866846      0.044813      0.000159      0.008200      3.482702
      0.039216      0.136157     -1.434922     -0.994985      0.000000      -7817.671354       3928.785083      0.058511      0.000270      0.008200      3.482702
      0.044118      0.153051     -1.417935     -0.995018      0.000000      -7817.700170       3928.703652      0.074022      0.000432      0.008200      3.482702
      0.049020      0.169901     -1.400948     -0.995051      0.000000      -7817.733372       3928.622488      0.091344      0.000657      0.008200      3.482702
      0.053922      0.186702     -1.383960     -0.995086      0.000000      -7817.771219       3928.541525      0.110470      0.000961      0.008200      3.482702
      0.058824      0.203449     -1.366971     -0.995122      0.000000      -7817.813996       3928.460699      0.131396      0.001357      0.008200      3.482702
      0.063725      0.220138     -1.349982     -0.995158      0.000000      -7817.862007       3928.379941      0.154115      0.001865      0.008200      3.482702
      0.068627      0.236763     -1.332993     -0.995196      0.000000      -7817.915583       3928.299186      0.178620      0.002502      0.008200      3.482702
      0.073529      0.253320     -1.316002     -0.995235      0.000000      -7817.975081       3928.218365      0.204906      0.003288      0.008200      3.482702
      0.078431      0.269803     -1.299011     -0.995276      0.000000      -7818.040891       3928.137409      0.232963      0.004244      0.008200      3.482702
      0.083333      0.286209     -1.282019     -0.995318      0.000000      -7818.113434       3928.056249      0.262785      0.005392      0.008200      3.482702
      0.088235      0.302532     -1.265027     -0.995362      0.000000      -7818.193166       3927.974813      0.294362      0.006755      0.008200      3.482702
      0.093137      0.318768     -1.248034     -0.995407      0.000000      -7818.280587       3927.893030      0.327685      0.008356      0.008200      3.482702
      0.098039      0.334911     -1.231039     -0.995455      0.000000      -7818.376237       3927.810825      0.362745      0.010220      0.008200      3.482702
      0.102941      0.350958     -1.214045     -0.995504      0.000000      -7818.480707       3927.728124      0.399532      0.012374      0.008200      3.482702
      0.107843      0.366904     -1.197049     -0.995556      0.000000      -7818.594640       3927.644850      0.438034      0.014843      0.008200      3.482702
      0.112745      0.382744     -1.180052     -0.995610      0.000000      -7818.718739       3927.560923      0.478241      0.017655      0.008200      3.482702
      0.117647      0.398473     -1.163055     -0.995667      0.000000      -7818.853770       3927.476263      0.520142      0.020838      0.008200      3.482702
      0.122549      0.414087     -1.146056     -0.995727      0.000000      -7819.000573       3927.390786      0.563723      0.024419      0.008200      3.482702
      0.127451      0.429582     -1.129056     -0.995790      0.000000      -7819.160067       3927.304405      0.608973      0.028427      0.008200      3.482702
      0.132353      0.444952     -1.112056     -0.995856      0.000000      -7819.333260       3927.217032      0.655879      0.032891      0.008200      3.482702
      0.137255      0.460194     -1.095054     -0.995926      0.000000      -7819.521257       3927.128574      0.704426      0.037841      0.008200      3.482702
      0.142157      0.475304     -1.078050     -0.996000      0.000000      -7819.725276       3927.038935      0.754601      0.043305      0.008200      3.482702
      0.147059      0.490275     -1.061046     -0.996079      0.000000      -7819.946652       3926.948015      0.806390      0.049314      0.008200      3.482702
      0.151961      0.505105     -1.044040     -0.996162      0.000000      -7820.186862       3926.855710      0.859777      0.055896      0.008200      3.482702
      0.156863      0.519789     -1.027033     -0.996250      0.000000      -7820.447533       3926.761911      0.914747      0.063082      0.008200      3.482702
      0.161765      0.534323     -1.010024     -0.996344      0.000000      -7820.730464       3926.666504      0.971284      0.070900      0.008200      3.482702
      0.166667      0.548703     -0.993014     -0.996444      0.000000      -7821.037646       3926.569369      1.029372      0.079379      0.008200      3.482702
      0.171569      0.562924     -0.976001     -0.996551      0.000000      -7821.371287       3926.470380      1.088994      0.088548      0.008200      3.482702
      0.176471      0.576982     -0.958987     -0.996666      0.000000      -7821.733839       3926.369403      1.150132      0.098435      0.008200      3.482702
      0.181373      0.590873     -0.941971     -0.996788      0.000000      -7822.128031       3926.266298      1.212770      0.109067      0.008200      3.482702
      0.186275      0.604594     -0.924953     -0.996919      0.000000      -7822.556903       3926.160917      1.276889      0.120472      0.008200      3.482702
      0.191176      0.618139     -0.907932     -0.997060      0.000000      -7823.023851       3926.053101      1.342470      0.132675      0.008200      3.482702
      0.196078      0.631506     -0.890909     -0.997212      0.000000      -7823.532672       3925.942683      1.409494      0.145702      0.008200      3.482702
      0.200980      0.644690     -0.873883     -0.997376      0.000000      -7824.087623       3925.829484      1.477942      0.159578      0.008200      3.482702
      0.205882      0.657687     -0.856854     -0.997552      0.000000      -7824.693489       3925.713312      1.547795      0.174325      0.008200      3.482702
      0.210784      0.670494     -0.839822     -0.997743      0.000000      -7825.355652       3925.593964      1.619032      0.189968      0.008200      3.482702
      0.215686      0.683107     -0.822787     -0.997950      0.000000      -7826.080187       3925.471221      1.691632      0.206526      0.008200      3.482702
      0.220588      0.695522     -0.805748     -0.998175      0.000000      -7826.873965       3925.344847      1.765574      0.224020      0.008200      3.482702
      0.225490      0.707736     -0.788705     -0.998419      0.000000      -7827.744774       3925.214591      1.840838      0.242470      0.008200      3.482702
      0.230392      0.719744     -0.771658     -0.998685      0.000000      -7828.701467       3925.080180      1.917400      0.261892      0.008200      3.482702
      0.235294      0.731544     -0.754606     -0.998976      0.000000      -7829.754133       3924.941319      1.995240      0.282304      0.008200      3.482702
      0.240196      0.743132     -0.737548     -0.999294      0.000000      -7830.914300       3924.797689      2.074334      0.303719      0.008200      3.482702
      0.245098      0.754504     -0.720485     -0.999643      0.000000      -7832.195182       3924.648947      2.154659      0.326151      0.008200      3.482702
      0.250000      0.765657     -0.703416     -1.000026      0.000000      -7833.611969       3924.494717      2.236193      0.349611      0.008200      3.482702
      0.254902      0.776588     -0.686340     -1.000449      0.000000      -7835.182175       3924.334591      2.318911      0.374111      0.008200      3.482702
      0.259804      0.787294     -0.669257     -1.000916      0.000000      -7836.926069       3924.168124      2.402789      0.399657      0.008200      3.482702
      0.264706      0.797770     -0.652164     -1.001434      0.000000      -7838.867179       3923.994830      2.487804      0.426258      0.008200      3.482702
      0.269608      0.808015     -0.635063     -1.002008      0.000000      -7841.032923       3923.814178      2.573930      0.453917      0.008200      3.482702
      0.274510      0.818025     -0.617951     -1.002648      0.000000      -7843.455371       3923.625583      2.661142      0.482638      0.008200      3.482702
      0.279412      0.827796     -0.600828     -1.003363      0.000000      -7846.172183       3923.428406      2.749415      0.512422      0.008200      3.482702
      0.284314      0.837326     -0.583692     -1.004164      0.000000      -7849.227770       3923.221942      2.838724      0.543269      0.008200      3.482702
      0.289216      0.846612     -0.566541     -1.005065      0.000000      -7852.674734       3923.005412      2.929041      0.575176      0.008200      3.482702
      0.294118      0.855651     -0.549374     -1.006081      0.000000      -7856.575670       3922.777958      3.020342      0.608138      0.008200      3.482702
      0.299020      0.864440     -0.532189     -1.007232      0.000000      -7861.005417       3922.538631      3.112599      0.642151      0.008200      3.482702
      0.303922      0.872975     -0.514982     -1.008540      0.000000      -7866.053922       3922.286380      3.205785      0.677206      0.008200      3.482702
      0.308824      0.881255     -0.497752     -1.010033      0.000000      -7871.829861       3922.020040      3.299872      0.713292      0.008200      3.482702
      0.313725      0.889277     -0.480494     -1.011744      0.000000      -7878.465279       3921.738317      3.394834      0.750398      0.008200      3.482702
      0.318627      0.897036     -0.463205     -1.013715      0.000000      -7886.121568       3921.439779      3.490643      0.788510      0.008200      3.482702
      0.323529      0.904532     -0.445880     -1.015996      0.000000      -7894.997204       3921.122836      3.587270      0.827612      0.008200      3.482702
      0.328431      0.911760     -0.428513     -1.018650      0.000000      -7905.337848       3920.785732      3.684686      0.867686      0.008200      3.482702
      0.333333      0.918718     -0.411097     -1.021753      0.000000      -7917.449605       3920.426529      3.782864      0.908714      0.008200      3.482702
      0.338235      0.925404     -0.393623     -1.025404      0.000000      -7931.716535       3920.043104      3.881773      0.950674      0.008200      3.482702
      0.343137      0.931813     -0.376081     -1.029726      0.000000      -7948.623931       3919.633156      3.981384      0.993541      0.008200      3.482702
      0.348039      0.937943     -0.358459     -1.034876      0.000000      -7968.789362       3919.194225      4.081668      1.037293      0.008200      3.482702
      0.352941      0.943791     -0.340741     -1.041055      0.000000      -7993.004225       3918.723756      4.182595      1.081901      0.008200      3.482702
      0.357843      0.949352     -0.322906     -1.048523      0.000000      -8022.289300       3918.219214      4.284133      1.127337      0.008200      3.482702
      0.362745      0.954624     -0.304930     -1.057615      0.000000      -8057.968614       3917.678297      4.386253      1.173570      0.008200      3.482702
      0.367647      0.959602     -0.286783     -1.068769      0.000000      -8101.766109       3917.099331      4.488922      1.220569      0.008200      3.482702
      0.372549      0.964281     -0.268423     -1.082556      0.000000      -8155.927925       3916.481945      4.592109      1.268300      0.008200      3.482702
      0.377451      0.968655     -0.249801     -1.099716      0.000000      -8223.365907       3915.828254      4.695782      1.316726      0.008200      3.482702
      0.382353      0.972719     -0.230850     -1.121190      0.000000      -8307.796738       3915.144908      4.799908      1.365811      0.008200      3.482702
      0.387255      0.976465     -0.211488     -1.148136      0.000000      -8413.795563       3914.446603      4.904452      1.415515      0.008200      3.482702
      0.392157      0.979883     -0.191609     -1.181863      0.000000      -8546.547750       3913.762100      5.009381      1.465795      0.008200      3.482702
      0.397059      0.982963     -0.171088     -1.223550      0.000000      -8710.774478       3913.144301      5.114658      1.516609      0.008200      3.482702
      0.401961      0.985691     -0.149785     -1.273457      0.000000      -8907.675498       3912.686396      5.220247      1.567909      0.008200      3.482702
      0.406863      0.988053     -0.127574     -1.329065      0.000000      -9127.702136       3912.545259      5.326109      1.619644      0.008200      3.482702
      0.411765      0.990030     -0.104421     -1.381433      0.000000      -9336.346068       3912.967486      5.432204      1.671758      0.008200      3.482702
      0.416667      0.991607     -0.080538     -1.410050      0.000000      -9453.985115       3914.295808      5.538490      1.724188      0.008200      3.482702
      0.421569      0.992776     -0.056604     -1.380938      0.000000      -9348.086794       3916.902833      5.644923      1.776865      0.008200      3.482702
      0.426471      0.993546     -0.033919     -1.259305      0.000000      -8881.933971       3920.999041      5.751460      1.829716      0.008200      3.482702
      0.431373      0.993951     -0.014174     -1.039747      0.000000      -8032.349259       3926.393274      5.858059      1.882669      0.008200      3.482702
      0.436275      0.994054      0.001254     -0.763351      0.000000      -6957.848556       3932.472100      5.964685      1.935661      0.008200      3.482702
      0.441176      0.993935      0.011921     -0.491489      0.000000      -5897.993227       3938.507797      6.071310      1.988653      0.008200      3.482702
      0.446078      0.993672      0.018310     -0.266682      0.000000      -5020.238251       3943.992112      6.177913      2.041618      0.008200      3.482702
      0.450980      0.993329      0.021370     -0.101653      0.000000      -4375.731933       3948.722205      6.284483      2.094547      0.008200      3.482702
      0.455882      0.992955      0.022089      0.009378      0.000000      -3942.710210       3952.704876      6.391015      2.147434      0.008200      3.482702
      0.460784      0.992583      0.021290      0.078167      0.000000      -3675.464830       3956.040215      6.497506      2.200282      0.008200      3.482702
      0.465686      0.992234      0.019595      0.116024      0.000000      -3529.750135       3958.849929      6.603958      2.253093      0.008200      3.482702
      0.470588      0.991917      0.017453      0.131845      0.000000      -3470.645961       3961.245930      6.710375      2.305871      0.008200      3.482702
      0.475490      0.991638      0.015182      0.132084      0.000000      -3472.788711       3963.320789      6.816760      2.358618      0.008200      3.482702
      0.480392      0.991398      0.013006      0.121257      0.000000      -3518.412062       3965.147360      6.923116      2.411340      0.008200      3.482702
      0.485294      0.991193      0.011087      0.102478      0.000000      -3595.272673       3966.781347      7.029449      2.464040      0.008200      3.482702
      0.490196      0.991017      0.009540      0.077875      0.000000      -3695.022094       3968.264274      7.135762      2.516721      0.008200      3.482702
      0.495098      0.990864      0.008453      0.048877      0.000000      -3812.057701       3969.625992      7.242057      2.569385      0.008200      3.482702
      0.500000      0.990726      0.007891      0.016416      0.000000      -3942.746418       3970.886585      7.348337      2.622033      0.008200      3.482702
      0.504902      0.990592      0.007909     -0.018944      0.000000      -4084.902393       3972.057749      7.454602      2.674668      0.008200      3.482702
      0.509804      0.990452      0.008553     -0.056912      0.000000      -4237.418015       3973.143846      7.560852      2.727288      0.008200      3.482702
      0.514706      0.990296      0.009866     -0.097399      0.000000      -4399.968535       3974.142818      7.667087      2.779892      0.008200      3.482702
      0.519608      0.990111      0.011893     -0.140443      0.000000      -4572.729675       3975.047182      7.773303      2.832477      0.008200      3.482702
      0.524510      0.989886      0.014676     -0.186132      0.000000      -4756.068586       3975.845274      7.879498      2.885039      0.008200      3.482702
      0.529412      0.989606      0.018263     -0.234520      0.000000      -4950.195662       3976.522853      7.985665      2.937571      0.008200      3.482702
      0.534314      0.989257      0.022699     -0.285532      0.000000      -5154.799101       3977.065095      8.091799      2.990067      0.008200      3.482702
      0.539216      0.988826      0.028026     -0.338883      0.000000      -5368.719793       3977.458835      8.197891      3.042515      0.008200      3.482702
      0.544118      0.988295      0.034280     -0.394024      0.000000      -5589.747636       3977.694806      8.303932      3.094904      0.008200      3.482702
      0.549020      0.987650      0.041485     -0.450145      0.000000      -5814.615553       3977.769493      8.409910      3.147219      0.008200      3.482702
      0.553922      0.986874      0.049650     -0.506224      0.000000      -6039.225912       3977.686234      8.515812      3.199442      0.008200      3.482702
      0.558824      0.985950      0.058763     -0.561139      0.000000      -6259.075866       3977.455328      8.621623      3.251552      0.008200      3.482702
      0.563725      0.984863      0.068796     -0.613794      0.000000      -6469.782140       3977.093122      8.727326      3.303527      0.008200      3.482702
      0.568627      0.983598      0.079702     -0.663246      0.000000      -6667.574612       3976.620309      8.832903      3.355341      0.008200      3.482702
      0.573529      0.982140      0.091420     -0.708789      0.000000      -6849.646861       3976.059843      8.938334      3.406965      0.008200      3.482702
      0.578431      0.980477      0.103879     -0.749999      0.000000      -7014.308424       3975.434892      9.043598      3.458368      0.008200      3.482702
      0.583333      0.978596      0.117002     -0.786716      0.000000      -7160.947925       3974.767151      9.148672      3.509517      0.008200      3.482702
      0.588235      0.976488      0.130715     -0.819012      0.000000      -7289.861365       3974.075712      9.253532      3.560378      0.008200      3.482702
      0.593137      0.974143      0.144943     -0.847124      0.000000      -7402.014810       3973.376475      9.358153      3.610915      0.008200      3.482702
      0.598039      0.971554      0.159618     -0.871396      0.000000      -7498.801156       3972.682032      9.462510      3.661090      0.008200      3.482702
      0.602941      0.968714      0.174677     -0.892230      0.000000      -7581.829473       3972.001866      9.566576      3.710866      0.008200      3.482702
      0.607843      0.965618      0.190065     -0.910040      0.000000      -7652.763955       3971.342742      9.670323      3.760206      0.008200      3.482702
      0.612745      0.962262      0.205734     -0.925226      0.000000      -7713.213850       3970.709166      9.773724      3.809070      0.008200      3.482702
      0.617647      0.958642      0.221643     -0.938160      0.000000      -7764.667058       3970.103855      9.876751      3.857422      0.008200      3.482702
      0.622549      0.954755      0.237756     -0.949175      0.000000      -7808.456911       3969.528152      9.979376      3.905224      0.008200      3.482702
      0.627451      0.950600      0.254043     -0.958563      0.000000      -7845.751862       3968.982389     10.081569      3.952439      0.008200      3.482702
      0.632353      0.946174      0.270477     -0.966575      0.000000      -7877.559607       3968.466174     10.183302      3.999032      0.008200      3.482702
      0.637255      0.941476      0.287039     -0.973428      0.000000      -7904.739324       3967.978621     10.284546      4.044967      0.008200      3.482702
      0.642157      0.936507      0.303709     -0.979302      0.000000      -7928.017718       3967.518524     10.385271      4.090210      0.008200      3.482702
      0.647059      0.931265      0.320472     -0.984351      0.000000      -7948.006125       3967.084486     10.485449      4.134728      0.008200      3.482702
      0.651961      0.925751      0.337315     -0.988703      0.000000      -7965.217060       3966.675012     10.585049      4.178491      0.008200      3.482702
      0.656863      0.919965      0.354227     -0.992465      0.000000      -7980.079376       3966.288577     10.684044      4.221467      0.008200      3.482702
      0.661765      0.913908      0.371199     -0.995728      0.000000      -7992.951653       3965.923671     10.782403      4.263629      0.008200      3.482702
      0.666667      0.907580      0.388223     -0.998566      0.000000      -8004.133768       3965.578827     10.880099      4.304949      0.008200      3.482702
      0.671569      0.900983      0.405292     -1.001043      0.000000      -8013.876724       3965.252648     10.977101      4.345402      0.008200      3.482702
      0.676471      0.894118      0.422401     -1.003211      0.000000      -8022.390914       3964.943808     11.073380      4.384963      0.008200      3.482702
      0.681373      0.886986      0.439544     -1.005114      0.000000      -8029.853012       3964.651064     11.168910      4.423612      0.008200      3.482702
      0.686275      0.879589      0.456718     -1.006790      0.000000      -8036.411695       3964.373259     11.263660      4.461327      0.008200      3.482702
      0.691176      0.871929      0.473919     -1.008271      0.000000      -8042.192371       3964.109315     11.357602      4.498090      0.008200      3.482702
      0.696078      0.864007      0.491144     -1.009583      0.000000      -8047.301092       3963.858234     11.450709      4.533885      0.008200      3.482702
      0.700980      0.855826      0.508389     -1.010748      0.000000      -8051.827775       3963.619095     11.542952      4.568696      0.008200      3.482702
      0.705882      0.847388      0.525654     -1.011785      0.000000      -8055.848866       3963.391047     11.634303      4.602511      0.008200      3.482702
      0.710784      0.838694      0.542935     -1.012712      0.000000      -8059.429534       3963.173304     11.724736      4.635319      0.008200      3.482702
      0.715686      0.829748      0.560232     -1.013542      0.000000      -8062.625493       3962.965144     11.814223      4.667110      0.008200      3.482702
      0.720588      0.820552      0.577541     -1.014287      0.000000      -8065.484499       3962.765901     11.902736      4.697878      0.008200      3.482702
      0.725490      0.811107      0.594863     -1.014958      0.000000      -8068.047606       3962.574960     11.990250      4.727618      0.008200      3.482702
      0.730392      0.801418      0.612196     -1.015562      0.000000      -8070.350199       3962.391754     12.076738      4.756326      0.008200      3.482702
      0.735294      0.791487      0.629538     -1.016109      0.000000      -8072.422857       3962.215762     12.162173      4.784000      0.008200      3.482702
      0.740196      0.781316      0.646890     -1.016604      0.000000      -8074.292080       3962.046501     12.246530      4.810642      0.008200      3.482702
      0.745098      0.770909      0.664249     -1.017054      0.000000      -8075.980888       3961.883526     12.329783      4.836253      0.008200      3.482702
      0.750000      0.760268      0.681616     -1.017463      0.000000      -8077.509330       3961.726424     12.411908      4.860838      0.008200      3.482702
      0.754902      0.749397      0.698989     -1.017836      0.000000      -8078.894912       3961.574814     12.492878      4.884403      0.008200      3.482702
      0.759804      0.738300      0.716369     -1.018177      0.000000      -8080.152954       3961.428342     12.572671      4.906955      0.008200      3.482702
      0.764706      0.726978      0.733754     -1.018489      0.000000      -8081.296895       3961.286680     12.651261      4.928504      0.008200      3.482702
      0.769608      0.715436      0.751144     -1.018775      0.000000      -8082.338552       3961.149523     12.728624      4.949061      0.008200      3.482702
      0.774510      0.703676      0.768539     -1.019038      0.000000      -8083.288339       3961.016588     12.804738      4.968639      0.008200      3.482702
      0.779412      0.691704      0.785938     -1.019280      0.000000      -8084.155450       3960.887610     12.879579      4.987251      0.008200      3.482702
      0.784314      0.679521      0.803341     -1.019503      0.000000      -8084.948025       3960.762342     12.953125      5.004915      0.008200      3.482702
      0.789216      0.667132      0.820748     -1.019709      0.000000      -8085.673278       3960.640555     13.025352      5.021646      0.008200      3.482702
      0.794118      0.654541      0.838158     -1.019899      0.000000      -8086.337623       3960.522033     13.096240      5.037465      0.008200      3.482702
      0.799020      0.641750      0.855572     -1.020076      0.000000      -8086.946767       3960.406574     13.165766      5.052390      0.008200      3.482702
      0.803922      0.628765      0.872988     -1.020240      0.000000      -8087.505801       3960.293989     13.233910      5.066443      0.008200      3.482702
      0.808824      0.615588      0.890407     -1.020392      0.000000      -8088.019274       3960.184099     13.300651      5.079646      0.008200      3.482702
      0.813725      0.602225      0.907828     -1.020534      0.000000      -8088.491258       3960.076737     13.365968      5.092023      0.008200      3.482702
      0.818627      0.588678      0.925252     -1.020666      0.000000      -8088.925404       3959.971745     13.429842      5.103598      0.008200      3.482702
      0.823529      0.574953      0.942678     -1.020789      0.000000      -8089.324990       3959.868973     13.492253      5.114396      0.008200      3.482702
      0.828431      0.561053      0.960106     -1.020905      0.000000      -8089.692967       3959.768280     13.553183      5.124443      0.008200      3.482702
      0.833333      0.546982      0.977536     -1.021013      0.000000      -8090.031990       3959.669532     13.612612      5.133767      0.008200      3.482702
      0.838235      0.532744      0.994967     -1.021114      0.000000      -8090.344458       3959.572601     13.670523      5.142395      0.008200      3.482702
      0.843137      0.518345      1.012401     -1.021209      0.000000      -8090.632538       3959.477366     13.726898      5.150354      0.008200      3.482702
      0.848039      0.503788      1.029836     -1.021299      0.000000      -8090.898189       3959.383713     13.781720      5.157674      0.008200      3.482702
      0.852941      0.489078      1.047272     -1.021383      0.000000      -8091.143189       3959.291530     13.834972      5.164384      0.008200      3.482702
      0.857843      0.474219      1.064710     -1.021463      0.000000      -8091.369150       3959.200711     13.886638      5.170511      0.008200      3.482702
      0.862745      0.459215      1.082149     -1.021538      0.000000      -8091.577536       3959.111156     13.936703      5.176087      0.008200      3.482702
      0.867647      0.444072      1.099589     -1.021609      0.000000      -8091.769680       3959.022767     13.985150      5.181140      0.008200      3.482702
      0.872549      0.428793      1.117031     -1.021677      0.000000      -8091.946795       3958.935450     14.031966      5.185699      0.008200      3.482702
      0.877451      0.413385      1.134474     -1.021741      0.000000      -8092.109987       3958.849115     14.077137      5.189795      0.008200      3.482702
      0.882353      0.397850      1.151917     -1.021801      0.000000      -8092.260266       3958.763674     14.120647      5.193456      0.008200      3.482702
      0.887255      0.382194      1.169362     -1.021859      0.000000      -8092.398557       3958.679042     14.162485      5.196710      0.008200      3.482702
      0.892157      0.366422      1.186808     -1.021914      0.000000      -8092.525702       3958.595138     14.202636      5.199587      0.008200      3.482702
      0.897059      0.350538      1.204255     -1.021967      0.000000      -8092.642476       3958.511881     14.241090      5.202115      0.008200      3.482702
      0.901961      0.334547      1.221702     -1.022018      0.000000      -8092.749587       3958.429193     14.277835      5.204320      0.008200      3.482702
      0.906863      0.318455      1.239150     -1.022066      0.000000      -8092.847685       3958.346999     14.312859      5.206230      0.008200      3.482702
      0.911765      0.302265      1.256600     -1.022112      0.000000      -8092.937368       3958.265222     14.346151      5.207871      0.008200      3.482702
      0.916667      0.285984      1.274050     -1.022157      0.000000      -8093.019185       3958.183791     14.377701      5.209267      0.008200      3.482702
      0.921569      0.269615      1.291500     -1.022200      0.000000      -8093.093641       3958.102634     14.407501      5.210444      0.008200      3.482702
      0.926471      0.253164      1.308952     -1.022241      0.000000      -8093.161202       3958.021680     14.435540      5.211425      0.008200      3.482702
      0.931373      0.236637      1.326404     -1.022281      0.000000      -8093.222294       3957.940860     14.461811      5.212231      0.008200      3.482702
      0.936275      0.220037      1.343857     -1.022319      0.000000      -8093.277315       3957.860104     14.486304      5.212885      0.008200      3.482702
      0.941176      0.203370      1.361310     -1.022357      0.000000      -8093.326629       3957.779347     14.509013      5.213406      0.008200      3.482702
      0.946078      0.186641      1.378764     -1.022393      0.000000      -8093.370573       3957.698520     14.529932      5.213814      0.008200      3.482702
      0.950980      0.169855      1.396219     -1.022429      0.000000      -8093.409458       3957.617557     14.549052      5.214125      0.008200      3.482702
      0.955882      0.153017      1.413674     -1.022463      0.000000      -8093.443573       3957.536392     14.566369      5.214356      0.008200      3.482702
      0.960784      0.136133      1.431130     -1.022497      0.000000      -8093.473186       3957.454961     14.581878      5.214523      0.008200      3.482702
      0.965686      0.119207      1.448586     -1.022530      0.000000      -8093.498544       3957.373197     14.595573      5.214637      0.008200      3.482702
      0.970588      0.102245      1.466043     -1.022562      0.000000      -8093.519879       3957.291038     14.607451      5.214712      0.008200      3.482702
      0.975490      0.085252      1.483501     -1.022594      0.000000      -8093.537405       3957.208417     14.617507      5.214758      0.008200      3.482702
      0.980392      0.068233      1.500959     -1.022625      0.000000      -8093.551325       3957.125272     14.625739      5.214783      0.008200      3.482702
      0.985294      0.051193      1.518417     -1.022656      0.000000      -8093.561828       3957.041538     14.632144      5.214795      0.008200      3.482702
      0.990196      0.034137      1.535877     -1.022686      0.000000      -8093.569097       3956.957153     14.636721      5.214799      0.008200      3.482702
      0.995098      0.017071      1.553336     -1.022724      0.000000      -8093.573310       3956.872052     14.639468      5.214800      0.008200      3.482702
      1.000000      0.000000      1.570796     -1.022744      0.000000      -8093.574644       3956.795515     14.640383      5.214800      0.008200      3.482702
