             t             r           psi            cs            qs                 p               sig             A             V            Q2             S
      0.000000      0.000000     -1.570796     -0.991770      0.000000      -5027.654656       2534.686970      0.000000     -0.000000      0.009803      7.949996
      0.004902      0.038961     -1.532145     -0.991869      0.000000      -5027.661701       2534.504176      0.004771      0.000002      0.009803      7.949996
      0.009804      0.077864     -1.493489     -0.991975      0.000000      -5027.684423       2534.313573      0.019075      0.000029      0.009803      7.949996
      0.014706      0.116650     -1.454829     -0.992085      0.000000      -5027.724933       2534.125853      0.042892      0.000145      0.009803      7.949996
      0.019608      0.155262     -1.416165     -0.992200      0.000000      -5027.785605       2533.940258      0.076186      0.000456      0.009803      7.949996
      0.024510      0.193642     -1.377496     -0.992321      0.000000      -5027.869211       2533.756023      0.118908      0.001109      0.009803      7.949996
      0.029412      0.231732     -1.338822     -0.992450      0.000000      -5027.979046       2533.572369      0.170993      0.002288      0.009803      7.949996
      0.034314      0.269476     -1.300143     -0.992590      0.000000      -5028.119051       2533.388504      0.232363      0.004211      0.009803      7.949996
      0.039216      0.306817     -1.261458     -0.992741      0.000000      -5028.293962       2533.203610      0.302928      0.007130      0.009803      7.949996
      0.044118      0.343699     -1.222767     -0.992907      0.000000      -5028.509505       2533.016840      0.382580      0.011325      0.009803      7.949996
      0.049020      0.380067     -1.184070     -0.993091      0.000000      -5028.772629       2532.827309      0.471202      0.017100      0.009803      7.949996
      0.053922      0.415866     -1.145364     -0.993296      0.000000      -5029.091814       2532.634080      0.568660      0.024776      0.009803      7.949996
      0.058824      0.451043     -1.106651     -0.993526      0.000000      -5029.477465       2532.436154      0.674808      0.034691      0.009803      7.949996
      0.063725      0.485544     -1.067927     -0.993787      0.000000      -5029.942432       2532.232452      0.789489      0.047192      0.009803      7.949996
      0.068627      0.519318     -1.029193     -0.994086      0.000000      -5030.502680       2532.021795      0.912529      0.062629      0.009803      7.949996
      0.073529      0.552314     -0.990447     -0.994430      0.000000      -5031.178200       2531.802883      1.043745      0.081350      0.009803      7.949996
      0.078431      0.584482     -0.951686     -0.994829      0.000000      -5031.994212       2531.574264      1.182940      0.103697      0.009803      7.949996
      0.083333      0.615773     -0.912908     -0.995297      0.000000      -5032.982819       2531.334297      1.329905      0.129999      0.009803      7.949996
      0.088235      0.646140     -0.874110     -0.995849      0.000000      -5034.185260       2531.081111      1.484420      0.160567      0.009803      7.949996
      0.093137      0.675536     -0.835289     -0.996507      0.000000      -5035.655059       2530.812550      1.646252      0.195688      0.009803      7.949996
      0.098039      0.703918     -0.796439     -0.997299      0.000000      -5037.462470       2530.526101      1.815160      0.235623      0.009803      7.949996
      0.102941      0.731240     -0.757556     -0.998262      0.000000      -5039.700838       2530.218809      1.990888      0.280597      0.009803      7.949996
      0.107843      0.757461     -0.718631     -0.999445      0.000000      -5042.495875       2529.887165      2.173172      0.330802      0.009803      7.949996
      0.112745      0.782539     -0.679654     -1.000916      0.000000      -5046.019410       2529.526960      2.361737      0.386386      0.009803      7.949996
      0.117647      0.806436     -0.640613     -1.002769      0.000000      -5050.510195       2529.133104      2.556299      0.447454      0.009803      7.949996
      0.122549      0.829111     -0.601491     -1.005138      0.000000      -5056.306043       2528.699381      2.756564      0.514066      0.009803      7.949996
      0.127451      0.850528     -0.562263     -1.008214      0.000000      -5063.894686       2528.218146      2.962227      0.586230      0.009803      7.949996
      0.132353      0.870649     -0.522896     -1.012281      0.000000      -5073.996298       2527.679929      3.172977      0.663905      0.009803      7.949996
      0.137255      0.889439     -0.483346     -1.017769      0.000000      -5087.701177       2527.072966      3.388492      0.746999      0.009803      7.949996
      0.142157      0.906860     -0.443543     -1.025346      0.000000      -5106.706260       2526.382681      3.608440      0.835366      0.009803      7.949996
      0.147059      0.922874     -0.403388     -1.036086      0.000000      -5133.733649       2525.591320      3.832483      0.928810      0.009803      7.949996
      0.151961      0.937440     -0.362726     -1.051764      0.000000      -5173.291327       2524.678315      4.060271      1.027082      0.009803      7.949996
      0.156863      0.950512     -0.321310     -1.075414      0.000000      -5233.076733       2523.623194      4.291443      1.129882      0.009803      7.949996
      0.161765      0.962033     -0.278737     -1.112323      0.000000      -5326.507401       2522.416596      4.525628      1.236859      0.009803      7.949996
      0.166667      0.971928     -0.234327     -1.171537      0.000000      -5476.582006       2521.096712      4.762436      1.347611      0.009803      7.949996
      0.171569      0.980087     -0.186965     -1.266119      0.000000      -5716.705934       2519.865162      5.001457      1.461678      0.009803      7.949996
      0.176471      0.986352     -0.135123     -1.398298      0.000000      -6053.918058       2519.428308      5.242248      1.578521      0.009803      7.949996
      0.181373      0.990518     -0.078587     -1.474154      0.000000      -6255.307270       2521.679613      5.484320      1.697478      0.009803      7.949996
      0.186275      0.992499     -0.024903     -1.199009      0.000000      -5579.884301       2529.120839      5.727143      1.817710      0.009803      7.949996
      0.191176      0.992707      0.010117     -0.583766      0.000000      -4041.450956       2540.097884      5.970219      1.938355      0.009803      7.949996
      0.196078      0.992008      0.022691     -0.108612      0.000000      -2846.590981       2549.774694      6.213217      2.058910      0.009803      7.949996
      0.200980      0.991110      0.021999      0.109377      0.000000      -2299.371290       2556.708282      6.456009      2.179249      0.009803      7.949996
      0.205882      0.990359      0.016124      0.174968      0.000000      -2138.059752       2561.669391      6.698595      2.299393      0.009803      7.949996
      0.210784      0.989865      0.009276      0.168836      0.000000      -2158.523991       2565.518133      6.941027      2.419398      0.009803      7.949996
      0.215686      0.989623      0.003356      0.131999      0.000000      -2256.662717       2568.825146      7.183371      2.539322      0.009803      7.949996
      0.220588      0.989581     -0.000888      0.085331      0.000000      -2379.557237       2571.946984      7.425681      2.659216      0.009803      7.949996
      0.225490      0.989669     -0.003322      0.040594      0.000000      -2497.440968       2575.106965      7.667998      2.779116      0.009803      7.949996
      0.230392      0.989820     -0.004170      0.004778      0.000000      -2592.614774       2578.436377      7.910345      2.899046      0.009803      7.949996
      0.235294      0.989979     -0.003857     -0.018639      0.000000      -2656.235570       2581.992644      8.152731      3.019014      0.009803      7.949996
      0.240196      0.990112     -0.002883     -0.029383      0.000000      -2687.562931       2585.772078      8.395154      3.139018      0.009803      7.949996
      0.245098      0.990201     -0.001702     -0.029816      0.000000      -2692.566753       2589.727498      8.637604      3.259050      0.009803      7.949996
      0.250000      0.990246     -0.000643     -0.023760      0.000000      -2680.967450       2593.791435      8.880070      3.379098      0.009803      7.949996
      0.254902      0.990255      0.000117     -0.015102      0.000000      -2662.697351       2597.898457      9.122543      3.499153      0.009803      7.949996
      0.259804      0.990241      0.000539     -0.006792      0.000000      -2645.316020       2601.999758      9.365014      3.619206      0.009803      7.949996
      0.264706      0.990217      0.000673     -0.000484      0.000000      -2633.076124       2606.067866      9.607481      3.739255      0.009803      7.949996
      0.269608      0.990191      0.000610      0.003312      0.000000      -2627.304495       2610.093981      9.849942      3.859298      0.009803      7.949996
      0.274510      0.990171      0.000444      0.004843      0.000000      -2627.371009       2614.081963     10.092397      3.979335      0.009803      7.949996
      0.279412      0.990157      0.000254      0.004732      0.000000      -2631.679846       2618.042093     10.334847      4.099368      0.009803      7.949996
      0.284314      0.990151      0.000088      0.003679      0.000000      -2638.421231       2621.986196     10.577296      4.219398      0.009803      7.949996
      0.289216      0.990150     -0.000029      0.002291      0.000000      -2646.032747       2625.924557     10.819743      4.339428      0.009803      7.949996
      0.294118      0.990152     -0.000092      0.000992      0.000000      -2653.412974       2629.864444     11.062191      4.459458      0.009803      7.949996
      0.299020      0.990156     -0.000110      0.000015      0.000000      -2659.955842       2633.809858     11.304639      4.579488      0.009803      7.949996
      0.303922      0.990160     -0.000098     -0.000568      0.000000      -2665.473457       2637.762030     11.547089      4.699520      0.009803      7.949996
      0.308824      0.990164     -0.000071     -0.000796      0.000000      -2670.066163       2641.720294     11.789539      4.819553      0.009803      7.949996
      0.313725      0.990166     -0.000040     -0.000766      0.000000      -2673.985727       2645.682988     12.031990      4.939586      0.009803      7.949996
      0.318627      0.990167     -0.000013     -0.000589      0.000000      -2677.521914       2649.648203     12.274441      5.059619      0.009803      7.949996
      0.323529      0.990167      0.000006     -0.000362      0.000000      -2680.926720       2653.614282     12.516893      5.179653      0.009803      7.949996
      0.328431      0.990166      0.000015     -0.000152      0.000000      -2684.377145       2657.580062     12.759344      5.299687      0.009803      7.949996
      0.333333      0.990166      0.000018      0.000004      0.000000      -2687.968816       2661.544912     13.001796      5.419721      0.009803      7.949996
      0.338235      0.990165      0.000016      0.000096      0.000000      -2691.729234       2665.508653     13.244247      5.539754      0.009803      7.949996
      0.343137      0.990165      0.000011      0.000130      0.000000      -2695.639809       2669.471406     13.486698      5.659787      0.009803      7.949996
      0.348039      0.990164      0.000006      0.000124      0.000000      -2699.658473       2673.433448     13.729149      5.779820      0.009803      7.949996
      0.352941      0.990164      0.000002      0.000095      0.000000      -2703.737918       2677.395090     13.971600      5.899853      0.009803      7.949996
      0.357843      0.990164     -0.000001      0.000058      0.000000      -2707.837488       2681.356599     14.214051      6.019887      0.009803      7.949996
      0.362745      0.990164     -0.000003      0.000024      0.000000      -2711.928857       2685.318163     14.456502      6.139920      0.009803      7.949996
      0.367647      0.990164     -0.000003     -0.000001      0.000000      -2715.996859       2689.279880     14.698953      6.259953      0.009803      7.949996
      0.372549      0.990164     -0.000003     -0.000016      0.000000      -2720.037273       2693.241779     14.941404      6.379986      0.009803      7.949996
      0.377451      0.990164     -0.000002     -0.000021      0.000000      -2724.053256       2697.203839     15.183855      6.500019      0.009803      7.949996
      0.382353      0.990164     -0.000001     -0.000020      0.000000      -2728.051707       2701.166014     15.426306      6.620052      0.009803      7.949996
      0.387255      0.990165     -0.000000     -0.000015      0.000000      -2732.040331       2705.128253     15.668756      6.740085      0.009803      7.949996
      0.392157      0.990165      0.000000     -0.000009      0.000000      -2736.025735       2709.090514     15.911207      6.860119      0.009803      7.949996
      0.397059      0.990165      0.000000     -0.000004      0.000000      -2740.012515       2713.052765     16.153658      6.980152      0.009803      7.949996
      0.401961      0.990164      0.000000      0.000000      0.000000      -2744.003128       2717.014992     16.396109      7.100185      0.009803      7.949996
      0.406863      0.990164      0.000000      0.000003      0.000000      -2747.998257       2720.977189     16.638560      7.220218      0.009803      7.949996
      0.411765      0.990164      0.000000      0.000003      0.000000      -2751.997385       2724.939359     16.881011      7.340251      0.009803      7.949996
      0.416667      0.990164      0.000000      0.000003      0.000000      -2755.999386       2728.901511     17.123462      7.460284      0.009803      7.949996
      0.421569      0.990164      0.000000      0.000003      0.000000      -2760.003005       2732.863652     17.365913      7.580318      0.009803      7.949996
      0.426471      0.990164     -0.000000      0.000002      0.000000      -2764.007160       2736.825789     17.608364      7.700351      0.009803      7.949996
      0.431373      0.990164     -0.000000      0.000001      0.000000      -2768.011098       2740.787928     17.850815      7.820384      0.009803      7.949996
      0.436275      0.990164     -0.000000     -0.000000      0.000000      -2772.014414       2744.750071     18.093266      7.940417      0.009803      7.949996
      0.441176      0.990164     -0.000000     -0.000000      0.000000      -2776.016990       2748.712218     18.335717      8.060450      0.009803      7.949996
      0.446078      0.990164     -0.000000     -0.000001      0.000000      -2780.018908       2752.674371     18.578168      8.180483      0.009803      7.949996
      0.450980      0.990164     -0.000000     -0.000001      0.000000      -2784.020351       2756.636526     18.820619      8.300517      0.009803      7.949996
      0.455882      0.990164     -0.000000     -0.000000      0.000000      -2788.021522       2760.598683     19.063070      8.420550      0.009803      7.949996
      0.460784      0.990164      0.000000     -0.000000      0.000000      -2792.022601       2764.560840     19.305521      8.540583      0.009803      7.949996
      0.465686      0.990164      0.000000     -0.000000      0.000000      -2796.023711       2768.522998     19.547972      8.660616      0.009803      7.949996
      0.470588      0.990164      0.000000     -0.000000      0.000000      -2800.024922       2772.485155     19.790423      8.780649      0.009803      7.949996
      0.475490      0.990164      0.000000      0.000000      0.000000      -2804.026253       2776.447311     20.032874      8.900682      0.009803      7.949996
      0.480392      0.990164      0.000000      0.000000      0.000000      -2808.027693       2780.409466     20.275325      9.020716      0.009803      7.949996
      0.485294      0.990164      0.000000      0.000000      0.000000      -2812.029213       2784.371620     20.517776      9.140749      0.009803      7.949996
      0.490196      0.990164      0.000000      0.000000      0.000000      -2816.030779       2788.333775     20.760227      9.260782      0.009803      7.949996
      0.495098      0.990164     -0.000000      0.000000      0.000000      -2820.032362       2792.295929     21.002678      9.380815      0.009803      7.949996
      0.500000      0.990164     -0.000000      0.000000      0.000000      -2824.033941       2796.258084     21.245129      9.500848      0.009803      7.949996
      0.504902      0.990164     -0.000000      0.000000      0.000000      -2828.035503       2800.220238     21.487580      9.620881      0.009803      7.949996
      0.509804      0.990164     -0.000000     -0.000000      0.000000      -2832.037046       2804.182393     21.730031      9.740915      0.009803      7.949996
      0.514706      0.990164     -0.000000     -0.000000      0.000000      -2836.038571       2808.144547     21.972482      9.860948      0.009803      7.949996
      0.519608      0.990164     -0.000000     -0.000000      0.000000      -2840.040082       2812.106702     22.214933      9.980981      0.009803      7.949996
      0.524510      0.990164     -0.000000     -0.000000      0.000000      -2844.041585       2816.068857     22.457384     10.101014      0.009803      7.949996
      0.529412      0.990164      0.000000     -0.000000      0.000000      -2848.043086       2820.031012     22.699835     10.221047      0.009803      7.949996
      0.534314      0.990164      0.000000     -0.000000      0.000000      -2852.044586       2823.993166     22.942286     10.341080      0.009803      7.949996
      0.539216      0.990164      0.000000     -0.000000      0.000000      -2856.046089       2827.955321     23.184737     10.461114      0.009803      7.949996
      0.544118      0.990164      0.000000      0.000000      0.000000      -2860.047596       2831.917476     23.427188     10.581147      0.009803      7.949996
      0.549020      0.990164      0.000000      0.000000      0.000000      -2864.049105       2835.879631     23.669639     10.701180      0.009803      7.949996
      0.553922      0.990164      0.000000      0.000000      0.000000      -2868.050617       2839.841786     23.912090     10.821213      0.009803      7.949996
      0.558824      0.990164      0.000000      0.000000      0.000000      -2872.052130       2843.803940     24.154541     10.941246      0.009803      7.949996
      0.563725      0.990164     -0.000000      0.000000      0.000000      -2876.053644       2847.766095     24.396991     11.061279      0.009803      7.949996
      0.568627      0.990164     -0.000000      0.000000      0.000000      -2880.055158       2851.728250     24.639442     11.181313      0.009803      7.949996
      0.573529      0.990164     -0.000000      0.000000      0.000000      -2884.056671       2855.690405     24.881893     11.301346      0.009803      7.949996
      0.578431      0.990164     -0.000000     -0.000000      0.000000      -2888.058184       2859.652559     25.124344     11.421379      0.009803      7.949996
      0.583333      0.990164     -0.000000     -0.000000      0.000000      -2892.059696       2863.614714     25.366795     11.541412      0.009803      7.949996
      0.588235      0.990164     -0.000000     -0.000000      0.000000      -2896.061208       2867.576869     25.609246     11.661445      0.009803      7.949996
      0.593137      0.990164      0.000000     -0.000000      0.000000      -2900.062721       2871.539024     25.851697     11.781478      0.009803      7.949996
      0.598039      0.990164      0.000000     -0.000000      0.000000      -2904.064233       2875.501179     26.094148     11.901512      0.009803      7.949996
      0.602941      0.990164      0.000000     -0.000000      0.000000      -2908.065746       2879.463333     26.336599     12.021545      0.009803      7.949996
      0.607843      0.990164      0.000000     -0.000000      0.000000      -2912.067259       2883.425488     26.579050     12.141578      0.009803      7.949996
      0.612745      0.990164      0.000000     -0.000000      0.000000      -2916.068775       2887.387643     26.821501     12.261611      0.009803      7.949996
      0.617647      0.990164      0.000000     -0.000000      0.000000      -2920.070293       2891.349798     27.063952     12.381644      0.009803      7.949996
      0.622549      0.990164      0.000000     -0.000000      0.000000      -2924.071814       2895.311952     27.306403     12.501677      0.009803      7.949996
      0.627451      0.990164      0.000000     -0.000000      0.000000      -2928.073343       2899.274107     27.548854     12.621711      0.009803      7.949996
      0.632353      0.990164      0.000000     -0.000000      0.000000      -2932.074882       2903.236261     27.791305     12.741744      0.009803      7.949996
      0.637255      0.990164      0.000000     -0.000000      0.000000      -2936.076440       2907.198416     28.033756     12.861777      0.009803      7.949996
      0.642157      0.990164      0.000000     -0.000000      0.000000      -2940.078027       2911.160570     28.276207     12.981810      0.009803      7.949996
      0.647059      0.990164      0.000000     -0.000000      0.000000      -2944.079663       2915.122724     28.518658     13.101843      0.009803      7.949996
      0.651961      0.990164      0.000000     -0.000000      0.000000      -2948.081382       2919.084878     28.761109     13.221876      0.009803      7.949996
      0.656863      0.990164      0.000000     -0.000000      0.000000      -2952.083235       2923.047030     29.003560     13.341910      0.009803      7.949996
      0.661765      0.990164      0.000000     -0.000000      0.000000      -2956.085312       2927.009181     29.246011     13.461943      0.009803      7.949996
      0.666667      0.990164      0.000000     -0.000001      0.000000      -2960.087757       2930.971330     29.488462     13.581976      0.009803      7.949996
      0.671569      0.990164      0.000000     -0.000001      0.000000      -2964.090813       2934.933474     29.730913     13.702009      0.009803      7.949996
      0.676471      0.990164      0.000000     -0.000002      0.000000      -2968.094875       2938.895612     29.973364     13.822042      0.009803      7.949996
      0.681373      0.990164      0.000000     -0.000004      0.000000      -2972.100602       2942.857739     30.215815     13.942075      0.009803      7.949996
      0.686275      0.990164      0.000000     -0.000006      0.000000      -2976.109077       2946.819848     30.458266     14.062109      0.009803      7.949996
      0.691176      0.990164      0.000001     -0.000010      0.000000      -2980.122088       2950.781927     30.700717     14.182142      0.009803      7.949996
      0.696078      0.990164      0.000001     -0.000016      0.000000      -2984.142586       2954.743957     30.943168     14.302175      0.009803      7.949996
      0.700980      0.990164      0.000002     -0.000027      0.000000      -2988.175441       2958.705906     31.185619     14.422208      0.009803      7.949996
      0.705882      0.990164      0.000003     -0.000044      0.000000      -2992.228680       2962.667720     31.428070     14.542241      0.009803      7.949996
      0.710784      0.990164      0.000006     -0.000073      0.000000      -2996.315541       2966.629314     31.670520     14.662274      0.009803      7.949996
      0.715686      0.990164      0.000009     -0.000120      0.000000      -3000.457841       2970.590542     31.912971     14.782307      0.009803      7.949996
      0.720588      0.990163      0.000015     -0.000198      0.000000      -3004.691527       2974.551169     32.155422     14.902340      0.009803      7.949996
      0.725490      0.990162      0.000025     -0.000327      0.000000      -3009.075798       2978.510805     32.397873     15.022373      0.009803      7.949996
      0.730392      0.990161      0.000042     -0.000538      0.000000      -3013.708092       2982.468809     32.640323     15.142405      0.009803      7.949996
      0.735294      0.990159      0.000069     -0.000885      0.000000      -3018.748652       2986.424124     32.882773     15.262438      0.009803      7.949996
      0.740196      0.990156      0.000114     -0.001456      0.000000      -3024.460687       2990.375016     33.125222     15.382469      0.009803      7.949996
      0.745098      0.990150      0.000187     -0.002394      0.000000      -3031.275728       2994.318633     33.367670     15.502499      0.009803      7.949996
      0.750000      0.990140      0.000308     -0.003933      0.000000      -3039.899214       2998.250306     33.610117     15.622528      0.009803      7.949996
      0.754902      0.990125      0.000507     -0.006453      0.000000      -3051.478969       3002.162403     33.852560     15.742554      0.009803      7.949996
      0.759804      0.990099      0.000832     -0.010568      0.000000      -3067.868556       3006.042514     34.094998     15.862574      0.009803      7.949996
      0.764706      0.990057      0.001363     -0.017253      0.000000      -3092.024447       3009.870619     34.337429     15.982587      0.009803      7.949996
      0.769608      0.989989      0.002229     -0.028034      0.000000      -3128.567374       3013.614821     34.579846     16.102586      0.009803      7.949996
      0.774510      0.989877      0.003631     -0.045213      0.000000      -3184.479374       3017.225336     34.822241     16.222564      0.009803      7.949996
      0.779412      0.989695      0.005879     -0.072071      0.000000      -3269.726758       3020.627013     35.064601     16.342506      0.009803      7.949996
      0.784314      0.989402      0.009429     -0.112851      0.000000      -3397.195056       3023.712406     35.306904     16.462389      0.009803      7.949996
      0.789216      0.988935      0.014915     -0.172106      0.000000      -3580.713947       3026.340938     35.549115     16.582176      0.009803      7.949996
      0.794118      0.988204      0.023126     -0.252960      0.000000      -3829.737534       3028.354038     35.791182     16.701808      0.009803      7.949996
      0.799020      0.987086      0.034901     -0.354388      0.000000      -4141.041488       3029.615404     36.033025     16.821190      0.009803      7.949996
      0.803922      0.985429      0.050923     -0.469178      0.000000      -4492.529447       3030.069693     36.274533     16.940182      0.009803      7.949996
      0.808824      0.983060      0.071485     -0.585209      0.000000      -4847.180963       3029.785121     36.515550     17.058579      0.009803      7.949996
      0.813725      0.979806      0.096391     -0.690319      0.000000      -5167.951261       3028.940313     36.755883     17.176109      0.009803      7.949996
      0.818627      0.975511      0.125048     -0.777056      0.000000      -5432.268778       3027.758653     36.995294     17.292435      0.009803      7.949996
      0.823529      0.970048      0.156694     -0.843836      0.000000      -5635.479459       3026.438275     37.233513     17.407166      0.009803      7.949996
      0.828431      0.963322      0.190588     -0.893005      0.000000      -5784.882094       3025.116942     37.470242     17.519878      0.009803      7.949996
      0.833333      0.955265      0.226117     -0.928356      0.000000      -5892.129918       3023.872347     37.705161     17.630131      0.009803      7.949996
      0.838235      0.945837      0.262814     -0.953558      0.000000      -5968.455407       3022.738630     37.937941     17.737487      0.009803      7.949996
      0.843137      0.935011      0.300345     -0.971556      0.000000      -6022.855727       3021.723854     38.168241     17.841524      0.009803      7.949996
      0.848039      0.922776      0.338473     -0.984513      0.000000      -6061.927169       3020.822691     38.395718     17.941844      0.009803      7.949996
      0.852941      0.909131      0.377033     -0.993949      0.000000      -6090.301124       3020.024080     38.620026     18.038080      0.009803      7.949996
      0.857843      0.894084      0.415911     -1.000912      0.000000      -6111.169010       3019.315337     38.840822     18.129908      0.009803      7.949996
      0.862745      0.877647      0.455023     -1.006123      0.000000      -6126.719569       3018.684144     39.057763     18.217044      0.009803      7.949996
      0.867647      0.859837      0.494313     -1.010076      0.000000      -6138.458916       3018.119375     39.270510     18.299254      0.009803      7.949996
      0.872549      0.840677      0.533738     -1.013116      0.000000      -6147.431726       3017.611340     39.478731     18.376350      0.009803      7.949996
      0.877451      0.820193      0.573267     -1.015483      0.000000      -6154.370263       3017.151760     39.682097     18.448199      0.009803      7.949996
      0.882353      0.798414      0.612879     -1.017350      0.000000      -6159.793872       3016.733625     39.880289     18.514719      0.009803      7.949996
      0.887255      0.775371      0.652556     -1.018838      0.000000      -6164.075424       3016.351018     40.072992     18.575878      0.009803      7.949996
      0.892157      0.751098      0.692285     -1.020038      0.000000      -6167.485925       3015.998947     40.259902     18.631697      0.009803      7.949996
      0.897059      0.725634      0.732056     -1.021014      0.000000      -6170.224711       3015.673187     40.440721     18.682246      0.009803      7.949996
      0.901961      0.699016      0.771861     -1.021817      0.000000      -6172.440098       3015.370149     40.615164     18.727641      0.009803      7.949996
      0.906863      0.671286      0.811696     -1.022484      0.000000      -6174.243663       3015.086768     40.782952     18.768045      0.009803      7.949996
      0.911765      0.642488      0.851554     -1.023041      0.000000      -6175.720219       3014.820410     40.943818     18.803658      0.009803      7.949996
      0.916667      0.612666      0.891431     -1.023511      0.000000      -6176.934873       3014.568796     41.097506     18.834720      0.009803      7.949996
      0.921569      0.581868      0.931326     -1.023911      0.000000      -6177.938068       3014.329940     41.243772     18.861500      0.009803      7.949996
      0.926471      0.550142      0.971236     -1.024254      0.000000      -6178.769224       3014.102097     41.382382     18.884297      0.009803      7.949996
      0.931373      0.517538      1.011157     -1.024550      0.000000      -6179.459402       3013.883719     41.513115     18.903428      0.009803      7.949996
      0.936275      0.484108      1.051090     -1.024808      0.000000      -6180.033261       3013.673422     41.635763     18.919228      0.009803      7.949996
      0.941176      0.449906      1.091031     -1.025034      0.000000      -6180.510518       3013.469956     41.750129     18.932043      0.009803      7.949996
      0.946078      0.414985      1.130982     -1.025233      0.000000      -6180.907044       3013.272180     41.856031     18.942221      0.009803      7.949996
      0.950980      0.379401      1.170939     -1.025411      0.000000      -6181.235689       3013.079042     41.953300     18.950112      0.009803      7.949996
      0.955882      0.343211      1.210903     -1.025570      0.000000      -6181.506923       3012.889562     42.041781     18.956054      0.009803      7.949996
      0.960784      0.306472      1.250873     -1.025714      0.000000      -6181.729319       3012.702818     42.121332     18.960376      0.009803      7.949996
      0.965686      0.269244      1.290848     -1.025846      0.000000      -6181.909928       3012.517935     42.191826     18.963386      0.009803      7.949996
      0.970588      0.231585      1.330828     -1.025967      0.000000      -6182.054581       3012.334073     42.253151     18.965371      0.009803      7.949996
      0.975490      0.193556      1.370813     -1.026080      0.000000      -6182.168120       3012.150419     42.305208     18.966588      0.009803      7.949996
      0.980392      0.155218      1.410802     -1.026185      0.000000      -6182.254579       3011.966183     42.347914     18.967263      0.009803      7.949996
      0.985294      0.116631      1.450795     -1.026285      0.000000      -6182.317340       3011.780587     42.381201     18.967585      0.009803      7.949996
      0.990196      0.077858      1.490792     -1.026381      0.000000      -6182.359256       3011.592866     42.405015     18.967705      0.009803      7.949996
      0.995098      0.038960      1.530792     -1.026473      0.000000      -6182.382770       3011.402263     42.419319     18.967733      0.009803      7.949996
      1.000000     -0.000000      1.570796     -1.026559      0.000000      -6182.390061       3011.219469     42.424090     18.967735      0.009803      7.949996
