             t             r           psi            cs            qs                 p               sig             A             V            Q2             S
      0.000000      0.000000     -1.570796     -0.981136      0.000000       -951.566429        484.931069      0.000000      0.000000      0.028422      5.192210
      0.009804      0.050883     -1.520845     -0.981602      0.000000       -951.576560        484.784162      0.008139      0.000005      0.028422      5.192210
      0.019608      0.101639     -1.470860     -0.982308      0.000000       -951.615290        484.547200      0.032535      0.000083      0.028422      5.192210
      0.029412      0.152141     -1.420838     -0.983047      0.000000       -951.685634        484.314505      0.073128      0.000416      0.028422      5.192210
      0.039216      0.202262     -1.370777     -0.983839      0.000000       -951.793280        484.084498      0.129816      0.001308      0.028422      5.192210
      0.049020      0.251877     -1.320674     -0.984703      0.000000       -951.945317        483.855580      0.202457      0.003171      0.028422      5.192210
      0.058824      0.300861     -1.270524     -0.985661      0.000000       -952.150697        483.626123      0.290869      0.006517      0.028422      5.192210
      0.068627      0.349089     -1.220323     -0.986739      0.000000       -952.420822        483.394447      0.394830      0.011947      0.028422      5.192210
      0.078431      0.396439     -1.170064     -0.987969      0.000000       -952.770324        483.158801      0.514080      0.020134      0.028422      5.192210
      0.088235      0.442791     -1.119737     -0.989394      0.000000       -953.218142        482.917329      0.648317      0.031807      0.028422      5.192210
      0.098039      0.488026     -1.069331     -0.991066      0.000000       -953.789012        482.668040      0.797205      0.047730      0.028422      5.192210
      0.107843      0.532026     -1.018833     -0.993054      0.000000       -954.515585        482.408757      0.960365      0.068687      0.028422      5.192210
      0.117647      0.574677     -0.968224     -0.995450      0.000000       -955.441446        482.137072      1.137386      0.095458      0.028422      5.192210
      0.127451      0.615866     -0.917479     -0.998376      0.000000       -956.625514        481.850279      1.327818      0.128799      0.028422      5.192210
      0.137255      0.655483     -0.866569     -1.002000      0.000000       -958.148553        481.545307      1.531175      0.169422      0.028422      5.192210
      0.147059      0.693419     -0.815452     -1.006555      0.000000       -960.122952        481.218642      1.746938      0.217975      0.028422      5.192210
      0.156863      0.729568     -0.764073     -1.012367      0.000000       -962.707697        480.866255      1.974550      0.275023      0.028422      5.192210
      0.166667      0.763822     -0.712356     -1.019910      0.000000       -966.131683        480.483557      2.213425      0.341030      0.028422      5.192210
      0.176471      0.796076     -0.660197     -1.029873      0.000000       -970.730601        480.065445      2.462938      0.416343      0.028422      5.192210
      0.186275      0.826221     -0.607448     -1.043289      0.000000       -977.006012        479.606553      2.722433      0.501182      0.028422      5.192210
      0.196078      0.854147     -0.553897     -1.061724      0.000000       -985.720150        479.102049      2.991217      0.595621      0.028422      5.192210
      0.205882      0.879731     -0.499231     -1.087585      0.000000       -998.044734        478.549664      3.268563      0.699585      0.028422      5.192210
      0.215686      0.902839     -0.442985     -1.124547      0.000000      -1015.774542        477.954702      3.553699      0.812835      0.028422      5.192210
      0.225490      0.923311     -0.384464     -1.177961      0.000000      -1041.539600        477.342134      3.845809      0.934960      0.028422      5.192210
      0.235294      0.940949     -0.322669     -1.254260      0.000000      -1078.569638        476.785366      4.144019      1.065360      0.028422      5.192210
      0.245098      0.955499     -0.256339     -1.355207      0.000000      -1128.083914        476.470655      4.447385      1.203209      0.028422      5.192210
      0.254902      0.966652     -0.184678     -1.454658      0.000000      -1178.472272        476.812176      4.754869      1.347396      0.028422      5.192210
      0.264706      0.974122     -0.109966     -1.449464      0.000000      -1181.829708        478.506793      5.065338      1.496418      0.028422      5.192210
      0.274510      0.977919     -0.041598     -1.187602      0.000000      -1065.006644        482.056660      5.377601      1.648397      0.028422      5.192210
      0.284314      0.978690      0.007246     -0.717107      0.000000       -846.486245        486.806997      5.690567      1.801484      0.028422      5.192210
      0.294118      0.977593      0.032210     -0.286976      0.000000       -643.406594        491.388034      6.003449      1.954483      0.028422      5.192210
      0.303922      0.975716      0.039267     -0.017053      0.000000       -515.464484        495.090841      6.315831      2.106928      0.028422      5.192210
      0.313725      0.973766      0.036240      0.118108      0.000000       -452.200516        497.931278      6.627587      2.258755      0.028422      5.192210
      0.323529      0.972103      0.028645      0.170001      0.000000       -429.262989        500.146748      6.938760      2.410044      0.028422      5.192210
      0.333333      0.970872      0.019716      0.175181      0.000000       -428.984750        501.959214      7.249467      2.560918      0.028422      5.192210
      0.343137      0.970088      0.011229      0.155372      0.000000       -440.790297        503.532069      7.559854      2.711506      0.028422      5.192210
      0.352941      0.969705      0.004103      0.123364      0.000000       -458.455525        504.979898      7.870055      2.861928      0.028422      5.192210
      0.362745      0.969641     -0.001259      0.087091      0.000000       -478.135943        506.383058      8.180187      3.012288      0.028422      5.192210
      0.372549      0.969802     -0.004781      0.051794      0.000000       -497.302664        507.797705      8.490338      3.162664      0.028422      5.192210
      0.382353      0.970099     -0.006610      0.021010      0.000000       -514.247261        509.261387      8.800563      3.313112      0.028422      5.192210
      0.392157      0.970451     -0.007035     -0.003053      0.000000       -527.895345        510.795955      9.110895      3.463662      0.028422      5.192210
      0.401961      0.970797     -0.006430     -0.019406      0.000000       -537.756051        512.409479      9.421339      3.614321      0.028422      5.192210
      0.411765      0.971095     -0.005188     -0.028193      0.000000       -543.887788        514.098419      9.731888      3.765082      0.028422      5.192210
      0.421569      0.971321     -0.003670     -0.030495      0.000000       -546.808919        515.850625     10.042520      3.915926      0.028422      5.192210
      0.431373      0.971469     -0.002166     -0.027987      0.000000       -547.338327        517.649039     10.353213      4.066829      0.028422      5.192210
      0.441176      0.971545     -0.000871     -0.022543      0.000000       -546.400426        519.475433     10.663941      4.217767      0.028422      5.192210
      0.450980      0.971563      0.000109     -0.015878      0.000000       -544.849356        521.313438     10.974683      4.368719      0.028422      5.192210
      0.460784      0.971540      0.000748     -0.009324      0.000000       -543.353492        523.150401     11.285424      4.519670      0.028422      5.192210
      0.470588      0.971492      0.001075     -0.003749      0.000000       -542.351129        524.978020     11.596154      4.670609      0.028422      5.192210
      0.480392      0.971434      0.001154      0.000416      0.000000       -542.063108        526.792064     11.906866      4.821532      0.028422      5.192210
      0.490196      0.971378      0.001058      0.003081      0.000000       -542.538029        528.591538     12.217560      4.972437      0.028422      5.192210
      0.500000      0.971328      0.000863      0.004384      0.000000       -543.708177        530.377672     12.528236      5.123325      0.028422      5.192210
      0.509804      0.971290      0.000631      0.004586      0.000000       -545.442024        532.152943     12.838899      5.274200      0.028422      5.192210
      0.519608      0.971264      0.000410      0.003990      0.000000       -547.586677        533.920272     13.149551      5.425064      0.028422      5.192210
      0.529412      0.971248      0.000233      0.002878      0.000000       -549.998723        535.682419     13.460197      5.575922      0.028422      5.192210
      0.539216      0.971239      0.000122      0.001474      0.000000       -552.564613        537.441579     13.770839      5.726776      0.028422      5.192210
      0.549020      0.971234      0.000086     -0.000081      0.000000       -555.212830        539.199141     14.081478      5.877629      0.028422      5.192210
      0.558824      0.971229      0.000132     -0.001738      0.000000       -557.920525        540.955546     14.392116      6.028480      0.028422      5.192210
      0.568627      0.971219      0.000265     -0.003546      0.000000       -560.717323        542.710219     14.702752      6.179328      0.028422      5.192210
      0.578431      0.971200      0.000498     -0.005661      0.000000       -563.689094        544.461485     15.013384      6.330172      0.028422      5.192210
      0.588235      0.971166      0.000851     -0.008351      0.000000       -566.984428        546.206443     15.324007      6.481009      0.028422      5.192210
      0.598039      0.971111      0.001365     -0.012019      0.000000       -570.826504        547.940705     15.634616      6.631831      0.028422      5.192210
      0.607843      0.971024      0.002101     -0.017236      0.000000       -575.532692        549.657977     15.945203      6.782632      0.028422      5.192210
      0.617647      0.970892      0.003159     -0.024788      0.000000       -581.543312        551.349394     16.255754      6.933398      0.028422      5.192210
      0.627451      0.970694      0.004682     -0.035745      0.000000       -589.458680        553.002594     16.566254      7.084114      0.028422      5.192210
      0.637255      0.970403      0.006879     -0.051527      0.000000       -600.078556        554.600526     16.876677      7.234753      0.028422      5.192210
      0.647059      0.969978      0.010041     -0.073949      0.000000       -614.428342        556.120127     17.186986      7.385279      0.028422      5.192210
      0.656863      0.969358      0.014558     -0.105190      0.000000       -633.740436        557.531209     17.497131      7.535639      0.028422      5.192210
      0.666667      0.968464      0.020939     -0.147592      0.000000       -659.339856        558.796241     17.807035      7.685755      0.028422      5.192210
      0.676471      0.967185      0.029808     -0.203198      0.000000       -692.375754        559.872149     18.116595      7.835513      0.028422      5.192210
      0.686275      0.965376      0.041868     -0.272976      0.000000       -733.378536        560.715311     18.425666      7.984750      0.028422      5.192210
      0.696078      0.962857      0.057824     -0.355919      0.000000       -781.741826        561.290183     18.734050      8.133236      0.028422      5.192210
      0.705882      0.959416      0.078268     -0.448478      0.000000       -835.399257        561.579800     19.041487      8.280654      0.028422      5.192210
      0.715686      0.954816      0.103549     -0.544883      0.000000       -891.022332        561.593791     19.347645      8.426581      0.028422      5.192210
      0.725490      0.948812      0.133694     -0.638516      0.000000       -944.818159        561.369030     19.652113      8.570483      0.028422      5.192210
      0.735294      0.941171      0.168410     -0.723704      0.000000       -993.563102        560.961489     19.954405      8.711713      0.028422      5.192210
      0.745098      0.931684      0.207169     -0.796969      0.000000      -1035.312674        560.433153     20.253963      8.849530      0.028422      5.192210
      0.754902      0.920179      0.249326     -0.857235      0.000000      -1069.505593        559.840156     20.550168      8.983134      0.028422      5.192210
      0.764706      0.906525      0.294234     -0.905234      0.000000      -1096.609244        559.226089     20.842353      9.111699      0.028422      5.192210
      0.774510      0.890629      0.341307     -0.942663      0.000000      -1117.632014        558.620657     21.129814      9.234415      0.028422      5.192210
      0.784314      0.872434      0.390059     -0.971505      0.000000      -1133.732298        558.041652     21.411824      9.350528      0.028422      5.192210
      0.794118      0.851913      0.440100     -0.993622      0.000000      -1145.990628        557.498082     21.687643      9.459366      0.028422      5.192210
      0.803922      0.829064      0.491130     -1.010590      0.000000      -1155.314627        556.993144     21.956527      9.560367      0.028422      5.192210
      0.813725      0.803908      0.542920     -1.023659      0.000000      -1162.422912        556.526522     22.217732      9.653100      0.028422      5.192210
      0.823529      0.776482      0.595297     -1.033790      0.000000      -1167.865419        556.095965     22.470527      9.737274      0.028422      5.192210
      0.833333      0.746839      0.648131     -1.041707      0.000000      -1172.055142        555.698296     22.714195      9.812745      0.028422      5.192210
      0.843137      0.715044      0.701323     -1.047948      0.000000      -1175.299388        555.330003     22.948035      9.879521      0.028422      5.192210
      0.852941      0.681177      0.754799     -1.052917      0.000000      -1177.826143        554.987579     23.171372      9.937755      0.028422      5.192210
      0.862745      0.645322      0.808502     -1.056912      0.000000      -1179.804724        554.667687     23.383557      9.987740      0.028422      5.192210
      0.872549      0.607577      0.862388     -1.060156      0.000000      -1181.361339        554.367234     23.583969     10.029896      0.028422      5.192210
      0.882353      0.568045      0.916425     -1.062818      0.000000      -1182.590561        554.083391     23.772021     10.064753      0.028422      5.192210
      0.892157      0.526837      0.970584     -1.065025      0.000000      -1183.563704        553.813578     23.947157     10.092934      0.028422      5.192210
      0.901961      0.484072      1.024847     -1.066875      0.000000      -1184.334908        553.555442     24.108861     10.115135      0.028422      5.192210
      0.911765      0.439871      1.079196     -1.068443      0.000000      -1184.945564        553.306822     24.256654     10.132103      0.028422      5.192210
      0.921569      0.394364      1.133619     -1.069787      0.000000      -1185.427533        553.065714     24.390098     10.144606      0.028422      5.192210
      0.931373      0.347683      1.188106     -1.070954      0.000000      -1185.805508        552.830247     24.508795     10.153418      0.028422      5.192210
      0.941176      0.299966      1.242648     -1.071980      0.000000      -1186.098750        552.598645     24.612393     10.159287      0.028422      5.192210
      0.950980      0.251355      1.297240     -1.072894      0.000000      -1186.322370        552.369208     24.700582     10.162918      0.028422      5.192210
      0.960784      0.201992      1.351876     -1.073721      0.000000      -1186.488294        552.140289     24.773099     10.164945      0.028422      5.192210
      0.970588      0.152026      1.406552     -1.074480      0.000000      -1186.605986        551.910275     24.829728     10.165918      0.028422      5.192210
      0.980392      0.101605      1.461266     -1.075190      0.000000      -1186.683004        551.677576     24.870299     10.166283      0.028422      5.192210
      0.990196      0.050879      1.516015     -1.075870      0.000000      -1186.725453        551.440612     24.894690     10.166368      0.028422      5.192210
      1.000000     -0.000000      1.570796     -1.076320      0.000000      -1186.736564        551.293705     24.902828     10.166374      0.028422      5.192210
