             t             r           psi            cs            qs                 p               sig             A             V            Q2             S
      0.000000     -0.000000     -1.570796     -0.788334      0.000000         -7.425053          4.709333      0.000000      0.000000      0.228732      2.809854
      0.009804      0.027545     -1.549056     -0.794312      0.000000         -7.426031          4.689672      0.002384      0.000000      0.228732      2.809854
      0.019608      0.055078     -1.526916     -0.812859      0.000000         -7.432502          4.618471      0.009535      0.000006      0.228732      2.809854
      0.029412      0.082583     -1.504271     -0.831369      0.000000         -7.443807          4.549060      0.021449      0.000029      0.228732      2.809854
      0.039216      0.110046     -1.481103     -0.850795      0.000000         -7.460390          4.481375      0.038120      0.000093      0.228732      2.809854
      0.049020      0.137451     -1.457385     -0.871371      0.000000         -7.482735          4.415362      0.059540      0.000229      0.228732      2.809854
      0.058824      0.164781     -1.433083     -0.893268      0.000000         -7.511377          4.350980      0.085698      0.000479      0.228732      2.809854
      0.068627      0.192018     -1.408157     -0.916654      0.000000         -7.546911          4.288201      0.116578      0.000893      0.228732      2.809854
      0.078431      0.219143     -1.382564     -0.941710      0.000000         -7.590000          4.227010      0.152163      0.001534      0.228732      2.809854
      0.088235      0.246133     -1.356256     -0.968632      0.000000         -7.641382          4.167411      0.192431      0.002474      0.228732      2.809854
      0.098039      0.272967     -1.329178     -0.997630      0.000000         -7.701878          4.109424      0.237358      0.003796      0.228732      2.809854
      0.107843      0.299619     -1.301270     -1.028935      0.000000         -7.772399          4.053095      0.286915      0.005593      0.228732      2.809854
      0.117647      0.326064     -1.272465     -1.062792      0.000000         -7.853949          3.998492      0.341067      0.007970      0.228732      2.809854
      0.127451      0.352271     -1.242690     -1.099462      0.000000         -7.947635          3.945714      0.399776      0.011042      0.228732      2.809854
      0.137255      0.378209     -1.211862     -1.139214      0.000000         -8.054662          3.894895      0.462998      0.014936      0.228732      2.809854
      0.147059      0.403842     -1.179894     -1.182323      0.000000         -8.176335          3.846207      0.530684      0.019787      0.228732      2.809854
      0.156863      0.429134     -1.146688     -1.229055      0.000000         -8.314043          3.799870      0.602777      0.025742      0.228732      2.809854
      0.166667      0.454042     -1.112143     -1.279653      0.000000         -8.469241          3.756156      0.679216      0.032957      0.228732      2.809854
      0.176471      0.478519     -1.076148     -1.334310      0.000000         -8.643415          3.715401      0.759930      0.041596      0.228732      2.809854
      0.186275      0.502515     -1.038591     -1.393142      0.000000         -8.838016          3.678013      0.844839      0.051830      0.228732      2.809854
      0.196078      0.525975     -0.999355     -1.456136      0.000000         -9.054382          3.644482      0.933856      0.063834      0.228732      2.809854
      0.205882      0.548836     -0.958328     -1.523096      0.000000         -9.293601          3.615391      1.026883      0.077787      0.228732      2.809854
      0.215686      0.571032     -0.915407     -1.593566      0.000000         -9.556344          3.591428      1.123810      0.093866      0.228732      2.809854
      0.225490      0.592491     -0.870505     -1.666739      0.000000         -9.842628          3.573395      1.224516      0.112241      0.228732      2.809854
      0.235294      0.613134     -0.823564     -1.741358      0.000000        -10.151518          3.562212      1.328868      0.133074      0.228732      2.809854
      0.245098      0.632879     -0.774568     -1.815611      0.000000        -10.480772          3.558918      1.436715      0.156507      0.228732      2.809854
      0.254902      0.651639     -0.723559     -1.887049      0.000000        -10.826448          3.564666      1.547896      0.182658      0.228732      2.809854
      0.264706      0.669325     -0.670655     -1.952549      0.000000        -11.182510          3.580691      1.662233      0.211612      0.228732      2.809854
      0.274510      0.685852     -0.616071     -2.008360      0.000000        -11.540534          3.608280      1.779532      0.243412      0.228732      2.809854
      0.284314      0.701135     -0.560132     -2.050280      0.000000        -11.889609          3.648702      1.899585      0.278051      0.228732      2.809854
      0.294118      0.715101     -0.503278     -2.073985      0.000000        -12.216588          3.703124      2.022170      0.315467      0.228732      2.809854
      0.303922      0.727690     -0.446069     -2.075504      0.000000        -12.506795          3.772506      2.147054      0.355537      0.228732      2.809854
      0.313725      0.738860     -0.389160     -2.051796      0.000000        -12.745264          3.857486      2.273995      0.398084      0.228732      2.809854
      0.323529      0.748591     -0.333271     -2.001312      0.000000        -12.918395          3.958263      2.402745      0.442878      0.228732      2.809854
      0.333333      0.756890     -0.279141     -1.924387      0.000000        -13.015806          4.074515      2.533054      0.489648      0.228732      2.809854
      0.343137      0.763786     -0.227469     -1.823364      0.000000        -13.031974          4.205349      2.664679      0.538096      0.228732      2.809854
      0.352941      0.769337     -0.178866     -1.702359      0.000000        -12.967264          4.349325      2.797379      0.587918      0.228732      2.809854
      0.362745      0.773617     -0.133811     -1.566744      0.000000        -12.828080          4.504529      2.930929      0.638810      0.228732      2.809854
      0.372549      0.776720     -0.092626     -1.422464      0.000000        -12.626080          4.668699      3.065117      0.690491      0.228732      2.809854
      0.382353      0.778748     -0.055466     -1.275353      0.000000        -12.376685          4.839387      3.199747      0.742705      0.228732      2.809854
      0.392157      0.779811     -0.022338     -1.130598      0.000000        -12.097247          5.014111      3.334643      0.795229      0.228732      2.809854
      0.401961      0.780015      0.006885     -0.992400      0.000000        -11.805263          5.190502      3.469647      0.847876      0.228732      2.809854
      0.411765      0.779465      0.032428     -0.863859      0.000000        -11.516930          5.366408      3.604619      0.900490      0.228732      2.809854
      0.421569      0.778260      0.054587     -0.747006      0.000000        -11.246178          5.539960      3.739439      0.952945      0.228732      2.809854
      0.431373      0.776487      0.073702     -0.642958      0.000000        -11.004191          5.709603      3.873999      1.005141      0.228732      2.809854
      0.441176      0.774227      0.090132     -0.552096      0.000000        -10.799317          5.874099      4.008210      1.056998      0.228732      2.809854
      0.450980      0.771550      0.104239     -0.474268      0.000000        -10.637268          6.032501      4.141992      1.108454      0.228732      2.809854
      0.460784      0.768513      0.116377     -0.408954      0.000000        -10.521466          6.184125      4.275279      1.159461      0.228732      2.809854
      0.470588      0.765167      0.126879     -0.355408      0.000000        -10.453463          6.328503      4.408013      1.209978      0.228732      2.809854
      0.480392      0.761553      0.136058     -0.312763      0.000000        -10.433354          6.465351      4.540144      1.259975      0.228732      2.809854
      0.490196      0.757704      0.144202     -0.280108      0.000000        -10.460150          6.594524      4.671629      1.309426      0.228732      2.809854
      0.500000      0.753643      0.151574     -0.256538      0.000000        -10.532096          6.715988      4.802429      1.358309      0.228732      2.809854
      0.509804      0.749390      0.158412     -0.241184      0.000000        -10.646925          6.829787      4.932509      1.406602      0.228732      2.809854
      0.519608      0.744955      0.164930     -0.233237      0.000000        -10.802056          6.936025      5.061837      1.454288      0.228732      2.809854
      0.529412      0.740345      0.171323     -0.231950      0.000000        -10.994735          7.034841      5.190382      1.501348      0.228732      2.809854
      0.539216      0.735561      0.177765     -0.236645      0.000000        -11.222138          7.126402      5.318114      1.547764      0.228732      2.809854
      0.549020      0.730601      0.184411     -0.246709      0.000000        -11.481444          7.210886      5.445003      1.593514      0.228732      2.809854
      0.558824      0.725456      0.191401     -0.261589      0.000000        -11.769873          7.288479      5.571018      1.638580      0.228732      2.809854
      0.568627      0.720116      0.198862     -0.280788      0.000000        -12.084714          7.359366      5.696126      1.682936      0.228732      2.809854
      0.578431      0.714566      0.206907     -0.303861      0.000000        -12.423334          7.423731      5.820291      1.726559      0.228732      2.809854
      0.588235      0.708791      0.215636     -0.330403      0.000000        -12.783179          7.481753      5.943476      1.769420      0.228732      2.809854
      0.598039      0.702771      0.225139     -0.360047      0.000000        -13.161772          7.533603      6.065641      1.811491      0.228732      2.809854
      0.607843      0.696484      0.235498     -0.392460      0.000000        -13.556704          7.579452      6.186741      1.852737      0.228732      2.809854
      0.617647      0.689908      0.246784     -0.427334      0.000000        -13.965625          7.619463      6.306729      1.893123      0.228732      2.809854
      0.627451      0.683017      0.259062     -0.464384      0.000000        -14.386237          7.653796      6.425551      1.932612      0.228732      2.809854
      0.637255      0.675785      0.272387     -0.503344      0.000000        -14.816285          7.682610      6.543151      1.971162      0.228732      2.809854
      0.647059      0.668185      0.286809     -0.543965      0.000000        -15.253558          7.706064      6.659468      2.008729      0.228732      2.809854
      0.656863      0.660189      0.302370     -0.586010      0.000000        -15.695881          7.724316      6.774436      2.045268      0.228732      2.809854
      0.666667      0.651769      0.319106     -0.629253      0.000000        -16.141120          7.737529      6.887984      2.080730      0.228732      2.809854
      0.676471      0.642895      0.337048     -0.673479      0.000000        -16.587187          7.745868      7.000035      2.115067      0.228732      2.809854
      0.686275      0.633539      0.356219     -0.718482      0.000000        -17.032047          7.749501      7.110509      2.148227      0.228732      2.809854
      0.696078      0.623672      0.376638     -0.764064      0.000000        -17.473727          7.748602      7.219320      2.180160      0.228732      2.809854
      0.705882      0.613266      0.398319     -0.810036      0.000000        -17.910331          7.743348      7.326376      2.210816      0.228732      2.809854
      0.715686      0.602294      0.421269     -0.856218      0.000000        -18.340048          7.733923      7.431583      2.240145      0.228732      2.809854
      0.725490      0.590728      0.445492     -0.902439      0.000000        -18.761173          7.720513      7.534840      2.268100      0.228732      2.809854
      0.735294      0.578545      0.470988     -0.948537      0.000000        -19.172115          7.703307      7.636042      2.294636      0.228732      2.809854
      0.745098      0.565720      0.497750     -0.994364      0.000000        -19.571412          7.682496      7.735080      2.319714      0.228732      2.809854
      0.754902      0.552233      0.525769     -1.039782      0.000000        -19.957746          7.658270      7.831841      2.343299      0.228732      2.809854
      0.764706      0.538063      0.555032     -1.084664      0.000000        -20.329944          7.630821      7.926209      2.365361      0.228732      2.809854
      0.774510      0.523194      0.585523     -1.128900      0.000000        -20.686992          7.600335      8.018064      2.385881      0.228732      2.809854
      0.784314      0.507611      0.617222     -1.172392      0.000000        -21.028036          7.566995      8.107283      2.404846      0.228732      2.809854
      0.794118      0.491303      0.650108     -1.215056      0.000000        -21.352382          7.530977      8.193743      2.422252      0.228732      2.809854
      0.803922      0.474261      0.684157     -1.256825      0.000000        -21.659497          7.492450      8.277317      2.438107      0.228732      2.809854
      0.813725      0.456481      0.719344     -1.297646      0.000000        -21.949000          7.451572      8.357877      2.452430      0.228732      2.809854
      0.823529      0.437960      0.755642     -1.337481      0.000000        -22.220655          7.408493      8.435296      2.465250      0.228732      2.809854
      0.833333      0.418700      0.793024     -1.376308      0.000000        -22.474364          7.363348      8.509445      2.476609      0.228732      2.809854
      0.843137      0.398708      0.831461     -1.414116      0.000000        -22.710153          7.316260      8.580196      2.486562      0.228732      2.809854
      0.852941      0.377993      0.870926     -1.450912      0.000000        -22.928160          7.267340      8.647425      2.495173      0.228732      2.809854
      0.862745      0.356570      0.911390     -1.486713      0.000000        -23.128621          7.216682      8.711007      2.502518      0.228732      2.809854
      0.872549      0.334455      0.952827     -1.521550      0.000000        -23.311857          7.164366      8.770820      2.508686      0.228732      2.809854
      0.882353      0.311672      0.995212     -1.555466      0.000000        -23.478257          7.110458      8.826748      2.513769      0.228732      2.809854
      0.892157      0.288247      1.038518     -1.588515      0.000000        -23.628270          7.055006      8.878676      2.517873      0.228732      2.809854
      0.901961      0.264210      1.082724     -1.620759      0.000000        -23.762386          6.998047      8.926496      2.521105      0.228732      2.809854
      0.911765      0.239597      1.127808     -1.652273      0.000000        -23.881127          6.939599      8.970105      2.523576      0.228732      2.809854
      0.921569      0.214447      1.173750     -1.683141      0.000000        -23.985037          6.879669      9.009407      2.525401      0.228732      2.809854
      0.931373      0.188803      1.220535     -1.713454      0.000000        -24.074671          6.818249      9.044312      2.526691      0.228732      2.809854
      0.941176      0.162714      1.268149     -1.743314      0.000000        -24.150586          6.755317      9.074740      2.527554      0.228732      2.809854
      0.950980      0.136230      1.316580     -1.772835      0.000000        -24.213336          6.690839      9.100617      2.528089      0.228732      2.809854
      0.960784      0.109408      1.365822     -1.802148      0.000000        -24.263467          6.624772      9.121879      2.528390      0.228732      2.809854
      0.970588      0.082309      1.415870     -1.831422      0.000000        -24.301513          6.557059      9.138475      2.528535      0.228732      2.809854
      0.980392      0.054995      1.466727     -1.860972      0.000000        -24.327997          6.487638      9.150360      2.528590      0.228732      2.809854
      0.990196      0.027535      1.518415     -1.892431      0.000000        -24.343442          6.416435      9.157504      2.528603      0.228732      2.809854
      1.000000      0.000000      1.570796     -1.902975      0.000000        -24.345801          6.396774      9.159888      2.528604      0.228732      2.809854
