             t             r           psi            cs            qs                 p               sig             A             V            Q2             S
      0.000000     -0.000000     -1.570796      0.752808      0.000000         -5.472285          3.634582      0.000000      0.000000     -0.766183      2.730143
      0.009804      0.026764     -1.550625      0.759122      0.000000         -5.473091          3.617972      0.002251      0.000000     -0.766183      2.730143
      0.019608      0.053518     -1.530019      0.780256      0.000000         -5.478775          3.553059      0.009002      0.000005     -0.766183      2.730143
      0.029412      0.080248     -1.508854      0.801370      0.000000         -5.488703          3.489847      0.020250      0.000025     -0.766183      2.730143
      0.039216      0.106943     -1.487110      0.823626      0.000000         -5.503266          3.428289      0.035991      0.000080     -0.766183      2.730143
      0.049020      0.133588     -1.464751      0.847304      0.000000         -5.522887          3.368349      0.056218      0.000196     -0.766183      2.730143
      0.058824      0.160169     -1.441737      0.872607      0.000000         -5.548036          3.310004      0.080920      0.000411     -0.766183      2.730143
      0.068627      0.186669     -1.418022      0.899735      0.000000         -5.579232          3.253239      0.110087      0.000768     -0.766183      2.730143
      0.078431      0.213072     -1.393554      0.928901      0.000000         -5.617055          3.198056      0.143702      0.001322     -0.766183      2.730143
      0.088235      0.239356     -1.368276      0.960333      0.000000         -5.662147          3.144473      0.181747      0.002137     -0.766183      2.730143
      0.098039      0.265502     -1.342123      0.994277      0.000000         -5.715221          3.092524      0.224202      0.003286     -0.766183      2.730143
      0.107843      0.291487     -1.315025      1.030998      0.000000         -5.777062          3.042267      0.271041      0.004854     -0.766183      2.730143
      0.117647      0.317284     -1.286904      1.070776      0.000000         -5.848539          2.993780      0.322234      0.006935     -0.766183      2.730143
      0.127451      0.342866     -1.257674      1.113904      0.000000         -5.930597          2.947171      0.377748      0.009633     -0.766183      2.730143
      0.137255      0.368203     -1.227242      1.160675      0.000000         -6.024266          2.902579      0.437544      0.013065     -0.766183      2.730143
      0.147059      0.393258     -1.195505      1.211381      0.000000         -6.130648          2.860180      0.501578      0.017357     -0.766183      2.730143
      0.156863      0.417996     -1.162356      1.266287      0.000000         -6.250908          2.820191      0.569800      0.022646     -0.766183      2.730143
      0.166667      0.442372     -1.127679      1.325613      0.000000         -6.386251          2.782878      0.642152      0.029078     -0.766183      2.730143
      0.176471      0.466341     -1.091353      1.389497      0.000000         -6.537885          2.748563      0.718570      0.036810     -0.766183      2.730143
      0.186275      0.489851     -1.053255      1.457955      0.000000         -6.706965          2.717630      0.798982      0.046005     -0.766183      2.730143
      0.196078      0.512843     -1.013266      1.530818      0.000000         -6.894508          2.690536      0.883304      0.056832     -0.766183      2.730143
      0.205882      0.535254     -0.971271      1.607663      0.000000         -7.101284          2.667814      0.971445      0.069465     -0.766183      2.730143
      0.215686      0.557015     -0.927175      1.687720      0.000000         -7.327655          2.650086      1.063302      0.084076     -0.766183      2.730143
      0.225490      0.578050     -0.880906      1.769779      0.000000         -7.573381          2.638061      1.158758      0.100832     -0.766183      2.730143
      0.235294      0.598277     -0.832432      1.852086      0.000000         -7.837377          2.632541      1.257685      0.119891     -0.766183      2.730143
      0.245098      0.617611     -0.781778      1.932262      0.000000         -8.117431          2.634414      1.359940      0.141392     -0.766183      2.730143
      0.254902      0.635963     -0.729040      2.007258      0.000000         -8.409924          2.644638      1.465365      0.165449     -0.766183      2.730143
      0.264706      0.653242     -0.674404      2.073396      0.000000         -8.709570          2.664217      1.573788      0.192142     -0.766183      2.730143
      0.274510      0.669362     -0.618163      2.126511      0.000000         -9.009279          2.694158      1.685020      0.221508     -0.766183      2.730143
      0.284314      0.684241     -0.560723      2.162244      0.000000         -9.300206          2.735416      1.798860      0.253535     -0.766183      2.730143
      0.294118      0.697809     -0.502605      2.176475      0.000000         -9.572079          2.788818      1.915093      0.288157     -0.766183      2.730143
      0.303922      0.710013     -0.444433      2.165849      0.000000         -9.813877          2.854986      2.033494      0.325249     -0.766183      2.730143
      0.313725      0.720817     -0.386903      2.128324      0.000000        -10.014839          2.934244      2.153829      0.364634     -0.766183      2.730143
      0.323529      0.730212     -0.330743      2.063589      0.000000        -10.165679          3.026552      2.275864      0.406089     -0.766183      2.730143
      0.333333      0.738210     -0.276663      1.973260      0.000000        -10.259820          3.131456      2.399360      0.449357     -0.766183      2.730143
      0.343137      0.744851     -0.225308      1.860756      0.000000        -10.294364          3.248075      2.524087      0.494158     -0.766183      2.730143
      0.352941      0.750193     -0.177208      1.730900      0.000000        -10.270582          3.375134      2.649820      0.540209     -0.766183      2.730143
      0.362745      0.754316     -0.132754      1.589319      0.000000        -10.193794          3.511035      2.776348      0.587234     -0.766183      2.730143
      0.372549      0.757311     -0.092181      1.441800      0.000000        -10.072702          3.653958      2.903473      0.634977     -0.766183      2.730143
      0.382353      0.759278     -0.055576      1.293725      0.000000         -9.918331          3.801974      3.031014      0.683205     -0.766183      2.730143
      0.392157      0.760319     -0.022889      1.149677      0.000000         -9.742822          3.953154      3.158807      0.731719     -0.766183      2.730143
      0.401961      0.760537      0.006037      1.013240      0.000000         -9.558312          4.105668      3.286703      0.780348     -0.766183      2.730143
      0.411765      0.760027      0.031443      0.886967      0.000000         -9.376036          4.257851      3.414575      0.828951     -0.766183      2.730143
      0.421569      0.758883      0.053624      0.772466      0.000000         -9.205738          4.408248      3.542305      0.877412     -0.766183      2.730143
      0.431373      0.757184      0.072907      0.670554      0.000000         -9.055364          4.555635      3.669796      0.925637     -0.766183      2.730143
      0.441176      0.755006      0.089634      0.581436      0.000000         -8.931005          4.699017      3.796959      0.973554     -0.766183      2.730143
      0.450980      0.752412      0.104145      0.504867      0.000000         -8.836995          4.837617      3.923721      1.021101     -0.766183      2.730143
      0.460784      0.749458      0.116768      0.440308      0.000000         -8.776128          4.970847      4.050015      1.068232     -0.766183      2.730143
      0.470588      0.746190      0.127816      0.387032      0.000000         -8.749898          5.098290      4.175786      1.114909     -0.766183      2.730143
      0.480392      0.742646      0.137580      0.344219      0.000000         -8.758767          5.219665      4.300983      1.161099     -0.766183      2.730143
      0.490196      0.738857      0.146329      0.311017      0.000000         -8.802394          5.334802      4.425563      1.206777     -0.766183      2.730143
      0.500000      0.734847      0.154308      0.286581      0.000000         -8.879851          5.443622      4.549487      1.251920     -0.766183      2.730143
      0.509804      0.730634      0.161741      0.270106      0.000000         -8.989786          5.546112      4.672720      1.296507     -0.766183      2.730143
      0.519608      0.726230      0.168832      0.260836      0.000000         -9.130566          5.642307      4.795227      1.340519     -0.766183      2.730143
      0.529412      0.721641      0.175762      0.258075      0.000000         -9.300379          5.732282      4.916979      1.383938     -0.766183      2.730143
      0.539216      0.716869      0.182699      0.261187      0.000000         -9.497310          5.816133      5.037943      1.426744     -0.766183      2.730143
      0.549020      0.711913      0.189792      0.269596      0.000000         -9.719396          5.893975      5.158089      1.468919     -0.766183      2.730143
      0.558824      0.706768      0.197174      0.282784      0.000000         -9.964666          5.965931      5.277386      1.510442     -0.766183      2.730143
      0.568627      0.701423      0.204968      0.300281      0.000000        -10.231162          6.032129      5.395801      1.551291     -0.766183      2.730143
      0.578431      0.695867      0.213283      0.321664      0.000000        -10.516954          6.092698      5.513300      1.591443     -0.766183      2.730143
      0.588235      0.690086      0.222219      0.346550      0.000000        -10.820144          6.147768      5.629846      1.630873     -0.766183      2.730143
      0.598039      0.684063      0.231863      0.374592      0.000000        -11.138869          6.197467      5.745399      1.669553     -0.766183      2.730143
      0.607843      0.677779      0.242297      0.405473      0.000000        -11.471299          6.241920      5.859918      1.707454     -0.766183      2.730143
      0.617647      0.671212      0.253592      0.438901      0.000000        -11.815634          6.281252      5.973356      1.744543     -0.766183      2.730143
      0.627451      0.664341      0.265812      0.474608      0.000000        -12.170100          6.315586      6.085665      1.780787     -0.766183      2.730143
      0.637255      0.657141      0.279017      0.512342      0.000000        -12.532944          6.345043      6.196790      1.816148     -0.766183      2.730143
      0.647059      0.649589      0.293255      0.551867      0.000000        -12.902435          6.369747      6.306676      1.850589     -0.766183      2.730143
      0.656863      0.641658      0.308573      0.592960      0.000000        -13.276859          6.389823      6.415260      1.884070     -0.766183      2.730143
      0.666667      0.633322      0.325010      0.635411      0.000000        -13.654526          6.405395      6.522477      1.916547     -0.766183      2.730143
      0.676471      0.624555      0.342598      0.679017      0.000000        -14.033769          6.416594      6.628256      1.947979     -0.766183      2.730143
      0.686275      0.615330      0.361368      0.723583      0.000000        -14.412951          6.423553      6.732522      1.978321     -0.766183      2.730143
      0.696078      0.605620      0.381340      0.768925      0.000000        -14.790472          6.426409      6.835197      2.007528     -0.766183      2.730143
      0.705882      0.595398      0.402535      0.814863      0.000000        -15.164777          6.425303      6.936196      2.035558     -0.766183      2.730143
      0.715686      0.584640      0.424966      0.861226      0.000000        -15.534367          6.420381      7.035431      2.062367     -0.766183      2.730143
      0.725490      0.573320      0.448641      0.907850      0.000000        -15.897810          6.411790      7.132809      2.087915     -0.766183      2.730143
      0.735294      0.561413      0.473566      0.954582      0.000000        -16.253750          6.399684      7.228235      2.112164     -0.766183      2.730143
      0.745098      0.548898      0.499741      1.001273      0.000000        -16.600920          6.384217      7.321608      2.135078     -0.766183      2.730143
      0.754902      0.535754      0.527165      1.047788      0.000000        -16.938150          6.365545      7.412824      2.156628     -0.766183      2.730143
      0.764706      0.521961      0.555829      1.094001      0.000000        -17.264377          6.343824      7.501774      2.176789     -0.766183      2.730143
      0.774510      0.507502      0.585725      1.139796      0.000000        -17.578651          6.319208      7.588349      2.195544     -0.766183      2.730143
      0.784314      0.492364      0.616840      1.185071      0.000000        -17.880143          6.291850      7.672436      2.212882     -0.766183      2.730143
      0.794118      0.476533      0.649159      1.229736      0.000000        -18.168144          6.261900      7.753918      2.228801     -0.766183      2.730143
      0.803922      0.460000      0.682665      1.273714      0.000000        -18.442070          6.229500      7.832680      2.243308     -0.766183      2.730143
      0.813725      0.442760      0.717337      1.316943      0.000000        -18.701458          6.194788      7.908601      2.256419     -0.766183      2.730143
      0.823529      0.424809      0.753156      1.359372      0.000000        -18.945964          6.157893      7.981563      2.268162     -0.766183      2.730143
      0.833333      0.406147      0.790100      1.400968      0.000000        -19.175358          6.118935      8.051447      2.278575     -0.766183      2.730143
      0.843137      0.386780      0.828146      1.441709      0.000000        -19.389516          6.078025      8.118133      2.287704     -0.766183      2.730143
      0.852941      0.366715      0.867270      1.481588      0.000000        -19.588414          6.035264      8.181502      2.295609     -0.766183      2.730143
      0.862745      0.345963      0.907451      1.520612      0.000000        -19.772116          5.990739      8.241439      2.302359     -0.766183      2.730143
      0.872549      0.324541      0.948664      1.558801      0.000000        -19.940765          5.944527      8.297830      2.308031     -0.766183      2.730143
      0.882353      0.302468      0.990890      1.596187      0.000000        -20.094575          5.896692      8.350563      2.312712     -0.766183      2.730143
      0.892157      0.279769      1.034105      1.632814      0.000000        -20.233816          5.847286      8.399531      2.316494     -0.766183      2.730143
      0.901961      0.256472      1.078291      1.668742      0.000000        -20.358808          5.796347      8.444631      2.319476     -0.766183      2.730143
      0.911765      0.232611      1.123431      1.704037      0.000000        -20.469908          5.743903      8.485764      2.321759     -0.766183      2.730143
      0.921569      0.208221      1.169507      1.738782      0.000000        -20.567503          5.689966      8.522840      2.323447     -0.766183      2.730143
      0.931373      0.183346      1.216508      1.773068      0.000000        -20.651999          5.634540      8.555773      2.324641     -0.766183      2.730143
      0.941176      0.158030      1.264421      1.806999      0.000000        -20.723816          5.577614      8.584484      2.325440     -0.766183      2.730143
      0.950980      0.132324      1.313238      1.840696      0.000000        -20.783382          5.519168      8.608905      2.325937     -0.766183      2.730143
      0.960784      0.106282      1.362956      1.874301      0.000000        -20.831125          5.459172      8.628973      2.326216     -0.766183      2.730143
      0.970588      0.079964      1.413575      1.908004      0.000000        -20.867473          5.397586      8.644638      2.326352     -0.766183      2.730143
      0.980392      0.053432      1.465100      1.942182      0.000000        -20.892852          5.334363      8.655857      2.326403     -0.766183      2.730143
      0.990196      0.026753      1.517563      1.978877      0.000000        -20.907695          5.269448      8.662601      2.326414     -0.766183      2.730143
      1.000000     -0.000000      1.570796      1.990336      0.000000        -20.909824          5.252837      8.664851      2.326415     -0.766183      2.730143
