             t             r           psi            cs            qs                 p               sig             A             V            Q2             S
      0.000000     -0.000000     -1.570796      1.190448      0.000000    -347389.794640     145907.219816      0.000000     -0.000000     -0.552293      2.638938
      0.009804      0.025868     -1.539997      1.190448      0.000000    -347389.795853     145907.200933      0.002103      0.000000     -0.552293      2.638938
      0.019608      0.051711     -1.509198      1.190449      0.000000    -347389.805119     145907.119242      0.008409      0.000007     -0.552293      2.638938
      0.029412      0.077505     -1.478399      1.190450      0.000000    -347389.821172     145907.039113      0.018912      0.000034     -0.552293      2.638938
      0.039216      0.103226     -1.447599      1.190451      0.000000    -347389.844486     145906.960450      0.033603      0.000107     -0.552293      2.638938
      0.049020      0.128849     -1.416800      1.190452      0.000000    -347389.875569     145906.883162      0.052467      0.000260     -0.552293      2.638938
      0.058824      0.154350     -1.386001      1.190453      0.000000    -347389.914964     145906.807167      0.075487      0.000537     -0.552293      2.638938
      0.068627      0.179704     -1.355202      1.190454      0.000000    -347389.963264     145906.732386      0.102641      0.000990     -0.552293      2.638938
      0.078431      0.204888     -1.324402      1.190455      0.000000    -347390.021115     145906.658750      0.133903      0.001681     -0.552293      2.638938
      0.088235      0.229877     -1.293603      1.190456      0.000000    -347390.089218     145906.586196      0.169243      0.002679     -0.552293      2.638938
      0.098039      0.254648     -1.262803      1.190457      0.000000    -347390.168341     145906.514671      0.208628      0.004059     -0.552293      2.638938
      0.107843      0.279178     -1.232004      1.190459      0.000000    -347390.259316     145906.444135      0.252020      0.005903     -0.552293      2.638938
      0.117647      0.303443     -1.201204      1.190460      0.000000    -347390.363047     145906.374555      0.299379      0.008300     -0.552293      2.638938
      0.127451      0.327420     -1.170405      1.190461      0.000000    -347390.480514     145906.305914      0.350659      0.011341     -0.552293      2.638938
      0.137255      0.351087     -1.139605      1.190463      0.000000    -347390.612773     145906.238209      0.405812      0.015125     -0.552293      2.638938
      0.147059      0.374421     -1.108806      1.190464      0.000000    -347390.760961     145906.171451      0.464785      0.019750     -0.552293      2.638938
      0.156863      0.397399     -1.078006      1.190466      0.000000    -347390.926296     145906.105670      0.527523      0.025317     -0.552293      2.638938
      0.166667      0.420001     -1.047206      1.190468      0.000000    -347391.110076     145906.040919      0.593966      0.031929     -0.552293      2.638938
      0.176471      0.442204     -1.016407      1.190469      0.000000    -347391.313677     145905.977269      0.664050      0.039688     -0.552293      2.638938
      0.186275      0.463988     -0.985607      1.190471      0.000000    -347391.538541     145905.914820      0.737711      0.048696     -0.552293      2.638938
      0.196078      0.485331     -0.954807      1.190473      0.000000    -347391.786171     145905.853701      0.814876      0.059051     -0.552293      2.638938
      0.205882      0.506214     -0.924007      1.190475      0.000000    -347392.058112     145905.794072      0.895475      0.070850     -0.552293      2.638938
      0.215686      0.526617     -0.893207      1.190478      0.000000    -347392.355925     145905.736133      0.979429      0.084184     -0.552293      2.638938
      0.225490      0.546521     -0.862407      1.190480      0.000000    -347392.681156     145905.680124      1.066660      0.099140     -0.552293      2.638938
      0.235294      0.565906     -0.831607      1.190483      0.000000    -347393.035291     145905.626332      1.157084      0.115800     -0.552293      2.638938
      0.245098      0.584754     -0.800807      1.190485      0.000000    -347393.419696     145905.575099      1.250616      0.134236     -0.552293      2.638938
      0.254902      0.603048     -0.770007      1.190488      0.000000    -347393.835540     145905.526825      1.347167      0.154514     -0.552293      2.638938
      0.264706      0.620770     -0.739207      1.190491      0.000000    -347394.283703     145905.481976      1.446646      0.176694     -0.552293      2.638938
      0.274510      0.637902     -0.708406      1.190494      0.000000    -347394.764650     145905.441094      1.548958      0.200822     -0.552293      2.638938
      0.284314      0.654430     -0.677606      1.190498      0.000000    -347395.278285     145905.404798      1.654005      0.226938     -0.552293      2.638938
      0.294118      0.670337     -0.646805      1.190501      0.000000    -347395.823780     145905.373794      1.761690      0.255069     -0.552293      2.638938
      0.303922      0.685608     -0.616005      1.190505      0.000000    -347396.399357     145905.348883      1.871909      0.285233     -0.552293      2.638938
      0.313725      0.700229     -0.585204      1.190508      0.000000    -347397.002062     145905.330962      1.984557      0.317436     -0.552293      2.638938
      0.323529      0.714185     -0.554403      1.190512      0.000000    -347397.627496     145905.321024      2.099528      0.351672     -0.552293      2.638938
      0.333333      0.727464     -0.523602      1.190515      0.000000    -347398.269544     145905.320162      2.216714      0.387923     -0.552293      2.638938
      0.343137      0.740053     -0.492801      1.190519      0.000000    -347398.920103     145905.329559      2.336002      0.426161     -0.552293      2.638938
      0.352941      0.751940     -0.462000      1.190522      0.000000    -347399.568847     145905.350473      2.457279      0.466344     -0.552293      2.638938
      0.362745      0.763114     -0.431199      1.190525      0.000000    -347400.203056     145905.384217      2.580431      0.508418     -0.552293      2.638938
      0.372549      0.773564     -0.400398      1.190528      0.000000    -347400.807578     145905.432127      2.705341      0.552320     -0.552293      2.638938
      0.382353      0.783280     -0.369596      1.190530      0.000000    -347401.364968     145905.495516      2.831890      0.597972     -0.552293      2.638938
      0.392157      0.792253     -0.338795      1.190531      0.000000    -347401.855883     145905.575617      2.959958      0.645288     -0.552293      2.638938
      0.401961      0.800474     -0.307994      1.190532      0.000000    -347402.259799     145905.673513      3.089423      0.694170     -0.552293      2.638938
      0.411765      0.807936     -0.277192      1.190532      0.000000    -347402.556089     145905.790050      3.220164      0.744510     -0.552293      2.638938
      0.421569      0.814632     -0.246391      1.190530      0.000000    -347402.725474     145905.925748      3.352055      0.796191     -0.552293      2.638938
      0.431373      0.820555     -0.215590      1.190527      0.000000    -347402.751804     145906.080705      3.484972      0.849086     -0.552293      2.638938
      0.441176      0.825700     -0.184789      1.190523      0.000000    -347402.624021     145906.254506      3.618789      0.903063     -0.552293      2.638938
      0.450980      0.830061     -0.153987      1.190518      0.000000    -347402.338109     145906.446152      3.753378      0.957980     -0.552293      2.638938
      0.460784      0.833635     -0.123187      1.190511      0.000000    -347401.898723     145906.654009      3.888613      1.013691     -0.552293      2.638938
      0.470588      0.836418     -0.092386      1.190504      0.000000    -347401.320192     145906.875805      4.024364      1.070042     -0.552293      2.638938
      0.480392      0.838408     -0.061585      1.190495      0.000000    -347400.626592     145907.108670      4.160503      1.126878     -0.552293      2.638938
      0.490196      0.839602     -0.030785      1.190486      0.000000    -347399.850719     145907.349225      4.296901      1.184038     -0.552293      2.638938
      0.500000      0.840000      0.000015      1.190476      0.000000    -347399.031948     145907.593721      4.433428      1.241362     -0.552293      2.638938
      0.509804      0.839601      0.030815      1.190467      0.000000    -347398.213198     145907.838215      4.569955      1.298685     -0.552293      2.638938
      0.519608      0.838406      0.061614      1.190457      0.000000    -347397.437387     145908.078764      4.706353      1.355845     -0.552293      2.638938
      0.529412      0.836416      0.092414      1.190449      0.000000    -347396.743883     145908.311620      4.842492      1.412680     -0.552293      2.638938
      0.539216      0.833632      0.123213      1.190441      0.000000    -347396.165474     145908.533404      4.978242      1.469031     -0.552293      2.638938
      0.549020      0.830057      0.154012      1.190434      0.000000    -347395.726224     145908.741247      5.113476      1.524741     -0.552293      2.638938
      0.558824      0.825695      0.184811      1.190429      0.000000    -347395.440454     145908.932877      5.248065      1.579657     -0.552293      2.638938
      0.568627      0.820550      0.215609      1.190425      0.000000    -347395.312809     145909.106662      5.381881      1.633633     -0.552293      2.638938
      0.578431      0.814627      0.246408      1.190422      0.000000    -347395.339265     145909.261603      5.514797      1.686528     -0.552293      2.638938
      0.588235      0.807931      0.277206      1.190421      0.000000    -347395.508760     145909.397286      5.646687      1.738208     -0.552293      2.638938
      0.598039      0.800468      0.308005      1.190420      0.000000    -347395.805142     145909.513808      5.777427      1.788547     -0.552293      2.638938
      0.607843      0.792247      0.338803      1.190421      0.000000    -347396.209131     145909.611690      5.906892      1.837428     -0.552293      2.638938
      0.617647      0.783274      0.369602      1.190422      0.000000    -347396.700102     145909.691779      6.034959      1.884743     -0.552293      2.638938
      0.627451      0.773557      0.400400      1.190424      0.000000    -347397.257532     145909.755157      6.161506      1.930395     -0.552293      2.638938
      0.637255      0.763108      0.431199      1.190427      0.000000    -347397.862082     145909.803058      6.286415      1.974295     -0.552293      2.638938
      0.647059      0.751934      0.461998      1.190430      0.000000    -347398.496310     145909.836794      6.409566      2.016369     -0.552293      2.638938
      0.656863      0.740047      0.492797      1.190433      0.000000    -347399.145064     145909.857701      6.530842      2.056551     -0.552293      2.638938
      0.666667      0.727458      0.523595      1.190437      0.000000    -347399.795629     145909.867093      6.650129      2.094788     -0.552293      2.638938
      0.676471      0.714179      0.554394      1.190440      0.000000    -347400.437679     145909.866227      6.767314      2.131039     -0.552293      2.638938
      0.686275      0.700223      0.585193      1.190444      0.000000    -347401.063114     145909.856286      6.882284      2.165275     -0.552293      2.638938
      0.696078      0.685603      0.615993      1.190448      0.000000    -347401.665818     145909.838361      6.994932      2.197478     -0.552293      2.638938
      0.705882      0.670332      0.646792      1.190451      0.000000    -347402.241396     145909.813448      7.105149      2.227641     -0.552293      2.638938
      0.715686      0.654425      0.677591      1.190455      0.000000    -347402.786890     145909.782442      7.212833      2.255773     -0.552293      2.638938
      0.725490      0.637898      0.708390      1.190458      0.000000    -347403.300526     145909.746144      7.317880      2.281888     -0.552293      2.638938
      0.735294      0.620765      0.739190      1.190461      0.000000    -347403.781474     145909.705261      7.420191      2.306017     -0.552293      2.638938
      0.745098      0.603044      0.769990      1.190464      0.000000    -347404.229639     145909.660412      7.519669      2.328196     -0.552293      2.638938
      0.754902      0.584751      0.800789      1.190467      0.000000    -347404.645486     145909.612137      7.616220      2.348475     -0.552293      2.638938
      0.764706      0.565903      0.831589      1.190470      0.000000    -347405.029895     145909.560903      7.709751      2.366911     -0.552293      2.638938
      0.774510      0.546518      0.862389      1.190472      0.000000    -347405.384034     145909.507111      7.800175      2.383570     -0.552293      2.638938
      0.784314      0.526615      0.893189      1.190475      0.000000    -347405.709270     145909.451101      7.887405      2.398527     -0.552293      2.638938
      0.794118      0.506212      0.923989      1.190477      0.000000    -347406.007088     145909.393161      7.971359      2.411861     -0.552293      2.638938
      0.803922      0.485329      0.954788      1.190479      0.000000    -347406.279034     145909.333533      8.051957      2.423660     -0.552293      2.638938
      0.813725      0.463986      0.985589      1.190481      0.000000    -347406.526669     145909.272413      8.129122      2.434015     -0.552293      2.638938
      0.823529      0.442202      1.016389      1.190483      0.000000    -347406.751539     145909.209964      8.202782      2.443023     -0.552293      2.638938
      0.833333      0.419999      1.047189      1.190485      0.000000    -347406.955144     145909.146314      8.272867      2.450783     -0.552293      2.638938
      0.843137      0.397398      1.077989      1.190487      0.000000    -347407.138930     145909.081562      8.339309      2.457395     -0.552293      2.638938
      0.852941      0.374420      1.108789      1.190488      0.000000    -347407.304270     145909.015782      8.402047      2.462962     -0.552293      2.638938
      0.862745      0.351086      1.139589      1.190490      0.000000    -347407.452462     145908.949024      8.461020      2.467587     -0.552293      2.638938
      0.872549      0.327420      1.170390      1.190491      0.000000    -347407.584725     145908.881318      8.516173      2.471371     -0.552293      2.638938
      0.882353      0.303443      1.201190      1.190493      0.000000    -347407.702196     145908.812677      8.567453      2.474413     -0.552293      2.638938
      0.892157      0.279178      1.231990      1.190494      0.000000    -347407.805931     145908.743098      8.614811      2.476810     -0.552293      2.638938
      0.901961      0.254648      1.262791      1.190495      0.000000    -347407.896909     145908.672561      8.658204      2.478654     -0.552293      2.638938
      0.911765      0.229877      1.293591      1.190496      0.000000    -347407.976035     145908.601037      8.697588      2.480034     -0.552293      2.638938
      0.921569      0.204887      1.324392      1.190497      0.000000    -347408.044142     145908.528482      8.732928      2.481031     -0.552293      2.638938
      0.931373      0.179704      1.355192      1.190498      0.000000    -347408.101994     145908.454846      8.764190      2.481722     -0.552293      2.638938
      0.941176      0.154350      1.385993      1.190500      0.000000    -347408.150296     145908.380065      8.791344      2.482176     -0.552293      2.638938
      0.950980      0.128849      1.416793      1.190501      0.000000    -347408.189693     145908.304070      8.814364      2.482453     -0.552293      2.638938
      0.960784      0.103226      1.447594      1.190502      0.000000    -347408.220777     145908.226782      8.833228      2.482606     -0.552293      2.638938
      0.970588      0.077505      1.478394      1.190503      0.000000    -347408.244093     145908.148119      8.847919      2.482679     -0.552293      2.638938
      0.980392      0.051711      1.509195      1.190503      0.000000    -347408.260145     145908.067990      8.858422      2.482706     -0.552293      2.638938
      0.990196      0.025868      1.539996      1.190504      0.000000    -347408.269412     145907.986298      8.864728      2.482712     -0.552293      2.638938
      1.000000     -0.000000      1.570796      1.190505      0.000000    -347408.270625     145907.967416      8.866831      2.482713     -0.552293      2.638938
