             t             r           psi            cs            qs                 p               sig             A             V            Q2             S
      0.000000     -0.000000     -1.570796      0.994766      0.000000      -7817.574128       3929.352749      0.000000      0.000000     -0.025762      3.482702
      0.009804      0.034138     -1.536831      0.994796      0.000000      -7817.577711       3929.282737      0.003662      0.000001     -0.025762      3.482702
      0.019608      0.068236     -1.502863      0.994858      0.000000      -7817.594998       3929.114618      0.014645      0.000017     -0.025762      3.482702
      0.029412      0.102255     -1.468894      0.994920      0.000000      -7817.625590       3928.948853      0.032934      0.000086     -0.025762      3.482702
      0.039216      0.136157     -1.434922      0.994984      0.000000      -7817.671022       3928.784931      0.058511      0.000270     -0.025762      3.482702
      0.049020      0.169901     -1.400948      0.995051      0.000000      -7817.733039       3928.622336      0.091344      0.000657     -0.025762      3.482702
      0.058824      0.203449     -1.366971      0.995122      0.000000      -7817.813664       3928.460546      0.131396      0.001357     -0.025762      3.482702
      0.068627      0.236763     -1.332993      0.995196      0.000000      -7817.915251       3928.299034      0.178620      0.002502     -0.025762      3.482702
      0.078431      0.269803     -1.299011      0.995276      0.000000      -7818.040559       3928.137257      0.232963      0.004244     -0.025762      3.482702
      0.088235      0.302532     -1.265027      0.995362      0.000000      -7818.192834       3927.974661      0.294362      0.006755     -0.025762      3.482702
      0.098039      0.334911     -1.231039      0.995455      0.000000      -7818.375905       3927.810673      0.362745      0.010220     -0.025762      3.482702
      0.107843      0.366904     -1.197049      0.995556      0.000000      -7818.594308       3927.644698      0.438034      0.014843     -0.025762      3.482702
      0.117647      0.398473     -1.163055      0.995667      0.000000      -7818.853438       3927.476111      0.520142      0.020838     -0.025762      3.482702
      0.127451      0.429582     -1.129056      0.995790      0.000000      -7819.159735       3927.304253      0.608973      0.028427     -0.025762      3.482702
      0.137255      0.460194     -1.095054      0.995926      0.000000      -7819.520925       3927.128422      0.704426      0.037841     -0.025762      3.482702
      0.147059      0.490275     -1.061046      0.996079      0.000000      -7819.946320       3926.947863      0.806390      0.049314     -0.025762      3.482702
      0.156863      0.519789     -1.027033      0.996250      0.000000      -7820.447201       3926.761759      0.914747      0.063082     -0.025762      3.482702
      0.166667      0.548703     -0.993014      0.996444      0.000000      -7821.037314       3926.569217      1.029372      0.079379     -0.025762      3.482702
      0.176471      0.576982     -0.958987      0.996666      0.000000      -7821.733507       3926.369251      1.150132      0.098435     -0.025762      3.482702
      0.186275      0.604594     -0.924953      0.996919      0.000000      -7822.556571       3926.160765      1.276889      0.120472     -0.025762      3.482702
      0.196078      0.631506     -0.890909      0.997212      0.000000      -7823.532339       3925.942531      1.409494      0.145702     -0.025762      3.482702
      0.205882      0.657687     -0.856854      0.997552      0.000000      -7824.693156       3925.713160      1.547795      0.174325     -0.025762      3.482702
      0.215686      0.683107     -0.822787      0.997950      0.000000      -7826.079855       3925.471069      1.691632      0.206526     -0.025762      3.482702
      0.225490      0.707736     -0.788705      0.998419      0.000000      -7827.744442       3925.214439      1.840838      0.242470     -0.025762      3.482702
      0.235294      0.731544     -0.754606      0.998976      0.000000      -7829.753801       3924.941166      1.995240      0.282304     -0.025762      3.482702
      0.245098      0.754504     -0.720485      0.999643      0.000000      -7832.194850       3924.648795      2.154659      0.326151     -0.025762      3.482702
      0.254902      0.776588     -0.686340      1.000449      0.000000      -7835.181843       3924.334439      2.318911      0.374111     -0.025762      3.482702
      0.264706      0.797770     -0.652164      1.001433      0.000000      -7838.866846       3923.994678      2.487804      0.426258     -0.025762      3.482702
      0.274510      0.818025     -0.617951      1.002648      0.000000      -7843.455038       3923.625431      2.661142      0.482638     -0.025762      3.482702
      0.284314      0.837326     -0.583692      1.004164      0.000000      -7849.227437       3923.221790      2.838724      0.543269     -0.025762      3.482702
      0.294118      0.855651     -0.549374      1.006081      0.000000      -7856.575337       3922.777806      3.020342      0.608138     -0.025762      3.482702
      0.303922      0.872975     -0.514982      1.008540      0.000000      -7866.053590       3922.286228      3.205785      0.677206     -0.025762      3.482702
      0.313725      0.889277     -0.480494      1.011744      0.000000      -7878.464946       3921.738165      3.394834      0.750398     -0.025762      3.482702
      0.323529      0.904532     -0.445880      1.015996      0.000000      -7894.996870       3921.122684      3.587270      0.827612     -0.025762      3.482702
      0.333333      0.918718     -0.411097      1.021753      0.000000      -7917.449270       3920.426377      3.782864      0.908714     -0.025762      3.482702
      0.343137      0.931813     -0.376081      1.029726      0.000000      -7948.623595       3919.633003      3.981384      0.993541     -0.025762      3.482702
      0.352941      0.943791     -0.340741      1.041055      0.000000      -7993.003887       3918.723604      4.182595      1.081901     -0.025762      3.482702
      0.362745      0.954624     -0.304930      1.057615      0.000000      -8057.968273       3917.678145      4.386253      1.173570     -0.025762      3.482702
      0.372549      0.964281     -0.268423      1.082556      0.000000      -8155.927578       3916.481793      4.592109      1.268300     -0.025762      3.482702
      0.382353      0.972719     -0.230850      1.121190      0.000000      -8307.796383       3915.144756      4.799908      1.365811     -0.025762      3.482702
      0.392157      0.979883     -0.191609      1.181863      0.000000      -8546.547379       3913.761949      5.009381      1.465795     -0.025762      3.482702
      0.401961      0.985691     -0.149785      1.273457      0.000000      -8907.675104       3912.686244      5.220247      1.567909     -0.025762      3.482702
      0.411765      0.990030     -0.104421      1.381433      0.000000      -9336.345664       3912.967334      5.432204      1.671758     -0.025762      3.482702
      0.421569      0.992776     -0.056604      1.380938      0.000000      -9348.086479       3916.902680      5.644923      1.776865     -0.025762      3.482702
      0.431373      0.993951     -0.014174      1.039747      0.000000      -8032.349159       3926.393120      5.858059      1.882669     -0.025762      3.482702
      0.441176      0.993935      0.011921      0.491489      0.000000      -5897.993227       3938.507643      6.071310      1.988653     -0.025762      3.482702
      0.450980      0.993329      0.021370      0.101653      0.000000      -4375.731897       3948.722051      6.284483      2.094547     -0.025762      3.482702
      0.460784      0.992583      0.021290     -0.078167      0.000000      -3675.464742       3956.040062      6.497506      2.200282     -0.025762      3.482702
      0.470588      0.991917      0.017453     -0.131845      0.000000      -3470.645836       3961.245777      6.710375      2.305871     -0.025762      3.482702
      0.480392      0.991398      0.013006     -0.121257      0.000000      -3518.411911       3965.147206      6.923116      2.411340     -0.025762      3.482702
      0.490196      0.991017      0.009540     -0.077875      0.000000      -3695.021922       3968.264121      7.135762      2.516721     -0.025762      3.482702
      0.500000      0.990726      0.007891     -0.016416      0.000000      -3942.746228       3970.886431      7.348337      2.622033     -0.025762      3.482702
      0.509804      0.990452      0.008553      0.056912      0.000000      -4237.417807       3973.143693      7.560852      2.727288     -0.025762      3.482702
      0.519608      0.990111      0.011893      0.140442      0.000000      -4572.729447       3975.047029      7.773303      2.832477     -0.025762      3.482702
      0.529412      0.989606      0.018263      0.234520      0.000000      -4950.195414       3976.522700      7.985665      2.937571     -0.025762      3.482702
      0.539216      0.988826      0.028026      0.338883      0.000000      -5368.719523       3977.458682      8.197891      3.042515     -0.025762      3.482702
      0.549020      0.987650      0.041485      0.450145      0.000000      -5814.615265       3977.769340      8.409910      3.147219     -0.025762      3.482702
      0.558824      0.985950      0.058763      0.561139      0.000000      -6259.075565       3977.455175      8.621623      3.251552     -0.025762      3.482702
      0.568627      0.983598      0.079702      0.663246      0.000000      -6667.574305       3976.620156      8.832903      3.355341     -0.025762      3.482702
      0.578431      0.980477      0.103879      0.749999      0.000000      -7014.308119       3975.434739      9.043598      3.458368     -0.025762      3.482702
      0.588235      0.976488      0.130715      0.819012      0.000000      -7289.861063       3974.075559      9.253532      3.560378     -0.025762      3.482702
      0.598039      0.971554      0.159618      0.871396      0.000000      -7498.800859       3972.681879      9.462510      3.661090     -0.025762      3.482702
      0.607843      0.965618      0.190065      0.910040      0.000000      -7652.763662       3971.342589      9.670323      3.760206     -0.025762      3.482702
      0.617647      0.958642      0.221643      0.938160      0.000000      -7764.666769       3970.103703      9.876751      3.857422     -0.025762      3.482702
      0.627451      0.950600      0.254043      0.958563      0.000000      -7845.751575       3968.982237     10.081569      3.952439     -0.025762      3.482702
      0.637255      0.941476      0.287039      0.973428      0.000000      -7904.739039       3967.978468     10.284546      4.044967     -0.025762      3.482702
      0.647059      0.931265      0.320472      0.984351      0.000000      -7948.005842       3967.084333     10.485449      4.134728     -0.025762      3.482702
      0.656863      0.919965      0.354227      0.992465      0.000000      -7980.079094       3966.288425     10.684044      4.221467     -0.025762      3.482702
      0.666667      0.907580      0.388223      0.998566      0.000000      -8004.133486       3965.578675     10.880099      4.304949     -0.025762      3.482702
      0.676471      0.894118      0.422401      1.003211      0.000000      -8022.390633       3964.943655     11.073380      4.384963     -0.025762      3.482702
      0.686275      0.879589      0.456718      1.006790      0.000000      -8036.411414       3964.373107     11.263660      4.461327     -0.025762      3.482702
      0.696078      0.864007      0.491144      1.009583      0.000000      -8047.300811       3963.858082     11.450709      4.533885     -0.025762      3.482702
      0.705882      0.847388      0.525654      1.011785      0.000000      -8055.848585       3963.390894     11.634303      4.602511     -0.025762      3.482702
      0.715686      0.829748      0.560232      1.013542      0.000000      -8062.625212       3962.964992     11.814223      4.667110     -0.025762      3.482702
      0.725490      0.811107      0.594863      1.014958      0.000000      -8068.047326       3962.574807     11.990250      4.727618     -0.025762      3.482702
      0.735294      0.791487      0.629538      1.016109      0.000000      -8072.422577       3962.215610     12.162173      4.784000     -0.025762      3.482702
      0.745098      0.770909      0.664249      1.017054      0.000000      -8075.980608       3961.883373     12.329783      4.836253     -0.025762      3.482702
      0.754902      0.749397      0.698989      1.017836      0.000000      -8078.894632       3961.574661     12.492878      4.884403     -0.025762      3.482702
      0.764706      0.726978      0.733754      1.018489      0.000000      -8081.296615       3961.286527     12.651261      4.928504     -0.025762      3.482702
      0.774510      0.703676      0.768539      1.019038      0.000000      -8083.288059       3961.016435     12.804738      4.968639     -0.025762      3.482702
      0.784314      0.679521      0.803341      1.019503      0.000000      -8084.947745       3960.762189     12.953125      5.004915     -0.025762      3.482702
      0.794118      0.654541      0.838158      1.019899      0.000000      -8086.337343       3960.521880     13.096240      5.037465     -0.025762      3.482702
      0.803922      0.628765      0.872988      1.020240      0.000000      -8087.505521       3960.293836     13.233910      5.066443     -0.025762      3.482702
      0.813725      0.602225      0.907828      1.020534      0.000000      -8088.490978       3960.076584     13.365968      5.092023     -0.025762      3.482702
      0.823529      0.574953      0.942678      1.020789      0.000000      -8089.324711       3959.868820     13.492253      5.114396     -0.025762      3.482702
      0.833333      0.546982      0.977536      1.021013      0.000000      -8090.031710       3959.669379     13.612612      5.133767     -0.025762      3.482702
      0.843137      0.518345      1.012401      1.021209      0.000000      -8090.632258       3959.477214     13.726898      5.150354     -0.025762      3.482702
      0.852941      0.489078      1.047272      1.021383      0.000000      -8091.142909       3959.291377     13.834972      5.164384     -0.025762      3.482702
      0.862745      0.459215      1.082149      1.021538      0.000000      -8091.577256       3959.111003     13.936703      5.176087     -0.025762      3.482702
      0.872549      0.428793      1.117031      1.021677      0.000000      -8091.946515       3958.935297     14.031966      5.185699     -0.025762      3.482702
      0.882353      0.397850      1.151917      1.021801      0.000000      -8092.259987       3958.763521     14.120647      5.193456     -0.025762      3.482702
      0.892157      0.366422      1.186808      1.021914      0.000000      -8092.525422       3958.594986     14.202636      5.199587     -0.025762      3.482702
      0.901961      0.334547      1.221702      1.022018      0.000000      -8092.749307       3958.429041     14.277835      5.204320     -0.025762      3.482702
      0.911765      0.302265      1.256600      1.022112      0.000000      -8092.937088       3958.265070     14.346151      5.207871     -0.025762      3.482702
      0.921569      0.269615      1.291500      1.022200      0.000000      -8093.093362       3958.102481     14.407501      5.210444     -0.025762      3.482702
      0.931373      0.236637      1.326404      1.022281      0.000000      -8093.222015       3957.940707     14.461811      5.212231     -0.025762      3.482702
      0.941176      0.203370      1.361310      1.022357      0.000000      -8093.326349       3957.779194     14.509013      5.213406     -0.025762      3.482702
      0.950980      0.169855      1.396219      1.022429      0.000000      -8093.409178       3957.617404     14.549052      5.214125     -0.025762      3.482702
      0.960784      0.136133      1.431130      1.022497      0.000000      -8093.472906       3957.454808     14.581878      5.214523     -0.025762      3.482702
      0.970588      0.102245      1.466043      1.022562      0.000000      -8093.519599       3957.290885     14.607451      5.214712     -0.025762      3.482702
      0.980392      0.068233      1.500959      1.022626      0.000000      -8093.551045       3957.125119     14.625739      5.214783     -0.025762      3.482702
      0.990196      0.034137      1.535877      1.022689      0.000000      -8093.568817       3956.957000     14.636721      5.214799     -0.025762      3.482702
      1.000000      0.000000      1.570796      1.022720      0.000000      -8093.572500       3956.886988     14.640383      5.214800     -0.025762      3.482702
