             t             r           psi            cs            qs                 p               sig             A             V            Q2             S
      0.000000      0.000000     -1.570796     -0.337725      0.000000         -2.369526          3.508074      0.000000      0.000000      0.166421      5.560980
      0.009804      0.054516     -1.552070     -0.355327      0.000000         -2.372965          3.395748      0.009338      0.000002      0.166421      5.560980
      0.019608      0.109012     -1.531939     -0.383881      0.000000         -2.386134          3.223444      0.037347      0.000039      0.166421      5.560980
      0.029412      0.163464     -1.510118     -0.417613      0.000000         -2.410823          3.057129      0.084018      0.000203      0.166421      5.560980
      0.039216      0.217839     -1.486274     -0.458451      0.000000         -2.450018          2.896023      0.149330      0.000664      0.166421      5.560980
      0.049020      0.272098     -1.459955     -0.508877      0.000000         -2.507736          2.739495      0.233249      0.001678      0.166421      5.560980
      0.058824      0.326188     -1.430550     -0.572369      0.000000         -2.589476          2.587106      0.335728      0.003612      0.166421      5.560980
      0.068627      0.380039     -1.397218     -0.653887      0.000000         -2.702874          2.438682      0.456697      0.006966      0.166421      5.560980
      0.078431      0.433550     -1.358795     -0.760591      0.000000         -2.858696          2.294436      0.596058      0.012415      0.166421      5.560980
      0.088235      0.486580     -1.313641     -0.902855      0.000000         -3.072295          2.155172      0.753672      0.020859      0.166421      5.560980
      0.098039      0.538918     -1.259436     -1.095567      0.000000         -3.365704          2.022624      0.929340      0.033503      0.166421      5.560980
      0.107843      0.590244     -1.192896     -1.359212      0.000000         -3.770316          1.900049      1.122776      0.051954      0.166421      5.560980
      0.117647      0.640056     -1.109485     -1.718727      0.000000         -4.329126          1.793215      1.333552      0.078349      0.166421      5.560980
      0.127451      0.687556     -1.003368     -2.193823      0.000000         -5.094187          1.712029      1.561023      0.115446      0.166421      5.560980
      0.137255      0.731503     -0.868432     -2.766786      0.000000         -6.105821          1.672859      1.804200      0.166531      0.166421      5.560980
      0.147059      0.770099     -0.701998     -3.316566      0.000000         -7.326231          1.700584      2.061574      0.234773      0.166421      5.560980
      0.156863      0.801205     -0.512035     -3.577532      0.000000         -8.520961          1.826346      2.330947      0.321647      0.166421      5.560980
      0.166667      0.823189     -0.321926     -3.299877      0.000000         -9.234362          2.074085      2.609440      0.425100      0.166421      5.560980
      0.176471      0.836029     -0.160937     -2.553231      0.000000         -9.106391          2.438839      2.893871      0.539745      0.166421      5.560980
      0.186275      0.841435     -0.045807     -1.677092      0.000000         -8.252727          2.881245      3.181362      0.659724      0.166421      5.560980
      0.196078      0.841830      0.024581     -0.939574      0.000000         -7.126071          3.350130      3.469777      0.781112      0.166421      5.560980
      0.205882      0.839379      0.060645     -0.418923      0.000000         -6.122254          3.807161      3.757786      0.902057      0.166421      5.560980
      0.215686      0.835638      0.073724     -0.088278      0.000000         -5.426164          4.233507      4.044699      1.021928      0.166421      5.560980
      0.225490      0.831600      0.072781      0.103921      0.000000         -5.065758          4.624589      4.330259      1.140624      0.166421      5.560980
      0.235294      0.827848      0.064082      0.202728      0.000000         -4.996948          4.983273      4.614472      1.258248      0.166421      5.560980
      0.245098      0.824682      0.051769      0.241023      0.000000         -5.155554          5.315330      4.897494      1.374968      0.166421      5.560980
      0.254902      0.822223      0.038484      0.241474      0.000000         -5.479887          5.627090      5.179552      1.490971      0.166421      5.560980
      0.264706      0.820475      0.025844      0.219494      0.000000         -5.917928          5.924416      5.460890      1.606441      0.166421      5.560980
      0.274510      0.819377      0.014766      0.185567      0.000000         -6.428153          6.212336      5.741742      1.721549      0.166421      5.560980
      0.284314      0.818828      0.005696      0.146817      0.000000         -6.978317          6.494961      6.022316      1.836447      0.166421      5.560980
      0.294118      0.818717     -0.001243      0.108022      0.000000         -7.543880          6.775527      6.302781      1.951260      0.166421      5.560980
      0.303922      0.818927     -0.006139      0.072262      0.000000         -8.106648          7.056467      6.583265      2.066089      0.166421      5.560980
      0.313725      0.819353     -0.009211      0.041364      0.000000         -8.653717          7.339508      6.863861      2.181008      0.166421      5.560980
      0.323529      0.819903     -0.010754      0.016212      0.000000         -9.176639          7.625762      7.144627      2.296063      0.166421      5.560980
      0.333333      0.820503     -0.011087     -0.003007      0.000000         -9.670728          7.915821      7.425592      2.411279      0.166421      5.560980
      0.343137      0.821096     -0.010528     -0.016603      0.000000        -10.134411          8.209858      7.706762      2.526665      0.166421      5.560980
      0.352941      0.821641     -0.009368     -0.025210      0.000000        -10.568583          8.507722      7.988128      2.642213      0.166421      5.560980
      0.362745      0.822111     -0.007855     -0.029647      0.000000        -10.975964          8.809032      8.269669      2.757905      0.166421      5.560980
      0.372549      0.822494     -0.006195     -0.030798      0.000000        -11.360483          9.113262      8.551356      2.873719      0.166421      5.560980
      0.382353      0.822787     -0.004541     -0.029528      0.000000        -11.726702          9.419815      8.833158      2.989630      0.166421      5.560980
      0.392157      0.822992     -0.003005     -0.026624      0.000000        -12.079343          9.728085      9.115046      3.105611      0.166421      5.560980
      0.401961      0.823118     -0.001655     -0.022758      0.000000        -12.422908         10.037499      9.396990      3.221639      0.166421      5.560980
      0.411765      0.823176     -0.000531     -0.018473      0.000000        -12.761420         10.347548      9.678965      3.337694      0.166421      5.560980
      0.421569      0.823180      0.000359     -0.014182      0.000000        -13.098267         10.657806      9.960951      3.453756      0.166421      5.560980
      0.431373      0.823141      0.001021     -0.010181      0.000000        -13.436143         10.967935     10.242930      3.569814      0.166421      5.560980
      0.441176      0.823072      0.001478     -0.006662      0.000000        -13.777053         11.277682     10.524891      3.685856      0.166421      5.560980
      0.450980      0.822983      0.001758     -0.003736      0.000000        -14.122374         11.586875     10.806824      3.801875      0.166421      5.560980
      0.460784      0.822883      0.001897     -0.001446      0.000000        -14.472945         11.895406     11.088725      3.917868      0.166421      5.560980
      0.470588      0.822778      0.001928      0.000207      0.000000        -14.829173         12.203224     11.370590      4.033831      0.166421      5.560980
      0.480392      0.822674      0.001885      0.001257      0.000000        -15.191138         12.510316     11.652419      4.149766      0.166421      5.560980
      0.490196      0.822574      0.001801      0.001755      0.000000        -15.558700         12.816701     11.934214      4.265671      0.166421      5.560980
      0.500000      0.822478      0.001703      0.001760      0.000000        -15.931598         13.122409     12.215974      4.381548      0.166421      5.560980
      0.509804      0.822388      0.001617      0.001331      0.000000        -16.309531         13.427478     12.497703      4.497399      0.166421      5.560980
      0.519608      0.822301      0.001565      0.000521      0.000000        -16.692234         13.731940     12.779402      4.613226      0.166421      5.560980
      0.529412      0.822216      0.001566     -0.000631      0.000000        -17.079546         14.035816     13.061071      4.729028      0.166421      5.560980
      0.539216      0.822129      0.001639     -0.002096      0.000000        -17.471461         14.339105     13.342711      4.844807      0.166421      5.560980
      0.549020      0.822036      0.001800     -0.003866      0.000000        -17.868183         14.641781     13.624320      4.960560      0.166421      5.560980
      0.558824      0.821931      0.002066     -0.005949      0.000000        -18.270169         14.943784     13.905896      5.076285      0.166421      5.560980
      0.568627      0.821808      0.002455     -0.008374      0.000000        -18.678175         15.245017     14.187432      5.191978      0.166421      5.560980
      0.578431      0.821661      0.002986     -0.011192      0.000000        -19.093304         15.545336     14.468923      5.307633      0.166421      5.560980
      0.588235      0.821480      0.003684     -0.014476      0.000000        -19.517049         15.844547     14.750357      5.423242      0.166421      5.560980
      0.598039      0.821256      0.004575     -0.018325      0.000000        -19.951354         16.142397     15.031723      5.538794      0.166421      5.560980
      0.607843      0.820977      0.005694     -0.022862      0.000000        -20.398669         16.438565     15.313002      5.654275      0.166421      5.560980
      0.617647      0.820630      0.007083     -0.028239      0.000000        -20.862015         16.732649     15.594175      5.769667      0.166421      5.560980
      0.627451      0.820199      0.008792     -0.034640      0.000000        -21.345059         17.024160     15.875215      5.884949      0.166421      5.560980
      0.637255      0.819664      0.010883     -0.042280      0.000000        -21.852185         17.312503     16.156091      6.000094      0.166421      5.560980
      0.647059      0.819004      0.013429     -0.051411      0.000000        -22.388564         17.596966     16.436762      6.115069      0.166421      5.560980
      0.656863      0.818190      0.016521     -0.062322      0.000000        -22.960211         17.876702     16.717182      6.229834      0.166421      5.560980
      0.666667      0.817191      0.020263     -0.075340      0.000000        -23.574024         18.150712     16.997292      6.344338      0.166421      5.560980
      0.676471      0.815967      0.024781     -0.090831      0.000000        -24.237765         18.417830     17.277023      6.458523      0.166421      5.560980
      0.686275      0.814472      0.030219     -0.109194      0.000000        -24.959986         18.676714     17.556289      6.572316      0.166421      5.560980
      0.696078      0.812652      0.036747     -0.130858      0.000000        -25.749849         18.925834     17.834989      6.685626      0.166421      5.560980
      0.705882      0.810443      0.044556     -0.156266      0.000000        -26.616813         19.163477     18.113002      6.798349      0.166421      5.560980
      0.715686      0.807768      0.053862     -0.185856      0.000000        -27.570155         19.387759     18.390180      6.910352      0.166421      5.560980
      0.725490      0.804541      0.064905     -0.220039      0.000000        -28.618300         19.596660     18.666350      7.021482      0.166421      5.560980
      0.735294      0.800660      0.077945     -0.259161      0.000000        -29.767956         19.788071     18.941305      7.131549      0.166421      5.560980
      0.745098      0.796010      0.093258     -0.303465      0.000000        -31.023083         19.959877     19.214803      7.240331      0.166421      5.560980
      0.754902      0.790460      0.111130     -0.353046      0.000000        -32.383781         20.110052     19.486558      7.347564      0.166421      5.560980
      0.764706      0.783867      0.131848     -0.407807      0.000000        -33.845237         20.236781     19.756237      7.452938      0.166421      5.560980
      0.774510      0.776070      0.155686     -0.467423      0.000000        -35.396921         20.338593     20.023456      7.556091      0.166421      5.560980
      0.784314      0.766901      0.182893     -0.531327      0.000000        -37.022246         20.414483     20.287775      7.656612      0.166421      5.560980
      0.794118      0.756178      0.213684     -0.598706      0.000000        -38.698886         20.464027     20.548691      7.754037      0.166421      5.560980
      0.803922      0.743715      0.248220     -0.668542      0.000000        -40.399835         20.487442     20.805642      7.847855      0.166421      5.560980
      0.813725      0.729327      0.286605     -0.739668      0.000000        -42.095161         20.485605     21.057999      7.937513      0.166421      5.560980
      0.823529      0.712831      0.328874     -0.810853      0.000000        -43.754240         20.460002     21.305071      8.022440      0.166421      5.560980
      0.833333      0.694055      0.374998     -0.880889      0.000000        -45.348125         20.412627     21.546107      8.102056      0.166421      5.560980
      0.843137      0.672845      0.424884     -0.948684      0.000000        -46.851665         20.345834     21.780298      8.175808      0.166421      5.560980
      0.852941      0.649068      0.478384     -1.013326      0.000000        -48.245060         20.262170     22.006788      8.243195      0.166421      5.560980
      0.862745      0.622620      0.535306     -1.074131      0.000000        -49.514668         20.164210     22.224677      8.303802      0.166421      5.560980
      0.872549      0.593429      0.595428     -1.130655      0.000000        -50.653053         20.054407     22.433038      8.357337      0.166421      5.560980
      0.882353      0.561458      0.658510     -1.182683      0.000000        -51.658419         19.934980     22.630924      8.403655      0.166421      5.560980
      0.892157      0.526711      0.724304     -1.230206      0.000000        -52.533621         19.807836     22.817382      8.442783      0.166421      5.560980
      0.901961      0.489228      0.792571     -1.273376      0.000000        -53.285004         19.674529     22.991467      8.474933      0.166421      5.560980
      0.911765      0.449092      0.863078     -1.312468      0.000000        -53.921238         19.536246     23.152255      8.500503      0.166421      5.560980
      0.921569      0.406422      0.935613     -1.347840      0.000000        -54.452288         19.393815     23.298855      8.520065      0.166421      5.560980
      0.931373      0.361379      1.009984     -1.379899      0.000000        -54.888586         19.247732     23.430428      8.534337      0.166421      5.560980
      0.941176      0.314156      1.086023     -1.409080      0.000000        -55.240409         19.098187     23.546191      8.544149      0.166421      5.560980
      0.950980      0.264985      1.163585     -1.435824      0.000000        -55.517466         18.945099     23.645437      8.550394      0.166421      5.560980
      0.960784      0.214126      1.242547     -1.460569      0.000000        -55.728640         18.788150     23.727542      8.553970      0.166421      5.560980
      0.970588      0.161869      1.322815     -1.483744      0.000000        -55.881869         18.626816     23.791977      8.555725      0.166421      5.560980
      0.980392      0.108532      1.404312     -1.505780      0.000000        -55.984122         18.460403     23.838317      8.556395      0.166421      5.560980
      0.990196      0.054455      1.486992     -1.527217      0.000000        -56.041467         18.288074     23.866250      8.556553      0.166421      5.560980
      1.000000      0.000000      1.570796     -1.542083      0.000000        -56.056999         18.175745     23.875582      8.556563      0.166421      5.560980
