             t             r           psi            cs            qs                 p               sig             A             V            Q2             S
      0.000000      0.000000     -1.570796     -0.418707      0.000000         -3.139240          3.748730      0.000000     -0.000000      0.175391      5.191149
      0.009804      0.050890     -1.549200     -0.436561      0.000000         -3.142811          3.650582      0.008137      0.000002      0.175391      5.191149
      0.019608      0.101755     -1.526252     -0.465813      0.000000         -3.156623          3.494044      0.032544      0.000036      0.175391      5.191149
      0.029412      0.152565     -1.501711     -0.499461      0.000000         -3.182184          3.342889      0.073208      0.000189      0.175391      5.191149
      0.039216      0.203286     -1.475313     -0.539032      0.000000         -3.222152          3.196522      0.130107      0.000613      0.175391      5.191149
      0.049020      0.253872     -1.446714     -0.586322      0.000000         -3.279976          3.054468      0.203205      0.001540      0.175391      5.191149
      0.058824      0.304270     -1.415462     -0.643708      0.000000         -3.360188          2.916396      0.292451      0.003287      0.175391      5.191149
      0.068627      0.354408     -1.380968     -0.714387      0.000000         -3.468809          2.782173      0.397773      0.006281      0.175391      5.191149
      0.078431      0.404194     -1.342449     -0.802692      0.000000         -3.613906          2.651937      0.519074      0.011074      0.175391      5.191149
      0.088235      0.453505     -1.298866     -0.914485      0.000000         -3.806350          2.526215      0.656223      0.018372      0.175391      5.191149
      0.098039      0.502176     -1.248836     -1.057599      0.000000         -4.060812          2.406106      0.809044      0.029073      0.175391      5.191149
      0.107843      0.549971     -1.190515     -1.242140      0.000000         -4.396913          2.293580      0.977296      0.044310      0.175391      5.191149
      0.117647      0.596560     -1.121495     -1.480090      0.000000         -4.840139          2.191936      1.160649      0.065498      0.175391      5.191149
      0.127451      0.641467     -1.038759     -1.782713      0.000000         -5.421197          2.106513      1.358646      0.094372      0.175391      5.191149
      0.137255      0.684009     -0.938882     -2.152659      0.000000         -6.170314          2.045704      1.570647      0.132968      0.175391      5.191149
      0.147059      0.723232     -0.818876     -2.566193      0.000000         -7.099061          2.022165      1.795750      0.183461      0.175391      5.191149
      0.156863      0.757900     -0.678203     -2.946246      0.000000         -8.159961          2.053496      2.032704      0.247712      0.175391      5.191149
      0.166667      0.786648     -0.521935     -3.151942      0.000000         -9.190423          2.160468      2.279832      0.326455      0.175391      5.191149
      0.176471      0.808390     -0.362835     -3.040357      0.000000         -9.905029          2.360113      2.535053      0.418461      0.175391      5.191149
      0.186275      0.822864     -0.218266     -2.593137      0.000000        -10.033196          2.654586      2.796057      0.520499      0.175391      5.191149
      0.196078      0.830842     -0.102157     -1.954473      0.000000         -9.533616          3.024820      3.060619      0.628529      0.175391      5.191149
      0.205882      0.833792     -0.019349     -1.311441      0.000000         -8.630076          3.437515      3.326884      0.739166      0.175391      5.191149
      0.215686      0.833324      0.033241     -0.778027      0.000000         -7.632037          3.859675      3.593506      0.850300      0.175391      5.191149
      0.225490      0.830810      0.062236     -0.384195      0.000000         -6.767470          4.268325      3.859618      0.960889      0.175391      5.191149
      0.235294      0.827276      0.074469     -0.115066      0.000000         -6.142779          4.651851      4.124741      1.070530      0.175391      5.191149
      0.245098      0.823424      0.075590      0.057183      0.000000         -5.776961          5.006945      4.388668      1.179134      0.175391      5.191149
      0.254902      0.819705      0.069840      0.158954      0.000000         -5.644610          5.335053      4.651375      1.286758      0.175391      5.191149
      0.264706      0.816386      0.060247      0.211225      0.000000         -5.704473          5.639819      4.912952      1.393515      0.175391      5.191149
      0.274510      0.813606      0.048913      0.229604      0.000000         -5.913886          5.925600      5.173551      1.499544      0.175391      5.191149
      0.284314      0.811414      0.037257      0.225438      0.000000         -6.234642          6.196703      5.433355      1.604985      0.175391      5.191149
      0.294118      0.809804      0.026208      0.206942      0.000000         -6.634614          6.457038      5.692551      1.709980      0.175391      5.191149
      0.303922      0.808727      0.016335      0.180071      0.000000         -7.087607          6.710000      5.951320      1.814657      0.175391      5.191149
      0.313725      0.808116      0.007947      0.149142      0.000000         -7.572622          6.958437      6.209821      1.919133      0.175391      5.191149
      0.323529      0.807891      0.001169      0.117263      0.000000         -8.073039          7.204677      6.468190      2.023510      0.175391      5.191149
      0.333333      0.807970     -0.004010      0.086617      0.000000         -8.575919          7.450565      6.726538      2.127870      0.175391      5.191149
      0.343137      0.808274     -0.007693      0.058676      0.000000         -9.071448          7.697505      6.984950      2.232280      0.175391      5.191149
      0.352941      0.808730     -0.010044      0.034344      0.000000         -9.552499          7.946510      7.243484      2.336788      0.175391      5.191149
      0.362745      0.809277     -0.011258      0.014078      0.000000        -10.014284          8.198245      7.502181      2.441424      0.175391      5.191149
      0.372549      0.809860     -0.011548     -0.002016      0.000000        -10.454045          8.453078      7.761059      2.546207      0.175391      5.191149
      0.382353      0.810440     -0.011121     -0.014095      0.000000        -10.870757          8.711127      8.020125      2.651141      0.175391      5.191149
      0.392157      0.810984     -0.010175     -0.022504      0.000000        -11.264827          8.972309      8.279371      2.756223      0.175391      5.191149
      0.401961      0.811470     -0.008885     -0.027711      0.000000        -11.637795          9.236388      8.538782      2.861439      0.175391      5.191149
      0.411765      0.811885     -0.007400     -0.030249      0.000000        -11.992027          9.503022      8.798337      2.966774      0.175391      5.191149
      0.421569      0.812222     -0.005842     -0.030668      0.000000        -12.330429          9.771802      9.058012      3.072208      0.175391      5.191149
      0.431373      0.812480     -0.004305     -0.029500      0.000000        -12.656180         10.042288      9.317783      3.177720      0.175391      5.191149
      0.441176      0.812661     -0.002858     -0.027234      0.000000        -12.972517         10.314039      9.577624      3.283289      0.175391      5.191149
      0.450980      0.812773     -0.001545     -0.024298      0.000000        -13.282553         10.586635      9.837512      3.388897      0.175391      5.191149
      0.460784      0.812821     -0.000390     -0.021057      0.000000        -13.589155         10.859690     10.097425      3.494526      0.175391      5.191149
      0.470588      0.812815      0.000599     -0.017803      0.000000        -13.894866         11.132864     10.357344      3.600160      0.175391      5.191149
      0.480392      0.812763      0.001426     -0.014768      0.000000        -14.201869         11.405866     10.617254      3.705787      0.175391      5.191149
      0.490196      0.812673      0.002108     -0.012124      0.000000        -14.511988         11.678451     10.877141      3.811394      0.175391      5.191149
      0.500000      0.812551      0.002669     -0.009998      0.000000        -14.826718         11.950418     11.136994      3.916974      0.175391      5.191149
      0.509804      0.812403      0.003136     -0.008474      0.000000        -15.147274         12.221603     11.396803      4.022519      0.175391      5.191149
      0.519608      0.812232      0.003543     -0.007611      0.000000        -15.474652         12.491870     11.656562      4.128021      0.175391      5.191149
      0.529412      0.812042      0.003923     -0.007444      0.000000        -15.809702         12.761104     11.916263      4.233477      0.175391      5.191149
      0.539216      0.811833      0.004313     -0.008001      0.000000        -16.153202         13.029195     12.175900      4.338881      0.175391      5.191149
      0.549020      0.811603      0.004750     -0.009302      0.000000        -16.505934         13.296034     12.435467      4.444228      0.175391      5.191149
      0.558824      0.811348      0.005273     -0.011372      0.000000        -16.868765         13.561499     12.694956      4.549511      0.175391      5.191149
      0.568627      0.811064      0.005921     -0.014246      0.000000        -17.242718         13.825446     12.954360      4.654725      0.175391      5.191149
      0.578431      0.810743      0.006737     -0.017970      0.000000        -17.629049         14.087695     13.213667      4.759860      0.175391      5.191149
      0.588235      0.810374      0.007766     -0.022611      0.000000        -18.029321         14.348024     13.472864      4.864905      0.175391      5.191149
      0.598039      0.809948      0.009056     -0.028259      0.000000        -18.445470         14.606153     13.731934      4.969846      0.175391      5.191149
      0.607843      0.809447      0.010661     -0.035028      0.000000        -18.879879         14.861737     13.990856      5.074666      0.175391      5.191149
      0.617647      0.808856      0.012642     -0.043061      0.000000        -19.335432         15.114351     14.249605      5.179344      0.175391      5.191149
      0.627451      0.808153      0.015069     -0.052535      0.000000        -19.815573         15.363480     14.508147      5.283851      0.175391      5.191149
      0.637255      0.807314      0.018018     -0.063657      0.000000        -20.324347         15.608509     14.766443      5.388156      0.175391      5.191149
      0.647059      0.806309      0.021580     -0.076670      0.000000        -20.866415         15.848707     15.024445      5.492217      0.175391      5.191149
      0.656863      0.805105      0.025858     -0.091846      0.000000        -21.447047         16.083223     15.282095      5.595985      0.175391      5.191149
      0.666667      0.803663      0.030971     -0.109489      0.000000        -22.072068         16.311074     15.539323      5.699401      0.175391      5.191149
      0.676471      0.801937      0.037050     -0.129928      0.000000        -22.747746         16.531145     15.796045      5.802394      0.175391      5.191149
      0.686275      0.799874      0.044249     -0.153508      0.000000        -23.480604         16.742185     16.052164      5.904876      0.175391      5.191149
      0.696078      0.797412      0.052735     -0.180574      0.000000        -24.277143         16.942820     16.307561      6.006747      0.175391      5.191149
      0.705882      0.794483      0.062694     -0.211461      0.000000        -25.143454         17.131570     16.562097      6.107883      0.175391      5.191149
      0.715686      0.791007      0.074329     -0.246468      0.000000        -26.084730         17.306879     16.815613      6.208141      0.175391      5.191149
      0.725490      0.786893      0.087855     -0.285831      0.000000        -27.104668         17.467157     17.067916      6.307349      0.175391      5.191149
      0.735294      0.782040      0.103499     -0.329696      0.000000        -28.204815         17.610841     17.318790      6.405310      0.175391      5.191149
      0.745098      0.776338      0.121491     -0.378090      0.000000        -29.383895         17.736461     17.567978      6.501789      0.175391      5.191149
      0.754902      0.769662      0.142059     -0.430887      0.000000        -30.637216         17.842723     17.815191      6.596522      0.175391      5.191149
      0.764706      0.761881      0.165420     -0.487795      0.000000        -31.956265         17.928593     18.060096      6.689201      0.175391      5.191149
      0.774510      0.752853      0.191772     -0.548339      0.000000        -33.328581         17.993374     18.302318      6.779484      0.175391      5.191149
      0.784314      0.742430      0.221284     -0.611870      0.000000        -34.738018         18.036772     18.541433      6.866989      0.175391      5.191149
      0.794118      0.730461      0.254089     -0.677590      0.000000        -36.165413         18.058934     18.776973      6.951303      0.175391      5.191149
      0.803922      0.716794      0.290276     -0.744586      0.000000        -37.589649         18.060458     19.008417      7.031983      0.175391      5.191149
      0.813725      0.701280      0.329884     -0.811891      0.000000        -38.988974         18.042366     19.235200      7.108574      0.175391      5.191149
      0.823529      0.683776      0.372905     -0.878539      0.000000        -40.342439         18.006044     19.456707      7.180615      0.175391      5.191149
      0.833333      0.664156      0.419282     -0.943629      0.000000        -41.631228         17.953151     19.672282      7.247666      0.175391      5.191149
      0.843137      0.642304      0.468914     -1.006374      0.000000        -42.839716         17.885521     19.881229      7.309325      0.175391      5.191149
      0.852941      0.618129      0.521667     -1.066142      0.000000        -43.956142         17.805052     20.082818      7.365250      0.175391      5.191149
      0.862745      0.591562      0.577376     -1.122471      0.000000        -44.972853         17.713607     20.276297      7.415185      0.175391      5.191149
      0.872549      0.562562      0.635857     -1.175076      0.000000        -45.886146         17.612929     20.460891      7.458984      0.175391      5.191149
      0.882353      0.531115      0.696918     -1.223834      0.000000        -46.695819         17.504575     20.635821      7.496622      0.175391      5.191149
      0.892157      0.497240      0.760363     -1.268768      0.000000        -47.404529         17.389877     20.800306      7.528215      0.175391      5.191149
      0.901961      0.460986      0.826000     -1.310015      0.000000        -48.017080         17.269917     20.953576      7.554020      0.175391      5.191149
      0.911765      0.422436      0.893647     -1.347803      0.000000        -48.539726         17.145519     21.094884      7.574430      0.175391      5.191149
      0.921569      0.381700      0.963135     -1.382423      0.000000        -48.979554         17.017259     21.223511      7.589967      0.175391      5.191149
      0.931373      0.338922      1.034312     -1.414207      0.000000        -49.343976         16.885473     21.338781      7.601252      0.175391      5.191149
      0.941176      0.294275      1.107041     -1.443512      0.000000        -49.640343         16.750281     21.440069      7.608981      0.175391      5.191149
      0.950980      0.247957      1.181207     -1.470708      0.000000        -49.875673         16.611605     21.526806      7.613884      0.175391      5.191149
      0.960784      0.200194      1.256711     -1.496167      0.000000        -50.056472         16.469192     21.598495      7.616684      0.175391      5.191149
      0.970588      0.151236      1.333475     -1.520263      0.000000        -50.188641         16.322636     21.654713      7.618055      0.175391      5.191149
      0.980392      0.101354      1.411438     -1.543384      0.000000        -50.277446         16.171401     21.695119      7.618578      0.175391      5.191149
      0.990196      0.050839      1.490563     -1.566066      0.000000        -50.327559         16.014843     21.719466      7.618701      0.175391      5.191149
      1.000000      0.000000      1.570796     -1.581388      0.000000        -50.340926         15.916693     21.727599      7.618709      0.175391      5.191149
