             t             r           psi            cs            qs                 p               sig             A             V            Q2             S
      0.000000     -0.000000     -1.570796     -0.963177      0.000000       -444.609355        230.803478      0.000000      0.000000      0.038453      7.262219
      0.009804      0.071142     -1.502180     -0.964680      0.000000       -444.630764        230.567542      0.015919      0.000019      0.038453      7.262219
      0.019608      0.141949     -1.433424     -0.966724      0.000000       -444.708334        230.247586      0.063601      0.000309      0.038453      7.262219
      0.029412      0.212086     -1.364517     -0.968967      0.000000       -444.854385        229.933764      0.142822      0.001556      0.038453      7.262219
      0.039216      0.281216     -1.295440     -0.971513      0.000000       -445.087770        229.621902      0.253205      0.004867      0.038453      7.262219
      0.049020      0.349007     -1.226167     -0.974493      0.000000       -445.434678        229.307735      0.394227      0.011724      0.038453      7.262219
      0.058824      0.415130     -1.156661     -0.978083      0.000000       -445.932084        228.986814      0.565214      0.023914      0.038453      7.262219
      0.068627      0.479258     -1.086871     -0.982524      0.000000       -446.633050        228.654390      0.765347      0.043443      0.038453      7.262219
      0.078431      0.541069     -1.016725     -0.988165      0.000000       -447.615147        228.305264      0.993662      0.072441      0.038453      7.262219
      0.088235      0.600245     -0.946119     -0.995519      0.000000       -448.994219        227.933618      1.249051      0.113060      0.038453      7.262219
      0.098039      0.656469     -0.874908     -1.005362      0.000000       -450.947478        227.532843      1.530263      0.167366      0.038453      7.262219
      0.107843      0.709426     -0.802872     -1.018911      0.000000       -453.753352        227.095446      1.835909      0.237231      0.038453      7.262219
      0.117647      0.758794     -0.729685     -1.038127      0.000000       -457.861978        226.613253      2.164454      0.324228      0.038453      7.262219
      0.127451      0.804237     -0.654836     -1.066270      0.000000       -464.021903        226.078520      2.514219      0.429540      0.038453      7.262219
      0.137255      0.845388     -0.577512     -1.108863      0.000000       -473.505030        225.487683      2.883367      0.553867      0.038453      7.262219
      0.147059      0.881821     -0.496379     -1.175219      0.000000       -488.464711        224.852798      3.269887      0.697346      0.038453      7.262219
      0.156863      0.913000     -0.409267     -1.279462      0.000000       -512.220150        224.235466      3.671553      0.859451      0.038453      7.262219
      0.166667      0.938208     -0.312999     -1.432311      0.000000       -547.606627        223.842960      4.085862      1.038839      0.038453      7.262219
      0.176471      0.956503     -0.205174     -1.583482      0.000000       -584.610566        224.243977      4.509940      1.233020      0.038453      7.262219
      0.186275      0.967047     -0.093384     -1.483549      0.000000       -569.073354        226.441040      4.940486      1.437820      0.038453      7.262219
      0.196078      0.970327     -0.005563     -0.925189      0.000000       -451.015850        230.609763      5.374064      1.647643      0.038453      7.262219
      0.205882      0.968937      0.037277     -0.312110      0.000000       -315.785782        235.055603      5.807943      1.857993      0.038453      7.262219
      0.215686      0.965845      0.045517      0.035492      0.000000       -238.256303        238.542967      6.240728      2.067142      0.038453      7.262219
      0.225490      0.962842      0.037289      0.169709      0.000000       -209.305719        241.090839      6.672106      2.274944      0.038453      7.262219
      0.235294      0.960653      0.023966      0.192118      0.000000       -206.232484        243.043285      7.102310      2.481701      0.038453      7.262219
      0.245098      0.959416      0.011135      0.162944      0.000000       -215.143874        244.678308      7.531749      2.687790      0.038453      7.262219
      0.254902      0.958996      0.001228      0.113739      0.000000       -228.704442        246.179023      7.960825      2.893559      0.038453      7.262219
      0.264706      0.959153     -0.005007      0.062012      0.000000       -242.848057        247.662328      8.389852      3.099285      0.038453      7.262219
      0.274510      0.959627     -0.007790      0.018035      0.000000       -255.181331        249.199400      8.819029      3.305151      0.038453      7.262219
      0.284314      0.960198     -0.007891     -0.012759      0.000000       -264.415076        250.825909      9.248448      3.511246      0.038453      7.262219
      0.294118      0.960711     -0.006321     -0.029019      0.000000       -270.200097        252.548428      9.678113      3.717580      0.038453      7.262219
      0.303922      0.961082     -0.004058     -0.032748      0.000000       -272.978926        254.351964     10.107977      3.924107      0.038453      7.262219
      0.313725      0.961291     -0.001859     -0.027976      0.000000       -273.694069        256.209806     10.537972      4.130761      0.038453      7.262219
      0.323529      0.961359     -0.000170     -0.019153      0.000000       -273.410624        258.093567     10.968026      4.337475      0.038453      7.262219
      0.333333      0.961331      0.000858     -0.009883      0.000000       -273.007276        259.980425     11.398088      4.544195      0.038453      7.262219
      0.343137      0.961251      0.001280     -0.002368      0.000000       -273.031705        261.856224     11.828125      4.750890      0.038453      7.262219
      0.352941      0.961159      0.001259      0.002518      0.000000       -273.707709        263.715104     12.258121      4.957548      0.038453      7.262219
      0.362745      0.961078      0.000983      0.004850      0.000000       -275.023798        265.557271     12.688078      5.164167      0.038453      7.262219
      0.372549      0.961021      0.000615      0.005210      0.000000       -276.838248        267.386358     13.118005      5.370757      0.038453      7.262219
      0.382353      0.960990      0.000270      0.004346      0.000000       -278.965306        269.207210     13.547911      5.577328      0.038453      7.262219
      0.392157      0.960981      0.000009      0.002941      0.000000       -281.231960        271.024378     13.977809      5.783890      0.038453      7.262219
      0.401961      0.960986     -0.000148      0.001505      0.000000       -283.507472        272.841312     14.407706      5.990452      0.038453      7.262219
      0.411765      0.961000     -0.000212      0.000344      0.000000       -285.712199        274.660116     14.837608      6.197018      0.038453      7.262219
      0.421569      0.961015     -0.000207     -0.000417      0.000000       -287.812840        276.481666     15.267516      6.403590      0.038453      7.262219
      0.431373      0.961028     -0.000162     -0.000786      0.000000       -289.810491        278.305931     15.697430      6.610169      0.038453      7.262219
      0.441176      0.961038     -0.000102     -0.000847      0.000000       -291.726637        280.132343     16.127350      6.816753      0.038453      7.262219
      0.450980      0.961043     -0.000046     -0.000712      0.000000       -293.590637        281.960128     16.557273      7.023339      0.038453      7.262219
      0.460784      0.961044     -0.000003     -0.000489      0.000000       -295.430622        283.788545     16.987198      7.229928      0.038453      7.262219
      0.470588      0.961044      0.000023     -0.000258      0.000000       -297.268304        285.617023     17.417123      7.436516      0.038453      7.262219
      0.480392      0.961042      0.000035     -0.000068      0.000000       -299.117184        287.445206     17.847047      7.643104      0.038453      7.262219
      0.490196      0.961039      0.000035      0.000059      0.000000       -300.983150        289.272939     18.276970      7.849690      0.038453      7.262219
      0.500000      0.961037      0.000028      0.000123      0.000000       -302.866358        291.100218     18.706891      8.056276      0.038453      7.262219
      0.509804      0.961035      0.000018      0.000137      0.000000       -304.763509        292.927131     19.136812      8.262861      0.038453      7.262219
      0.519608      0.961034      0.000009      0.000118      0.000000       -306.669891        294.753800     19.566733      8.469445      0.038453      7.262219
      0.529412      0.961034      0.000002      0.000083      0.000000       -308.580884        296.580348     19.996653      8.676029      0.038453      7.262219
      0.539216      0.961034     -0.000003      0.000044      0.000000       -310.492849        298.406870     20.426573      8.882613      0.038453      7.262219
      0.549020      0.961034     -0.000005      0.000010      0.000000       -312.403487        300.233427     20.856493      9.089196      0.038453      7.262219
      0.558824      0.961034     -0.000005     -0.000015      0.000000       -314.311810        302.060046     21.286413      9.295781      0.038453      7.262219
      0.568627      0.961035     -0.000003     -0.000033      0.000000       -316.217905        303.886723     21.716334      9.502365      0.038453      7.262219
      0.578431      0.961035      0.000000     -0.000046      0.000000       -318.122649        305.713435     22.146254      9.708949      0.038453      7.262219
      0.588235      0.961035      0.000004     -0.000059      0.000000       -320.027470        307.540145     22.576175      9.915533      0.038453      7.262219
      0.598039      0.961034      0.000009     -0.000078      0.000000       -321.934261        309.366804     23.006095     10.122118      0.038453      7.262219
      0.607843      0.961033      0.000015     -0.000110      0.000000       -323.845482        311.193346     23.436015     10.328701      0.038453      7.262219
      0.617647      0.961032      0.000025     -0.000168      0.000000       -325.764525        313.019682     23.865935     10.535285      0.038453      7.262219
      0.627451      0.961030      0.000040     -0.000265      0.000000       -327.696409        314.845680     24.295854     10.741867      0.038453      7.262219
      0.637255      0.961026      0.000064     -0.000428      0.000000       -329.648945        316.671134     24.725771     10.948449      0.038453      7.262219
      0.647059      0.961020      0.000103     -0.000692      0.000000       -331.634619        318.495714     25.155687     11.155028      0.038453      7.262219
      0.656863      0.961011      0.000167     -0.001121      0.000000       -333.673573        320.318891     25.585599     11.361604      0.038453      7.262219
      0.666667      0.960996      0.000269     -0.001812      0.000000       -335.798336        322.139805     26.015505     11.568175      0.038453      7.262219
      0.676471      0.960971      0.000435     -0.002923      0.000000       -338.061319        323.957069     26.445403     11.774738      0.038453      7.262219
      0.686275      0.960931      0.000701     -0.004707      0.000000       -340.546588        325.768456     26.875287     11.981287      0.038453      7.262219
      0.696078      0.960867      0.001130     -0.007563      0.000000       -343.388184        327.570393     27.305148     12.187814      0.038453      7.262219
      0.705882      0.960764      0.001818     -0.012118      0.000000       -346.797986        329.357197     27.734973     12.394306      0.038453      7.262219
      0.715686      0.960599      0.002919     -0.019348      0.000000       -351.106546        331.119892     28.164738     12.600740      0.038453      7.262219
      0.725490      0.960333      0.004671     -0.030736      0.000000       -356.819119        332.844489     28.594409     12.807083      0.038453      7.262219
      0.735294      0.959909      0.007445     -0.048466      0.000000       -364.683090        334.509619     29.023928     13.013278      0.038453      7.262219
      0.745098      0.959236      0.011795     -0.075590      0.000000       -375.746313        336.083645     29.453206     13.219236      0.038453      7.262219
      0.754902      0.958174      0.018524     -0.116009      0.000000       -391.350638        337.521993     29.882102     13.424814      0.038453      7.262219
      0.764706      0.956516      0.028731     -0.173961      0.000000       -412.953229        338.766610     30.310399     13.629784      0.038453      7.262219
      0.774510      0.953968      0.043791     -0.252662      0.000000       -441.645779        339.750948     30.737768     13.833791      0.038453      7.262219
      0.784314      0.950132      0.065205     -0.352080      0.000000       -477.372081        340.413901     31.163726     14.036287      0.038453      7.262219
      0.794118      0.944509      0.094296     -0.466918      0.000000       -518.226192        340.721640     31.587588     14.236457      0.038453      7.262219
      0.803922      0.936527      0.131815     -0.586863      0.000000       -560.557778        340.686989     32.008429     14.433151      0.038453      7.262219
      0.813725      0.925601      0.177700     -0.700029      0.000000       -600.208970        340.371227     32.425063     14.624852      0.038453      7.262219
      0.823529      0.911191      0.231120     -0.797480      0.000000       -634.106098        339.863971     32.836047     14.809718      0.038453      7.262219
      0.833333      0.892856      0.290794     -0.875518      0.000000       -661.037213        339.254665     33.239722     14.985694      0.038453      7.262219
      0.843137      0.870279      0.355346     -0.934905      0.000000       -681.348397        338.612893     33.634255     15.150684      0.038453      7.262219
      0.852941      0.843269      0.423551     -0.978725      0.000000       -696.176658        337.983082     34.017702     15.302736      0.038453      7.262219
      0.862745      0.811744      0.494429     -1.010587      0.000000       -706.818185        337.388612     34.388057     15.440205      0.038453      7.262219
      0.872549      0.775716      0.567247     -1.033684      0.000000       -714.406672        336.838687     34.743300     15.561887      0.038453      7.262219
      0.882353      0.735274      0.641474     -1.050511      0.000000       -719.820233        336.334264     35.081434     15.667098      0.038453      7.262219
      0.892157      0.690569      0.716731     -1.062893      0.000000       -723.698058        335.872091     35.400516     15.755716      0.038453      7.262219
      0.901961      0.641806      0.792752     -1.072126      0.000000       -726.491194        335.447076     35.698683     15.828181      0.038453      7.262219
      0.911765      0.589231      0.869345     -1.079118      0.000000       -728.513718        335.053566     35.974173     15.885454      0.038453      7.262219
      0.921569      0.533128      0.946376     -1.084504      0.000000       -729.983695        334.685951     36.225344     15.928948      0.038453      7.262219
      0.931373      0.473814      1.023747     -1.088729      0.000000       -731.053016        334.338906     36.450686     15.960424      0.038453      7.262219
      0.941176      0.411631      1.101388     -1.092111      0.000000       -731.828185        334.007451     36.648839     15.981880      0.038453      7.262219
      0.950980      0.346945      1.179246     -1.094877      0.000000       -732.384507        333.686911     36.818600     15.995416      0.038453      7.262219
      0.960784      0.280143      1.257284     -1.097193      0.000000       -732.775708        333.372850     36.958936     16.003101      0.038453      7.262219
      0.970588      0.211627      1.335474     -1.099186      0.000000       -733.040466        333.060993     37.068990     16.006839      0.038453      7.262219
      0.980392      0.141812      1.413798     -1.100951      0.000000       -733.206866        332.747156     37.148086     16.008255      0.038453      7.262219
      0.990196      0.071125      1.492242     -1.102567      0.000000       -733.295520        332.427193     37.195739     16.008586      0.038453      7.262219
      1.000000      0.000000      1.570796     -1.103762      0.000000       -733.320037        332.191256     37.211656     16.008608      0.038453      7.262219
