             t             r           psi            cs            qs                 p               sig             A             V            Q2             S
      0.000000      0.000000     -1.570796      0.011161      0.000000         -0.080751          3.617541      0.000000      0.000000     -0.258314     10.066464
      0.009804      0.098691     -1.569629      0.012845      0.000000         -0.081252          3.293365      0.030599      0.000001     -0.258314     10.066464
      0.019608      0.197381     -1.568232      0.015670      0.000000         -0.083207          2.902866      0.122395      0.000015     -0.258314     10.066464
      0.029412      0.296072     -1.566483      0.020145      0.000000         -0.087527          2.521418      0.275388      0.000082     -0.258314     10.066464
      0.039216      0.394761     -1.564146      0.028028      0.000000         -0.096040          2.140198      0.489578      0.000288     -0.258314     10.066464
      0.049020      0.493448     -1.560695      0.043965      0.000000         -0.112777          1.750225      0.764965      0.000802     -0.258314     10.066464
      0.058824      0.592131     -1.554740      0.083272      0.000000         -0.148210          1.342644      1.101545      0.001988     -0.258314     10.066464
      0.068627      0.690798     -1.541414      0.217750      0.000000         -0.237302          0.911726      1.499314      0.004799     -0.258314     10.066464
      0.078431      0.789368     -1.491923      1.087540      0.000000         -0.563362          0.474468      1.958246      0.013071     -0.258314     10.066464
      0.088235      0.884593     -0.998530     12.937545      0.000000         -3.255131          0.240236      2.477857      0.063836     -0.258314     10.066464
      0.098039      0.921009     -0.016648      3.061389      0.000000         -5.128372          1.236645      3.042227      0.291217     -0.258314     10.066464
      0.107843      0.916974      0.046593     -0.385826      0.000000         -1.862383          2.647184      3.612341      0.553036     -0.258314     10.066464
      0.117647      0.914414      0.007561     -0.284420      0.000000         -3.085991          3.813888      4.179951      0.812716     -0.258314     10.066464
      0.127451      0.914577     -0.006667     -0.032187      0.000000         -5.228363          4.926882      4.746952      1.071941     -0.258314     10.066464
      0.137255      0.915207     -0.004905      0.043537      0.000000         -6.894465          6.068152      5.314280      1.331462     -0.258314     10.066464
      0.147059      0.915485     -0.000950      0.030342      0.000000         -8.122527          7.235081      5.881900      1.591255     -0.258314     10.066464
      0.156863      0.915472      0.000814      0.006890      0.000000         -9.242573          8.408281      6.449590      1.851113     -0.258314     10.066464
      0.166667      0.915381      0.000851     -0.003934      0.000000        -10.425534          9.577833      7.017240      2.110933     -0.258314     10.066464
      0.176471      0.915321      0.000364     -0.004882      0.000000        -11.684404         10.742977      7.584840      2.370709     -0.258314     10.066464
      0.186275      0.915305     -0.000006     -0.002470      0.000000        -12.978369         11.906078      8.152417      2.630463     -0.258314     10.066464
      0.196078      0.915314     -0.000136     -0.000349      0.000000        -14.273716         13.069099      8.719993      2.890216     -0.258314     10.066464
      0.205882      0.915327     -0.000116      0.000573      0.000000        -15.557561         14.232790      9.287576      3.149977     -0.258314     10.066464
      0.215686      0.915335     -0.000051      0.000629      0.000000        -16.830946         15.397089      9.855166      3.409743     -0.258314     10.066464
      0.225490      0.915337     -0.000002      0.000355      0.000000        -18.099393         16.561676     10.422760      3.669513     -0.258314     10.066464
      0.235294      0.915336      0.000019      0.000088      0.000000        -19.367424         17.726286     10.990354      3.929283     -0.258314     10.066464
      0.245098      0.915334      0.000019     -0.000057      0.000000        -20.637068         18.890803     11.557947      4.189052     -0.258314     10.066464
      0.254902      0.915333      0.000011     -0.000092      0.000000        -21.908463         20.055219     12.125538      4.448820     -0.258314     10.066464
      0.264706      0.915332      0.000003     -0.000068      0.000000        -23.180923         21.219572     12.693129      4.708587     -0.258314     10.066464
      0.274510      0.915332     -0.000002     -0.000031      0.000000        -24.453714         22.383906     13.260720      4.968354     -0.258314     10.066464
      0.284314      0.915332     -0.000003     -0.000003      0.000000        -25.726378         23.548247     13.828311      5.228121     -0.258314     10.066464
      0.294118      0.915333     -0.000003      0.000011      0.000000        -26.998759         24.712605     14.395902      5.487888     -0.258314     10.066464
      0.303922      0.915333     -0.000001      0.000013      0.000000        -28.270894         25.876977     14.963493      5.747656     -0.258314     10.066464
      0.313725      0.915333     -0.000000      0.000009      0.000000        -29.542891         27.041357     15.531084      6.007423     -0.258314     10.066464
      0.323529      0.915333      0.000000      0.000004      0.000000        -30.814850         28.205739     16.098676      6.267191     -0.258314     10.066464
      0.333333      0.915333      0.000000      0.000000      0.000000        -32.086831         29.370120     16.666267      6.526958     -0.258314     10.066464
      0.343137      0.915333      0.000000     -0.000001      0.000000        -33.358857         30.534498     17.233858      6.786726     -0.258314     10.066464
      0.352941      0.915333      0.000000     -0.000002      0.000000        -34.630922         31.698875     17.801449      7.046493     -0.258314     10.066464
      0.362745      0.915333      0.000000     -0.000001      0.000000        -35.903012         32.863249     18.369041      7.306260     -0.258314     10.066464
      0.372549      0.915333     -0.000000     -0.000001      0.000000        -37.175111         34.027623     18.936632      7.566028     -0.258314     10.066464
      0.382353      0.915333     -0.000000     -0.000000      0.000000        -38.447207         35.191998     19.504223      7.825795     -0.258314     10.066464
      0.392157      0.915333     -0.000000      0.000000      0.000000        -39.719298         36.356372     20.071814      8.085563     -0.258314     10.066464
      0.401961      0.915333     -0.000000      0.000000      0.000000        -40.991381         37.520747     20.639405      8.345330     -0.258314     10.066464
      0.411765      0.915333     -0.000000      0.000000      0.000000        -42.263460         38.685123     21.206997      8.605098     -0.258314     10.066464
      0.421569      0.915333     -0.000000      0.000000      0.000000        -43.535535         39.849498     21.774588      8.864865     -0.258314     10.066464
      0.431373      0.915333      0.000000      0.000000      0.000000        -44.807611         41.013874     22.342179      9.124632     -0.258314     10.066464
      0.441176      0.915333      0.000000      0.000000      0.000000        -46.079687         42.178249     22.909770      9.384400     -0.258314     10.066464
      0.450980      0.915333      0.000000     -0.000000      0.000000        -47.351764         43.342625     23.477361      9.644167     -0.258314     10.066464
      0.460784      0.915333      0.000000     -0.000000      0.000000        -48.623842         44.507000     24.044953      9.903935     -0.258314     10.066464
      0.470588      0.915333      0.000000     -0.000000      0.000000        -49.895920         45.671375     24.612544     10.163702     -0.258314     10.066464
      0.480392      0.915333      0.000000     -0.000000      0.000000        -51.168000         46.835751     25.180135     10.423470     -0.258314     10.066464
      0.490196      0.915333     -0.000000     -0.000000      0.000000        -52.440079         48.000126     25.747726     10.683237     -0.258314     10.066464
      0.500000      0.915333     -0.000000      0.000000      0.000000        -53.712158         49.164501     26.315318     10.943005     -0.258314     10.066464
      0.509804      0.915333      0.000000      0.000000      0.000000        -54.984237         50.328877     26.882909     11.202772     -0.258314     10.066464
      0.519608      0.915333      0.000000      0.000000      0.000000        -56.256317         51.493252     27.450500     11.462539     -0.258314     10.066464
      0.529412      0.915333      0.000000      0.000000      0.000000        -57.528396         52.657627     28.018091     11.722307     -0.258314     10.066464
      0.539216      0.915333      0.000000      0.000000      0.000000        -58.800476         53.822002     28.585682     11.982074     -0.258314     10.066464
      0.549020      0.915333      0.000000      0.000000      0.000000        -60.072557         54.986378     29.153274     12.241842     -0.258314     10.066464
      0.558824      0.915333      0.000000      0.000000      0.000000        -61.344641         56.150753     29.720865     12.501609     -0.258314     10.066464
      0.568627      0.915333      0.000000      0.000000      0.000000        -62.616727         57.315127     30.288456     12.761377     -0.258314     10.066464
      0.578431      0.915333      0.000000      0.000001      0.000000        -63.888820         58.479502     30.856047     13.021144     -0.258314     10.066464
      0.588235      0.915333      0.000000      0.000001      0.000000        -65.160923         59.643876     31.423638     13.280911     -0.258314     10.066464
      0.598039      0.915333      0.000000      0.000002      0.000000        -66.433043         60.808249     31.991230     13.540679     -0.258314     10.066464
      0.607843      0.915333      0.000001      0.000003      0.000000        -67.705193         61.972620     32.558821     13.800446     -0.258314     10.066464
      0.617647      0.915333      0.000001      0.000005      0.000000        -68.977392         63.136988     33.126412     14.060214     -0.258314     10.066464
      0.627451      0.915333      0.000001      0.000008      0.000000        -70.249677         64.301352     33.694003     14.319981     -0.258314     10.066464
      0.637255      0.915332      0.000003      0.000013      0.000000        -71.522103         65.465707     34.261594     14.579748     -0.258314     10.066464
      0.647059      0.915332      0.000004      0.000022      0.000000        -72.794770         66.630048     34.829185     14.839515     -0.258314     10.066464
      0.656863      0.915331      0.000007      0.000036      0.000000        -74.067837         67.794366     35.396775     15.099282     -0.258314     10.066464
      0.666667      0.915331      0.000012      0.000060      0.000000        -75.341573         68.958645     35.964366     15.359048     -0.258314     10.066464
      0.676471      0.915329      0.000019      0.000099      0.000000        -76.616423         70.122859     36.531955     15.618814     -0.258314     10.066464
      0.686275      0.915327      0.000032      0.000164      0.000000        -77.893122         71.286965     37.099543     15.878579     -0.258314     10.066464
      0.696078      0.915322      0.000053      0.000269      0.000000        -79.172881         72.450894     37.667129     16.138342     -0.258314     10.066464
      0.705882      0.915316      0.000087      0.000440      0.000000        -80.457688         73.614528     38.234712     16.398102     -0.258314     10.066464
      0.715686      0.915305      0.000143      0.000719      0.000000        -81.750802         74.777679     38.802290     16.657856     -0.258314     10.066464
      0.725490      0.915286      0.000235      0.001171      0.000000        -83.057541         75.940036     39.369858     16.917603     -0.258314     10.066464
      0.735294      0.915256      0.000384      0.001902      0.000000        -84.386560         77.101095     39.937412     17.177336     -0.258314     10.066464
      0.745098      0.915207      0.000625      0.003082      0.000000        -85.751879         78.260037     40.504942     17.437047     -0.258314     10.066464
      0.754902      0.915128      0.001015      0.004978      0.000000        -87.176102         79.415537     41.072432     17.696723     -0.258314     10.066464
      0.764706      0.914999      0.001645      0.008016      0.000000        -88.695427         80.565467     41.639860     17.956340     -0.258314     10.066464
      0.774510      0.914791      0.002657      0.012858      0.000000        -90.367285         81.706425     42.207185     18.215863     -0.258314     10.066464
      0.784314      0.914455      0.004275      0.020530      0.000000        -92.281572         82.833027     42.774344     18.475234     -0.258314     10.066464
      0.794118      0.913916      0.006852      0.032586      0.000000        -94.576144         83.936862     43.341237     18.734359     -0.258314     10.066464
      0.803922      0.913054      0.010926      0.051309      0.000000        -97.455727         85.005052     43.907703     18.993087     -0.258314     10.066464
      0.813725      0.911684      0.017303      0.079890      0.000000       -101.209118         86.018463     44.473488     19.251179     -0.258314     10.066464
      0.823529      0.909525      0.027153      0.122440      0.000000       -106.210264         86.949979     45.038198     19.508253     -0.258314     10.066464
      0.833333      0.906159      0.042081      0.183535      0.000000       -112.874661         87.763895     45.601220     19.763704     -0.258314     10.066464
      0.843137      0.900988      0.064116      0.266920      0.000000       -121.533915         88.418401     46.161631     20.016589     -0.258314     10.066464
      0.852941      0.893206      0.095528      0.373277      0.000000       -132.220091         88.873362     46.718074     20.265467     -0.258314     10.066464
      0.862745      0.881790      0.138403      0.497941      0.000000       -144.450179         89.103314     47.268622     20.508215     -0.258314     10.066464
      0.872549      0.865567      0.194079      0.630607      0.000000       -157.210889         89.110255     47.810663     20.741882     -0.258314     10.066464
      0.882353      0.843328      0.262711      0.758407      0.000000       -169.272523         88.926973     48.340841     20.962685     -0.258314     10.066464
      0.892157      0.813977      0.343259      0.870744      0.000000       -179.659778         88.606641     48.855075     21.166251     -0.258314     10.066464
      0.901961      0.776667      0.433893      0.962391      0.000000       -187.933330         88.205362     49.348676     21.348141     -0.258314     10.066464
      0.911765      0.730882      0.532531      1.033276      0.000000       -194.146029         87.768561     49.816532     21.504544     -0.258314     10.066464
      0.921569      0.676455      0.637256      1.086360      0.000000       -198.624360         87.326116     50.253317     21.632962     -0.258314     10.066464
      0.931373      0.613547      0.746502      1.125549      0.000000       -201.766398         86.893999     50.653706     21.732704     -0.258314     10.066464
      0.941176      0.542613      0.859083      1.154484      0.000000       -203.929977         86.478254     51.012568     21.805084     -0.258314     10.066464
      0.950980      0.464351      0.974136      1.176099      0.000000       -205.395614         86.078704     51.325131     21.853286     -0.258314     10.066464
      0.960784      0.379667      1.091055      1.192599      0.000000       -206.368090         85.691523     51.587121     21.881927     -0.258314     10.066464
      0.970588      0.289633      1.209419      1.205593      0.000000       -206.991338         85.310760     51.794882     21.896386     -0.258314     10.066464
      0.980392      0.195456      1.328941      1.216257      0.000000       -207.364558         84.929154     51.945463     21.902018     -0.258314     10.066464
      0.990196      0.098448      1.449438      1.225470      0.000000       -207.555522         84.538543     52.036698     21.903361     -0.258314     10.066464
      1.000000      0.000000      1.570796      1.232621      0.000000       -207.608818         84.214355     52.067259     21.903452     -0.258314     10.066464
