             t             r           psi            cs            qs                 p               sig             A             V            Q2             S
      0.000000      0.000000     -1.570796     -0.740749      0.000000        -11.988274          8.091992     -0.000000      0.000000      0.169110      4.575363
      0.009804      0.044848     -1.537414     -0.752718      0.000000        -11.992900          8.011705      0.006321      0.000002      0.169110      4.575363
      0.019608      0.089646     -1.503202     -0.772823      0.000000        -12.011442          7.869812      0.025275      0.000038      0.169110      4.575363
      0.029412      0.134337     -1.468060     -0.794333      0.000000        -12.044821          7.732183      0.056842      0.000194      0.169110      4.575363
      0.039216      0.178865     -1.431910     -0.817850      0.000000        -12.095398          7.598357      0.100984      0.000619      0.169110      4.575363
      0.049020      0.223164     -1.394651     -0.843867      0.000000        -12.166018          7.467936      0.157644      0.001523      0.169110      4.575363
      0.058824      0.267166     -1.356158     -0.872949      0.000000        -12.260141          7.340592      0.226750      0.003181      0.169110      4.575363
      0.068627      0.310792     -1.316280     -0.905773      0.000000        -12.381998          7.216086      0.308206      0.005932      0.169110      4.575363
      0.078431      0.353959     -1.274831     -0.943156      0.000000        -12.536761          7.094295      0.401895      0.010181      0.169110      4.575363
      0.088235      0.396571     -1.231584     -0.986082      0.000000        -12.730765          6.975243      0.507674      0.016399      0.169110      4.575363
      0.098039      0.438522     -1.186266     -1.035731      0.000000        -12.971742          6.859146      0.625373      0.025119      0.169110      4.575363
      0.107843      0.479689     -1.138544     -1.093504      0.000000        -13.269075          6.746484      0.754788      0.036939      0.169110      4.575363
      0.117647      0.519933     -1.088019     -1.161019      0.000000        -13.634011          6.638089      0.895679      0.052515      0.169110      4.575363
      0.127451      0.559090     -1.034213     -1.240070      0.000000        -14.079734          6.535285      1.047764      0.072554      0.169110      4.575363
      0.137255      0.596969     -0.976568     -1.332477      0.000000        -14.621075          6.440065      1.210709      0.097806      0.169110      4.575363
      0.147059      0.633343     -0.914450     -1.439740      0.000000        -15.273438          6.355348      1.384124      0.129047      0.169110      4.575363
      0.156863      0.667945     -0.847174     -1.562355      0.000000        -16.050217          6.285305      1.567547      0.167047      0.169110      4.575363
      0.166667      0.700462     -0.774081     -1.698556      0.000000        -16.957510          6.235751      1.760437      0.212530      0.169110      4.575363
      0.176471      0.730531     -0.694675     -1.842320      0.000000        -17.984658          6.214533      1.962156      0.266105      0.169110      4.575363
      0.186275      0.757751     -0.608876     -1.980763      0.000000        -19.089663          6.231738      2.171958      0.328174      0.169110      4.575363
      0.196078      0.781705     -0.517378     -2.091961      0.000000        -20.181740          6.299340      2.388981      0.398811      0.169110      4.575363
      0.205882      0.802009     -0.422056     -2.145832      0.000000        -21.110774          6.429770      2.612249      0.477650      0.169110      4.575363
      0.215686      0.818390     -0.326195     -2.111449      0.000000        -21.682740          6.632985      2.840691      0.563811      0.169110      4.575363
      0.225490      0.830769     -0.234233     -1.970894      0.000000        -21.717131          6.912480      3.073185      0.655953      0.169110      4.575363
      0.235294      0.839311     -0.150867     -1.731847      0.000000        -21.130912          7.262062      3.308621      0.752463      0.169110      4.575363
      0.245098      0.844422     -0.079845     -1.427541      0.000000        -19.992475          7.665797      3.545968      0.851731      0.169110      4.575363
      0.254902      0.846675     -0.023106     -1.102377      0.000000        -18.497742          8.101844      3.784338      0.952393      0.169110      4.575363
      0.264706      0.846708      0.019321     -0.794669      0.000000        -16.886709          8.548100      4.023016      1.053447      0.169110      4.575363
      0.274510      0.845136      0.048803     -0.527701      0.000000        -15.362995          8.986660      4.261463      1.154248      0.169110      4.575363
      0.284314      0.842495      0.067408     -0.310225      0.000000        -14.056525          9.405630      4.499305      1.254429      0.169110      4.575363
      0.294118      0.839222      0.077363     -0.141341      0.000000        -13.026040          9.798760      4.736305      1.353809      0.169110      4.575363
      0.303922      0.835659      0.080730     -0.015380      0.000000        -12.279625         10.164057      4.972334      1.452328      0.169110      4.575363
      0.313725      0.832059      0.079277      0.074841      0.000000        -11.796382         10.502272      5.207349      1.549996      0.169110      4.575363
      0.323529      0.828605      0.074446      0.136316      0.000000        -11.542399         10.815704      5.441366      1.646862      0.169110      4.575363
      0.333333      0.825420      0.067385      0.175168      0.000000        -11.480430         11.107369      5.674445      1.742995      0.169110      4.575363
      0.343137      0.822584      0.058992      0.196482      0.000000        -11.574925         11.380496      5.906674      1.838478      0.169110      4.575363
      0.352941      0.820140      0.049958      0.204383      0.000000        -11.794182         11.638241      6.138159      1.933399      0.169110      4.575363
      0.362745      0.818106      0.040807      0.202184      0.000000        -12.110925         11.883541      6.369012      2.027846      0.169110      4.575363
      0.372549      0.816476      0.031931      0.192540      0.000000        -12.502138         12.119048      6.599349      2.121906      0.169110      4.575363
      0.382353      0.815233      0.023613      0.177588      0.000000        -12.948579         12.347116      6.829282      2.215663      0.169110      4.575363
      0.392157      0.814347      0.016052      0.159050      0.000000        -13.434234         12.569802      7.058916      2.309193      0.169110      4.575363
      0.401961      0.813780      0.009377      0.138317      0.000000        -13.945803         12.788883      7.288346      2.402567      0.169110      4.575363
      0.411765      0.813491      0.003659      0.116512      0.000000        -14.472274         13.005871      7.517657      2.495850      0.169110      4.575363
      0.421569      0.813437     -0.001073      0.094535      0.000000        -15.004581         13.222036      7.746920      2.589097      0.169110      4.575363
      0.431373      0.813573     -0.004830      0.073092      0.000000        -15.535345         13.438419      7.976195      2.682353      0.169110      4.575363
      0.441176      0.813856     -0.007647      0.052726      0.000000        -16.058690         13.655848      8.205531      2.775657      0.169110      4.575363
      0.450980      0.814246     -0.009582      0.033829      0.000000        -16.570103         13.874954      8.434962      2.869037      0.169110      4.575363
      0.460784      0.814704     -0.010708      0.016664      0.000000        -17.066337         14.096181      8.664514      2.962514      0.169110      4.575363
      0.470588      0.815195     -0.011105      0.001375      0.000000        -17.545329         14.319801      8.894200      3.056099      0.169110      4.575363
      0.480392      0.815690     -0.010860     -0.011998      0.000000        -18.006131         14.545927      9.124026      3.149798      0.169110      4.575363
      0.490196      0.816161     -0.010056     -0.023506      0.000000        -18.448843         14.774529      9.353989      3.243610      0.169110      4.575363
      0.500000      0.816585     -0.008777     -0.033281      0.000000        -18.874533         15.005442      9.584078      3.337526      0.169110      4.575363
      0.509804      0.816943     -0.007094     -0.041518      0.000000        -19.285155         15.238389      9.814278      3.431533      0.169110      4.575363
      0.519608      0.817217     -0.005071     -0.048467      0.000000        -19.683455         15.472991     10.044567      3.525614      0.169110      4.575363
      0.529412      0.817393     -0.002761     -0.054415      0.000000        -20.072872         15.708781     10.274920      3.619749      0.169110      4.575363
      0.539216      0.817460     -0.000200     -0.059682      0.000000        -20.457438         15.945218     10.505308      3.713912      0.169110      4.575363
      0.549020      0.817408      0.002588     -0.064603      0.000000        -20.841684         16.181697     10.735698      3.808078      0.169110      4.575363
      0.558824      0.817225      0.005596     -0.069527      0.000000        -21.230545         16.417561     10.966055      3.902215      0.169110      4.575363
      0.568627      0.816902      0.008831     -0.074803      0.000000        -21.629286         16.652104     11.196341      3.996294      0.169110      4.575363
      0.578431      0.816429      0.012317     -0.080783      0.000000        -22.043428         16.884575     11.426515      4.090277      0.169110      4.575363
      0.588235      0.815793      0.016094     -0.087812      0.000000        -22.478699         17.114186     11.656533      4.184130      0.169110      4.575363
      0.598039      0.814980      0.020216     -0.096228      0.000000        -22.940976         17.340102     11.886347      4.277810      0.169110      4.575363
      0.607843      0.813973      0.024753     -0.106362      0.000000        -23.436238         17.561448     12.115906      4.371273      0.169110      4.575363
      0.617647      0.812752      0.029789     -0.118536      0.000000        -23.970511         17.777301     12.345151      4.464470      0.169110      4.575363
      0.627451      0.811292      0.035422     -0.133058      0.000000        -24.549793         17.986692     12.574018      4.557346      0.169110      4.575363
      0.637255      0.809564      0.041765     -0.150226      0.000000        -25.179957         18.188601     12.802437      4.649839      0.169110      4.575363
      0.647059      0.807534      0.048943     -0.170319      0.000000        -25.866611         18.381961     13.030328      4.741877      0.169110      4.575363
      0.656863      0.805161      0.057093     -0.193592      0.000000        -26.614918         18.565664     13.257599      4.833382      0.169110      4.575363
      0.666667      0.802398      0.066362     -0.220271      0.000000        -27.429354         18.738570     13.484147      4.924260      0.169110      4.575363
      0.676471      0.799193      0.076907     -0.250539      0.000000        -28.313426         18.899524     13.709856      5.014407      0.169110      4.575363
      0.686275      0.795484      0.088894     -0.284526      0.000000        -29.269332         19.047383     13.934591      5.103700      0.169110      4.575363
      0.696078      0.791205      0.102490     -0.322296      0.000000        -30.297604         19.181044     14.158203      5.192001      0.169110      4.575363
      0.705882      0.786279      0.117864     -0.363829      0.000000        -31.396747         19.299483     14.380520      5.279152      0.169110      4.575363
      0.715686      0.780627      0.135185     -0.409011      0.000000        -32.562921         19.401797     14.601348      5.364973      0.169110      4.575363
      0.725490      0.774158      0.154609     -0.457622      0.000000        -33.789727         19.487252     14.820469      5.449262      0.169110      4.575363
      0.735294      0.766779      0.176286     -0.509333      0.000000        -35.068119         19.555324     15.037642      5.531793      0.169110      4.575363
      0.745098      0.758391      0.200343     -0.563705      0.000000        -36.386522         19.605736     15.252595      5.612316      0.169110      4.575363
      0.754902      0.748891      0.226889     -0.620201      0.000000        -37.731148         19.638489     15.465030      5.690559      0.169110      4.575363
      0.764706      0.738175      0.256006     -0.678204      0.000000        -39.086537         19.653873     15.674618      5.766232      0.169110      4.575363
      0.774510      0.726140      0.287745     -0.737042      0.000000        -40.436264         19.652462     15.881003      5.839026      0.169110      4.575363
      0.784314      0.712682      0.322130     -0.796020      0.000000        -41.763768         19.635094     16.083798      5.908625      0.169110      4.575363
      0.794118      0.697706      0.359150     -0.854455      0.000000        -43.053194         19.602831     16.282588      5.974709      0.169110      4.575363
      0.803922      0.681122      0.398768     -0.911708      0.000000        -44.290183         19.556909     16.476932      6.036968      0.169110      4.575363
      0.813725      0.662847      0.440916     -0.967210      0.000000        -45.462500         19.498680     16.666366      6.095111      0.169110      4.575363
      0.823529      0.642814      0.485506     -1.020488      0.000000        -46.560464         19.429546     16.850403      6.148877      0.169110      4.575363
      0.833333      0.620966      0.532428     -1.071173      0.000000        -47.577149         19.350907     17.028539      6.198049      0.169110      4.575363
      0.843137      0.597262      0.581561     -1.119010      0.000000        -48.508364         19.264102     17.200256      6.242468      0.169110      4.575363
      0.852941      0.571679      0.632773     -1.163847      0.000000        -49.352454         19.170371     17.365029      6.282042      0.169110      4.575363
      0.862745      0.544208      0.685928     -1.205632      0.000000        -50.109970         19.070823     17.522325      6.316753      0.169110      4.575363
      0.872549      0.514862      0.740889     -1.244397      0.000000        -50.783265         18.966413     17.671614      6.346671      0.169110      4.575363
      0.882353      0.483670      0.797523     -1.280245      0.000000        -51.376061         18.857938     17.812371      6.371946      0.169110      4.575363
      0.892157      0.450680      0.855702     -1.313328      0.000000        -51.893039         18.746028     17.944081      6.392816      0.169110      4.575363
      0.901961      0.415959      0.915307     -1.343843      0.000000        -52.339468         18.631152     18.066249      6.409599      0.169110      4.575363
      0.911765      0.379591      0.976227     -1.372009      0.000000        -52.720897         18.513627     18.178396      6.422680      0.169110      4.575363
      0.921569      0.341678      1.038363     -1.398065      0.000000        -53.042905         18.393626     18.280073      6.432502      0.169110      4.575363
      0.931373      0.302339      1.101624     -1.422256      0.000000        -53.310917         18.271193     18.370860      6.439548      0.169110      4.575363
      0.941176      0.261707      1.165933     -1.444831      0.000000        -53.530074         18.146251     18.450375      6.444319      0.169110      4.575363
      0.950980      0.219930      1.231224     -1.466039      0.000000        -53.705149         18.018620     18.518272      6.447316      0.169110      4.575363
      0.960784      0.177173      1.297439     -1.486123      0.000000        -53.840503         17.888024     18.574253      6.449012      0.169110      4.575363
      0.970588      0.133609      1.364535     -1.505329      0.000000        -53.940071         17.754105     18.618066      6.449837      0.169110      4.575363
      0.980392      0.089426      1.432477     -1.523917      0.000000        -54.007370         17.616436     18.649508      6.450149      0.169110      4.575363
      0.990196      0.044820      1.501247     -1.542328      0.000000        -54.045555         17.474533     18.668434      6.450222      0.169110      4.575363
      1.000000      0.000000      1.570796     -1.553825      0.000000        -54.055222         17.394245     18.674753      6.450227      0.169110      4.575363
