             t             r           psi            cs            qs                 p               sig             A             V            Q2             S
      0.000000      0.000000     -1.570796     -0.754512      0.000000        -18.185490         12.051167      0.000000      0.000000      0.136375      5.544085
      0.009804      0.054338     -1.529567     -0.766719      0.000000        -18.193415         11.928124      0.009280      0.000005      0.136375      5.544085
      0.019608      0.108583     -1.487396     -0.785211      0.000000        -18.223239         11.738745      0.037104      0.000084      0.136375      5.544085
      0.029412      0.162634     -1.444179     -0.805340      0.000000        -18.277812         11.555023      0.083423      0.000426      0.136375      5.544085
      0.039216      0.216383     -1.399808     -0.827753      0.000000        -18.362081         11.375921      0.148154      0.001353      0.136375      5.544085
      0.049020      0.269716     -1.354142     -0.853134      0.000000        -18.482329         11.200508      0.231172      0.003320      0.136375      5.544085
      0.058824      0.322506     -1.306997     -0.882333      0.000000        -18.646624         11.027979      0.332316      0.006911      0.136375      5.544085
      0.068627      0.374614     -1.258137     -0.916429      0.000000        -18.865395         10.857697      0.451376      0.012842      0.136375      5.544085
      0.078431      0.425889     -1.207261     -0.956808      0.000000        -19.152192         10.689256      0.588094      0.021954      0.136375      5.544085
      0.088235      0.476156     -1.153979     -1.005252      0.000000        -19.524677         10.522578      0.742156      0.035208      0.136375      5.544085
      0.098039      0.525218     -1.097795     -1.064054      0.000000        -20.005866         10.358072      0.913185      0.053676      0.136375      5.544085
      0.107843      0.572845     -1.038068     -1.136128      0.000000        -20.625557         10.196892      1.100732      0.078531      0.136375      5.544085
      0.117647      0.618762     -0.973984     -1.225062      0.000000        -21.421633         10.041350      1.304261      0.111022      0.136375      5.544085
      0.127451      0.662639     -0.904515     -1.334968      0.000000        -22.440243          9.895580      1.523133      0.152455      0.136375      5.544085
      0.137255      0.704070     -0.828411     -1.469757      0.000000        -23.732352          9.766577      1.756585      0.204135      0.136375      5.544085
      0.147059      0.742557     -0.744256     -1.631090      0.000000        -25.340846          9.665767      2.003699      0.267291      0.136375      5.544085
      0.156863      0.777489     -0.650705     -1.813663      0.000000        -27.266924          9.611079      2.263369      0.342934      0.136375      5.544085
      0.166667      0.808154     -0.547076     -1.996530      0.000000        -29.400276          9.628951      2.534262      0.431635      0.136375      5.544085
      0.176471      0.833788     -0.434496     -2.132674      0.000000        -31.413869          9.754105      2.814789      0.533203      0.136375      5.544085
      0.186275      0.853737     -0.317395     -2.149933      0.000000        -32.701573         10.022706      3.103115      0.646371      0.136375      5.544085
      0.196078      0.867703     -0.204125     -1.985058      0.000000        -32.553921         10.455398      3.397233      0.768711      0.136375      5.544085
      0.205882      0.875981     -0.104898     -1.641404      0.000000        -30.647822         11.037474      3.695132      0.897072      0.136375      5.544085
      0.215686      0.879465     -0.027429     -1.202587      0.000000        -27.407197         11.716415      3.995007      1.028425      0.136375      5.544085
      0.225490      0.879397      0.026032     -0.773247      0.000000        -23.731729         12.424962      4.295429      1.160545      0.136375      5.544085
      0.235294      0.877027      0.058022     -0.419090      0.000000        -20.415723         13.108955      4.595401      1.292155      0.136375      5.544085
      0.245098      0.873396      0.073297     -0.158270      0.000000        -17.862510         13.738795      4.894322      1.422682      0.136375      5.544085
      0.254902      0.869279      0.076757      0.018362      0.000000        -16.145680         14.305564      5.191902      1.551958      0.136375      5.544085
      0.264706      0.865199      0.072502      0.128674      0.000000        -15.169395         14.812523      5.488070      1.680018      0.136375      5.544085
      0.274510      0.861487      0.063652      0.190105      0.000000        -14.784729         15.268301      5.782901      1.806984      0.136375      5.544085
      0.284314      0.858326      0.052463      0.216825      0.000000        -14.845975         15.682971      6.076554      1.933020      0.136375      5.544085
      0.294118      0.855800      0.040514      0.219588      0.000000        -15.229964         16.066199      6.369236      2.058299      0.136375      5.544085
      0.303922      0.853918      0.028880      0.206377      0.000000        -15.838592         16.426528      6.661165      2.182995      0.136375      5.544085
      0.313725      0.852642      0.018261      0.183108      0.000000        -16.595468         16.771212      6.952556      2.307272      0.136375      5.544085
      0.323529      0.851906      0.009077      0.154196      0.000000        -17.441436         17.106265      7.243606      2.431282      0.136375      5.544085
      0.333333      0.851626      0.001540      0.122947      0.000000        -18.330657         17.436573      7.534485      2.555155      0.136375      5.544085
      0.343137      0.851708     -0.004291      0.091828      0.000000        -19.227676         17.766020      7.825333      2.679004      0.136375      5.544085
      0.352941      0.852062     -0.008477      0.062637      0.000000        -20.105413         18.097594      8.116258      2.802916      0.136375      5.544085
      0.362745      0.852602     -0.011158      0.036622      0.000000        -20.943840         18.433477      8.407338      2.926956      0.136375      5.544085
      0.372549      0.853251     -0.012530      0.014560      0.000000        -21.729116         18.775129      8.698623      3.051169      0.136375      5.544085
      0.382353      0.853945     -0.012820     -0.003170      0.000000        -22.452936         19.123375      8.990139      3.175577      0.136375      5.544085
      0.392157      0.854630     -0.012265     -0.016527      0.000000        -23.111938         19.478485      9.281892      3.300188      0.136375      5.544085
      0.401961      0.855267     -0.011098     -0.025741      0.000000        -23.707051         19.840279      9.573871      3.424994      0.136375      5.544085
      0.411765      0.855829     -0.009534     -0.031242      0.000000        -24.242722         20.208217      9.866056      3.549977      0.136375      5.544085
      0.421569      0.856300     -0.007759     -0.033591      0.000000        -24.726049         20.581511     10.158417      3.675114      0.136375      5.544085
      0.431373      0.856671     -0.005928     -0.033418      0.000000        -25.165871         20.959218     10.450923      3.800375      0.136375      5.544085
      0.441176      0.856945     -0.004160     -0.031363      0.000000        -25.571875         21.340331     10.743538      3.925733      0.136375      5.544085
      0.450980      0.857126     -0.002542     -0.028030      0.000000        -25.953817         21.723856     11.036231      4.051157      0.136375      5.544085
      0.460784      0.857225     -0.001127     -0.023959      0.000000        -26.320889         22.108866     11.328972      4.176623      0.136375      5.544085
      0.470588      0.857253      0.000058     -0.019605      0.000000        -26.681273         22.494543     11.621734      4.302107      0.136375      5.544085
      0.480392      0.857223      0.001006     -0.015333      0.000000        -27.041878         22.880198     11.914495      4.427591      0.136375      5.544085
      0.490196      0.857148      0.001731     -0.011417      0.000000        -27.408248         23.265278     12.207237      4.553058      0.136375      5.544085
      0.500000      0.857039      0.002257     -0.008050      0.000000        -27.784595         23.649362     12.499948      4.678499      0.136375      5.544085
      0.509804      0.856905      0.002618     -0.005358      0.000000        -28.173941         24.032146     12.792617      4.803903      0.136375      5.544085
      0.519608      0.856756      0.002853     -0.003410      0.000000        -28.578312         24.413424     13.085238      4.929266      0.136375      5.544085
      0.529412      0.856597      0.003003     -0.002236      0.000000        -28.998979         24.793064     13.377806      5.054584      0.136375      5.544085
      0.539216      0.856431      0.003110     -0.001839      0.000000        -29.436707         25.170984     13.670319      5.179854      0.136375      5.544085
      0.549020      0.856259      0.003217     -0.002208      0.000000        -29.892002         25.547127     13.962773      5.305074      0.136375      5.544085
      0.558824      0.856080      0.003364     -0.003329      0.000000        -30.365352         25.921439     14.255168      5.430243      0.136375      5.544085
      0.568627      0.855892      0.003592     -0.005197      0.000000        -30.857459         26.293842     14.547500      5.555359      0.136375      5.544085
      0.578431      0.855687      0.003943     -0.007821      0.000000        -31.369451         26.664213     14.839766      5.680417      0.136375      5.544085
      0.588235      0.855460      0.004457     -0.011231      0.000000        -31.903093         27.032364     15.131958      5.805412      0.136375      5.544085
      0.598039      0.855199      0.005179     -0.015490      0.000000        -32.460979         27.398019     15.424066      5.930336      0.136375      5.544085
      0.607843      0.854892      0.006158     -0.020695      0.000000        -33.046732         27.760790     15.716079      6.055177      0.136375      5.544085
      0.617647      0.854524      0.007448     -0.026981      0.000000        -33.665187         28.120157     16.007976      6.179918      0.136375      5.544085
      0.627451      0.854076      0.009114     -0.034532      0.000000        -34.322576         28.475443     16.299735      6.304540      0.136375      5.544085
      0.637255      0.853525      0.011229     -0.043579      0.000000        -35.026690         28.825789     16.591324      6.429014      0.136375      5.544085
      0.647059      0.852846      0.013883     -0.054406      0.000000        -35.787021         29.170127     16.882704      6.553307      0.136375      5.544085
      0.656863      0.852004      0.017182     -0.067350      0.000000        -36.614840         29.507157     17.173824      6.677373      0.136375      5.544085
      0.666667      0.850964      0.021250     -0.082804      0.000000        -37.523194         29.835323     17.464625      6.801159      0.136375      5.544085
      0.676471      0.849678      0.026237     -0.101206      0.000000        -38.526758         30.152789     17.755030      6.924597      0.136375      5.544085
      0.686275      0.848092      0.032314     -0.123036      0.000000        -39.641480         30.457437     18.044946      7.047601      0.136375      5.544085
      0.696078      0.846142      0.039683     -0.148791      0.000000        -40.883956         30.746867     18.334261      7.170068      0.136375      5.544085
      0.705882      0.843752      0.048569     -0.178968      0.000000        -42.270447         31.018426     18.622837      7.291872      0.136375      5.544085
      0.715686      0.840833      0.059226     -0.214020      0.000000        -43.815495         31.269264     18.910509      7.412855      0.136375      5.544085
      0.725490      0.837281      0.071930     -0.254311      0.000000        -45.530150         31.496428     19.197079      7.532830      0.136375      5.544085
      0.735294      0.832978      0.086971     -0.300063      0.000000        -47.419881         31.696998     19.482311      7.651568      0.136375      5.544085
      0.745098      0.827791      0.104648     -0.351292      0.000000        -49.482404         31.868256     19.765927      7.768796      0.136375      5.544085
      0.754902      0.821571      0.125254     -0.407762      0.000000        -51.705779         32.007891     20.047599      7.884190      0.136375      5.544085
      0.764706      0.814154      0.149061     -0.468944      0.000000        -54.067214         32.114206     20.326948      7.997369      0.136375      5.544085
      0.774510      0.805367      0.176302     -0.534008      0.000000        -56.533048         32.186315     20.603535      8.107896      0.136375      5.544085
      0.784314      0.795026      0.207162     -0.601860      0.000000        -59.060215         32.224269     20.876861      8.215273      0.136375      5.544085
      0.794118      0.782945      0.241756     -0.671205      0.000000        -61.599203         32.229120     21.146364      8.318949      0.136375      5.544085
      0.803922      0.768940      0.280129     -0.740651      0.000000        -64.098149         32.202861     21.411417      8.418330      0.136375      5.544085
      0.813725      0.752833      0.322247     -0.808827      0.000000        -66.507382         32.148288     21.671333      8.512795      0.136375      5.544085
      0.823529      0.734461      0.368009     -0.874496      0.000000        -68.783583         32.068772     21.925366      8.601716      0.136375      5.544085
      0.833333      0.713680      0.417248     -0.936643      0.000000        -70.892853         31.967998     22.172717      8.684490      0.136375      5.544085
      0.843137      0.690373      0.469752     -0.994528      0.000000        -72.812276         31.849696     22.412543      8.760570      0.136375      5.544085
      0.852941      0.664448      0.525275     -1.047698      0.000000        -74.529963         31.717423     22.643964      8.829495      0.136375      5.544085
      0.862745      0.635847      0.583555     -1.095969      0.000000        -76.043881         31.574380     22.866076      8.890930      0.136375      5.544085
      0.872549      0.604548      0.644327     -1.139381      0.000000        -77.359916         31.423313     23.077960      8.944685      0.136375      5.544085
      0.882353      0.570560      0.707331     -1.178150      0.000000        -78.489667         31.266456     23.278694      8.990745      0.136375      5.544085
      0.892157      0.533930      0.772322     -1.212607      0.000000        -79.448313         31.105534     23.467368      9.029277      0.136375      5.544085
      0.901961      0.494736      0.839079     -1.243157      0.000000        -80.252816         30.941785     23.643092      9.060630      0.136375      5.544085
      0.911765      0.453091      0.907400     -1.270238      0.000000        -80.920525         30.776008     23.805009      9.085330      0.136375      5.544085
      0.921569      0.409138      0.977109     -1.294292      0.000000        -81.468206         30.608618     23.952304      9.104051      0.136375      5.544085
      0.931373      0.363047      1.048052     -1.315748      0.000000        -81.911424         30.439699     24.084218      9.117592      0.136375      5.544085
      0.941176      0.315018      1.120101     -1.335014      0.000000        -82.264211         30.269051     24.200055      9.126824      0.136375      5.544085
      0.950980      0.265272      1.193146     -1.352467      0.000000        -82.538944         30.096239     24.299190      9.132656      0.136375      5.544085
      0.960784      0.214055      1.267098     -1.368454      0.000000        -82.746351         29.920625     24.381077      9.135973      0.136375      5.544085
      0.970588      0.161631      1.341886     -1.383297      0.000000        -82.895610         29.741401     24.445258      9.137591      0.136375      5.544085
      0.980392      0.108280      1.417457     -1.397299      0.000000        -82.994503         29.557621     24.491370      9.138205      0.136375      5.544085
      0.990196      0.054300      1.493774     -1.410820      0.000000        -83.049616         29.368226     24.519145      9.138349      0.136375      5.544085
      1.000000      0.000000      1.570796     -1.420139      0.000000        -83.064469         29.245182     24.528422      9.138359      0.136375      5.544085
