             t             r           psi            cs            qs                 p               sig             A             V            Q2             S
      0.000000      0.000000     -1.570796      0.991186      0.000000      -4796.807466       2419.731321      0.000000     -0.000000     -0.030877      8.979625
      0.009804      0.087924     -1.483530      0.991392      0.000000      -4796.844105       2419.398318      0.024333      0.000047     -0.030877      8.979625
      0.019608      0.175178     -1.396240      0.991663      0.000000      -4796.976760       2418.978333      0.097146      0.000741     -0.030877      8.979625
      0.029412      0.261099     -1.308925      0.991973      0.000000      -4797.235735       2418.563216      0.217884      0.003703     -0.030877      8.979625
      0.039216      0.345030     -1.221580      0.992346      0.000000      -4797.668602       2418.143743      0.385629      0.011498     -0.030877      8.979625
      0.049020      0.426332     -1.134199      0.992814      0.000000      -4798.348272       2417.709922      0.599102      0.027440     -0.030877      8.979625
      0.058824      0.504382     -1.046770      0.993428      0.000000      -4799.389490       2417.250403      0.856675      0.055335     -0.030877      8.979625
      0.068627      0.578581     -0.959278      0.994268      0.000000      -4800.978580       2416.751557      1.156383      0.099188     -0.030877      8.979625
      0.078431      0.648359     -0.871698      0.995465      0.000000      -4803.429830       2416.196044      1.495937      0.162884     -0.030877      8.979625
      0.088235      0.713175     -0.783989      0.997250      0.000000      -4807.298571       2415.560538      1.872739      0.249869     -0.030877      8.979625
      0.098039      0.772521     -0.696082      1.000054      0.000000      -4813.623542       2414.811952      2.283904      0.362856     -0.030877      8.979625
      0.107843      0.825922     -0.607854      1.004738      0.000000      -4824.489997       2413.900931      2.726273      0.503572     -0.030877      8.979625
      0.117647      0.872932     -0.519068      1.013191      0.000000      -4844.474264       2412.750382      3.196433      0.672564     -0.030877      8.979625
      0.127451      0.913123     -0.429220      1.030060      0.000000      -4884.831941       2411.235800      3.690729      0.869078     -0.030877      8.979625
      0.137255      0.946046     -0.337094      1.068543      0.000000      -4977.532039       2409.162897      4.205270      1.091009     -0.030877      8.979625
      0.147059      0.971119     -0.239259      1.172037      0.000000      -5227.715785       2406.376560      4.735884      1.334909     -0.030877      8.979625
      0.156863      0.987254     -0.125584      1.439242      0.000000      -5877.608504       2404.741356      5.277967      1.595908     -0.030877      8.979625
      0.166667      0.992721     -0.005755      0.938716      0.000000      -4707.411865       2418.980630      5.826070      1.866770     -0.030877      8.979625
      0.176471      0.991301      0.022992     -0.073211      0.000000      -2281.774456       2439.623422      6.374904      2.139003     -0.030877      8.979625
      0.186275      0.989833      0.009114     -0.170761      0.000000      -2056.635177       2449.925917      6.922771      2.410283     -0.030877      8.979625
      0.196078      0.989580     -0.001855     -0.071611      0.000000      -2307.064116       2457.153960      7.470176      2.681144     -0.030877      8.979625
      0.205882      0.989895     -0.004094      0.011162      0.000000      -2517.328571       2464.679856      8.017634      2.952058     -0.030877      8.979625
      0.215686      0.990168     -0.001828      0.030588      0.000000      -2573.497525       2473.290173      8.565273      3.223151     -0.030877      8.979625
      0.225490      0.990228      0.000219      0.013686      0.000000      -2540.964361       2482.489174      9.113004      3.494336     -0.030877      8.979625
      0.235294      0.990179      0.000663     -0.001636      0.000000      -2512.300942       2491.663151      9.660730      3.765517     -0.030877      8.979625
      0.245098      0.990134      0.000299     -0.004941      0.000000      -2513.204104       2500.644161     10.208427      4.036669     -0.030877      8.979625
      0.254902      0.990124     -0.000033     -0.002259      0.000000      -2528.888277       2509.527786     10.756110      4.307807     -0.030877      8.979625
      0.264706      0.990132     -0.000109      0.000226      0.000000      -2544.082612       2518.414653     11.303793      4.578945     -0.030877      8.979625
      0.274510      0.990140     -0.000051      0.000812      0.000000      -2554.552240       2527.332739     11.851480      4.850088     -0.030877      8.979625
      0.284314      0.990142      0.000004      0.000388      0.000000      -2562.504301       2536.267433     12.399171      5.121233     -0.030877      8.979625
      0.294118      0.990140      0.000018     -0.000027      0.000000      -2570.477657       2545.201986     12.946861      5.392378     -0.030877      8.979625
      0.303922      0.990139      0.000009     -0.000133      0.000000      -2579.228483       2554.131414     13.494550      5.663523     -0.030877      8.979625
      0.313725      0.990139     -0.000000     -0.000067      0.000000      -2588.412394       2563.057985     14.042239      5.934667     -0.030877      8.979625
      0.323529      0.990139     -0.000003      0.000002      0.000000      -2597.605352       2571.984496     14.589928      6.205811     -0.030877      8.979625
      0.333333      0.990139     -0.000002      0.000022      0.000000      -2606.671370       2580.911845     15.137617      6.476955     -0.030877      8.979625
      0.343137      0.990139      0.000000      0.000012      0.000000      -2615.662193       2589.839689     15.685307      6.748099     -0.030877      8.979625
      0.352941      0.990139      0.000000      0.000000      0.000000      -2624.648841       2598.767561     16.232996      7.019244     -0.030877      8.979625
      0.362745      0.990139      0.000000     -0.000004      0.000000      -2633.656126       2607.695297     16.780685      7.290388     -0.030877      8.979625
      0.372549      0.990139      0.000000     -0.000002      0.000000      -2642.676559       2616.622946     17.328374      7.561532     -0.030877      8.979625
      0.382353      0.990139     -0.000000     -0.000000      0.000000      -2651.698232       2625.550588     17.876063      7.832677     -0.030877      8.979625
      0.392157      0.990139     -0.000000      0.000001      0.000000      -2660.716580       2634.478251     18.423753      8.103821     -0.030877      8.979625
      0.401961      0.990139     -0.000000      0.000000      0.000000      -2669.732617       2643.405929     18.971442      8.374965     -0.030877      8.979625
      0.411765      0.990139      0.000000      0.000000      0.000000      -2678.748339       2652.333609     19.519131      8.646109     -0.030877      8.979625
      0.421569      0.990139      0.000000     -0.000000      0.000000      -2687.764590       2661.261286     20.066820      8.917254     -0.030877      8.979625
      0.431373      0.990139      0.000000     -0.000000      0.000000      -2696.781247       2670.188960     20.614509      9.188398     -0.030877      8.979625
      0.441176      0.990139     -0.000000     -0.000000      0.000000      -2705.797979       2679.116634     21.162198      9.459542     -0.030877      8.979625
      0.450980      0.990139     -0.000000      0.000000      0.000000      -2714.814628       2688.044308     21.709888      9.730686     -0.030877      8.979625
      0.460784      0.990139     -0.000000      0.000000      0.000000      -2723.831205       2696.971983     22.257577     10.001831     -0.030877      8.979625
      0.470588      0.990139      0.000000      0.000000      0.000000      -2732.847766       2705.899658     22.805266     10.272975     -0.030877      8.979625
      0.480392      0.990139      0.000000     -0.000000      0.000000      -2741.864340       2714.827332     23.352955     10.544119     -0.030877      8.979625
      0.490196      0.990139      0.000000     -0.000000      0.000000      -2750.880926       2723.755007     23.900644     10.815263     -0.030877      8.979625
      0.500000      0.990139     -0.000000     -0.000000      0.000000      -2759.897515       2732.682682     24.448334     11.086408     -0.030877      8.979625
      0.509804      0.990139     -0.000000      0.000000      0.000000      -2768.914103       2741.610356     24.996023     11.357552     -0.030877      8.979625
      0.519608      0.990139     -0.000000      0.000000      0.000000      -2777.930689       2750.538031     25.543712     11.628696     -0.030877      8.979625
      0.529412      0.990139      0.000000      0.000000      0.000000      -2786.947274       2759.465705     26.091401     11.899840     -0.030877      8.979625
      0.539216      0.990139      0.000000     -0.000000      0.000000      -2795.963859       2768.393380     26.639090     12.170985     -0.030877      8.979625
      0.549020      0.990139      0.000000     -0.000000      0.000000      -2804.980444       2777.321055     27.186780     12.442129     -0.030877      8.979625
      0.558824      0.990139     -0.000000     -0.000000      0.000000      -2813.997030       2786.248729     27.734469     12.713273     -0.030877      8.979625
      0.568627      0.990139     -0.000000      0.000000      0.000000      -2823.013615       2795.176404     28.282158     12.984418     -0.030877      8.979625
      0.578431      0.990139     -0.000000      0.000000      0.000000      -2832.030201       2804.104079     28.829847     13.255562     -0.030877      8.979625
      0.588235      0.990139      0.000000      0.000000      0.000000      -2841.046786       2813.031753     29.377536     13.526706     -0.030877      8.979625
      0.598039      0.990139      0.000000      0.000000      0.000000      -2850.063372       2821.959428     29.925225     13.797850     -0.030877      8.979625
      0.607843      0.990139      0.000000      0.000000      0.000000      -2859.079957       2830.887103     30.472915     14.068995     -0.030877      8.979625
      0.617647      0.990139      0.000000      0.000000      0.000000      -2868.096543       2839.814777     31.020604     14.340139     -0.030877      8.979625
      0.627451      0.990139      0.000000      0.000000      0.000000      -2877.113129       2848.742452     31.568293     14.611283     -0.030877      8.979625
      0.637255      0.990139      0.000000      0.000000      0.000000      -2886.129715       2857.670126     32.115982     14.882427     -0.030877      8.979625
      0.647059      0.990139      0.000000      0.000000      0.000000      -2895.146302       2866.597801     32.663671     15.153572     -0.030877      8.979625
      0.656863      0.990139      0.000000      0.000000      0.000000      -2904.162894       2875.525476     33.211361     15.424716     -0.030877      8.979625
      0.666667      0.990139      0.000000      0.000000      0.000000      -2913.179499       2884.453150     33.759050     15.695860     -0.030877      8.979625
      0.676471      0.990139      0.000000      0.000000      0.000000      -2922.196145       2893.380824     34.306739     15.967004     -0.030877      8.979625
      0.686275      0.990139      0.000000      0.000000      0.000000      -2931.212918       2902.308498     34.854428     16.238149     -0.030877      8.979625
      0.696078      0.990139      0.000000      0.000000      0.000000      -2940.230089       2911.236169     35.402117     16.509293     -0.030877      8.979625
      0.705882      0.990139      0.000000      0.000001      0.000000      -2949.248496       2920.163831     35.949807     16.780437     -0.030877      8.979625
      0.715686      0.990139      0.000000      0.000003      0.000000      -2958.270741       2929.091469     36.497496     17.051581     -0.030877      8.979625
      0.725490      0.990139      0.000001      0.000009      0.000000      -2967.304895       2938.019027     37.045185     17.322726     -0.030877      8.979625
      0.735294      0.990139      0.000002      0.000027      0.000000      -2976.375944       2946.946343     37.592874     17.593870     -0.030877      8.979625
      0.745098      0.990139      0.000007      0.000084      0.000000      -2985.561179       2955.872905     38.140563     17.865014     -0.030877      8.979625
      0.754902      0.990138      0.000020      0.000260      0.000000      -2995.099307       2964.797139     38.688252     18.136158     -0.030877      8.979625
      0.764706      0.990134      0.000063      0.000801      0.000000      -3005.726084       2973.714189     39.235939     18.407300     -0.030877      8.979625
      0.774510      0.990124      0.000193      0.002461      0.000000      -3019.700416       2982.609122     39.783623     18.678440     -0.030877      8.979625
      0.784314      0.990093      0.000592      0.007529      0.000000      -3043.890684       2991.436324     40.331297     18.949569     -0.030877      8.979625
      0.794118      0.989997      0.001806      0.022749      0.000000      -3098.616170       3000.058896     40.878939     19.220666     -0.030877      8.979625
      0.803922      0.989707      0.005411      0.066477      0.000000      -3239.293963       3008.086428     41.426484     19.491665     -0.030877      8.979625
      0.813725      0.988859      0.015484      0.177802      0.000000      -3584.150419       3014.557130     41.973739     19.762367     -0.030877      8.979625
      0.823529      0.986562      0.039848      0.392103      0.000000      -4239.879546       3017.882804     42.520183     20.032182     -0.030877      8.979625
      0.833333      0.981200      0.085871      0.649502      0.000000      -5023.627540       3017.363343     43.064598     20.299573     -0.030877      8.979625
      0.843137      0.970877      0.151956      0.835025      0.000000      -5586.643021       3014.669449     43.604754     20.561448     -0.030877      8.979625
      0.852941      0.954221      0.230234      0.931491      0.000000      -5878.433601       3011.780329     44.137494     20.813310     -0.030877      8.979625
      0.862745      0.930574      0.314481      0.976795      0.000000      -6014.923851       3009.421275     44.659105     21.050169     -0.030877      8.979625
      0.872549      0.899748      0.401543      0.998556      0.000000      -6080.117458       3007.614417     45.165651     21.267405     -0.030877      8.979625
      0.882353      0.861810      0.489993      1.009701      0.000000      -6113.214437       3006.226767     45.653173     21.461286     -0.030877      8.979625
      0.892157      0.816976      0.579178      1.015819      0.000000      -6131.145211       3005.135769     46.117789     21.629258     -0.030877      8.979625
      0.901961      0.765559      0.668776      1.019399      0.000000      -6141.434206       3004.253080     46.555769     21.770083     -0.030877      8.979625
      0.911765      0.707948      0.758625      1.021616      0.000000      -6147.624565       3003.518107     46.963575     21.883858     -0.030877      8.979625
      0.921569      0.644595      0.848631      1.023057      0.000000      -6151.490532       3002.889118     47.337903     21.971936     -0.030877      8.979625
      0.931373      0.576005      0.938742      1.024036      0.000000      -6153.972731       3002.336648     47.675716     22.036749     -0.030877      8.979625
      0.941176      0.502729      1.028926      1.024729      0.000000      -6155.595668       3001.839148     47.974266     22.081561     -0.030877      8.979625
      0.950980      0.425360      1.119162      1.025238      0.000000      -6156.664920       3001.380170     48.231124     22.110170     -0.030877      8.979625
      0.960784      0.344526      1.209437      1.025628      0.000000      -6157.365350       3000.946529     48.444198     22.126570     -0.030877      8.979625
      0.970588      0.260884      1.299743      1.025938      0.000000      -6157.812435       3000.527097     48.611751     22.134609     -0.030877      8.979625
      0.980392      0.175114      1.390074      1.026197      0.000000      -6158.080285       3000.111981     48.732418     22.137669     -0.030877      8.979625
      0.990196      0.087916      1.480425      1.026423      0.000000      -6158.217599       2999.691994     48.805214     22.138387     -0.030877      8.979625
      1.000000     -0.000000      1.570796      1.026595      0.000000      -6158.255542       2999.358990     48.829546     22.138436     -0.030877      8.979625
