             t             r           psi            cs            qs                 p               sig             A             V            Q2             S
      0.000000     -0.000000     -1.570796      0.821914      0.000000        -18.807228         11.441111      0.000000      0.000000     -0.504959      4.376283
      0.009804      0.042896     -1.535426      0.830843      0.000000        -18.811859         11.365000      0.005782      0.000002     -0.504959      4.376283
      0.019608      0.085737     -1.499452      0.846129      0.000000        -18.830766         11.225144      0.023123      0.000035     -0.504959      4.376283
      0.029412      0.128468     -1.462808      0.862211      0.000000        -18.864596         11.089193      0.051998      0.000179     -0.504959      4.376283
      0.039216      0.171026     -1.425448      0.879519      0.000000        -18.915513         10.956706      0.092371      0.000569     -0.504959      4.376283
      0.049020      0.213350     -1.387315      0.898356      0.000000        -18.986077         10.827287      0.144187      0.001394     -0.504959      4.376283
      0.058824      0.255372     -1.348334      0.919058      0.000000        -19.079360         10.700595      0.207374      0.002898     -0.504959      4.376283
      0.068627      0.297021     -1.308419      0.942016      0.000000        -19.199049         10.576353      0.281840      0.005381     -0.504959      4.376283
      0.078431      0.338219     -1.267462      0.967693      0.000000        -19.349590         10.454367      0.367474      0.009192     -0.504959      4.376283
      0.088235      0.378884     -1.225335      0.996633      0.000000        -19.536335         10.334542      0.464145      0.014734     -0.504959      4.376283
      0.098039      0.418927     -1.181885      1.029484      0.000000        -19.765723         10.216917      0.571696      0.022454     -0.504959      4.376283
      0.107843      0.458251     -1.136929      1.067002      0.000000        -20.045471         10.101701      0.689948      0.032844     -0.504959      4.376283
      0.117647      0.496749     -1.090247      1.110070      0.000000        -20.384762          9.989328      0.818691      0.046434     -0.504959      4.376283
      0.127451      0.534300     -1.041581      1.159688      0.000000        -20.794384          9.880537      0.957688      0.063786     -0.504959      4.376283
      0.137255      0.570773     -0.990625      1.216948      0.000000        -21.286735          9.776476      1.106666      0.085485     -0.504959      4.376283
      0.147059      0.606015     -0.937030      1.282961      0.000000        -21.875528          9.678846      1.265314      0.112128     -0.504959      4.376283
      0.156863      0.639858     -0.880396      1.358687      0.000000        -22.574902          9.590097      1.433277      0.144310     -0.504959      4.376283
      0.166667      0.672105     -0.820295      1.444616      0.000000        -23.397436          9.513679      1.610154      0.182601     -0.504959      4.376283
      0.176471      0.702536     -0.756295      1.540197      0.000000        -24.350290          9.454349      1.795484      0.227522     -0.504959      4.376283
      0.186275      0.730902     -0.688028      1.642927      0.000000        -25.428450          9.418504      1.988745      0.279505     -0.504959      4.376283
      0.196078      0.756932     -0.615295      1.747048      0.000000        -26.604142          9.414458      2.189345      0.338841     -0.504959      4.376283
      0.205882      0.780335     -0.538242      1.842069      0.000000        -27.812727          9.452456      2.396614      0.405623     -0.504959      4.376283
      0.215686      0.800830     -0.457586      1.911883      0.000000        -28.938969          9.544126      2.609807      0.479675     -0.504959      4.376283
      0.225490      0.818174     -0.374839      1.935929      0.000000        -29.813914          9.700951      2.828104      0.560503     -0.504959      4.376283
      0.235294      0.832214     -0.292412      1.894005      0.000000        -30.237804          9.931581      3.050633      0.647274     -0.504959      4.376283
      0.245098      0.842930     -0.213434      1.774401      0.000000        -30.037847         10.238475      3.276499      0.738875     -0.504959      4.376283
      0.254902      0.850467     -0.141212      1.581256      0.000000        -29.143116         10.615345      3.504819      0.834041     -0.504959      4.376283
      0.264706      0.855133     -0.078507      1.335319      0.000000        -27.630322         11.047157      3.734776      0.931523     -0.504959      4.376283
      0.274510      0.857353     -0.026955      1.066519      0.000000        -25.703030         11.513237      3.965650      1.030243     -0.504959      4.376283
      0.284314      0.857610      0.013097      0.803446      0.000000        -23.616834         11.992032      4.196847      1.129375     -0.504959      4.376283
      0.294118      0.856384      0.042363      0.566220      0.000000        -21.600642         12.465222      4.427903      1.228350     -0.504959      4.376283
      0.303922      0.854111      0.062202      0.364974      0.000000        -19.812734         12.919793      4.658478      1.326818     -0.504959      4.376283
      0.313725      0.851162      0.074231      0.202007      0.000000        -18.335503         13.348150      4.888342      1.424586     -0.504959      4.376283
      0.323529      0.847836      0.080050      0.074907      0.000000        -17.192172         13.747094      5.117354      1.521568     -0.504959      4.376283
      0.333333      0.844368      0.081106     -0.020884      0.000000        -16.368634         14.116481      5.345446      1.617747     -0.504959      4.376283
      0.343137      0.840934      0.078633     -0.090478      0.000000        -15.831573         14.458039      5.572604      1.713147     -0.504959      4.376283
      0.352941      0.837663      0.073648     -0.138710      0.000000        -15.540561         14.774487      5.798856      1.807815     -0.504959      4.376283
      0.362745      0.834644      0.066975     -0.169810      0.000000        -15.455009         15.068949      6.024258      1.901814     -0.504959      4.376283
      0.372549      0.831935      0.059270     -0.187331      0.000000        -15.537584         15.344609      6.248888      1.995215     -0.504959      4.376283
      0.382353      0.829568      0.051052     -0.194198      0.000000        -15.755527         15.604510      6.472833      2.088091     -0.504959      4.376283
      0.392157      0.827558      0.042724     -0.192803      0.000000        -16.080831         15.851460      6.696187      2.180517     -0.504959      4.376283
      0.401961      0.825900      0.034598     -0.185093      0.000000        -16.489894         16.087988      6.919048      2.272568     -0.504959      4.376283
      0.411765      0.824583      0.026909     -0.172664      0.000000        -16.962974         16.316344      7.141508      2.364313     -0.504959      4.376283
      0.421569      0.823583      0.019830     -0.156822      0.000000        -17.483607         16.538500      7.363656      2.455819     -0.504959      4.376283
      0.431373      0.822871      0.013485     -0.138642      0.000000        -18.038094         16.756170      7.585574      2.547148     -0.504959      4.376283
      0.441176      0.822414      0.007954     -0.119008      0.000000        -18.615060         16.970827      7.807335      2.638356     -0.504959      4.376283
      0.450980      0.822176      0.003284     -0.098643      0.000000        -19.205117         17.183715      8.029004      2.729491     -0.504959      4.376283
      0.460784      0.822120     -0.000508     -0.078132      0.000000        -19.800601         17.395866      8.250633      2.820596     -0.504959      4.376283
      0.470588      0.822207     -0.003425     -0.057937      0.000000        -20.395383         17.608113      8.472268      2.911704     -0.504959      4.376283
      0.480392      0.822401     -0.005489     -0.038410      0.000000        -20.984745         17.821096      8.693942      3.002844     -0.504959      4.376283
      0.490196      0.822667     -0.006734     -0.019803      0.000000        -21.565293         18.035272      8.915678      3.094034     -0.504959      4.376283
      0.500000      0.822968     -0.007204     -0.002272      0.000000        -22.134899         18.250924      9.137491      3.185288     -0.504959      4.376283
      0.509804      0.823274     -0.006946      0.014112      0.000000        -22.692664         18.468166      9.359387      3.276609     -0.504959      4.376283
      0.519608      0.823555     -0.006009      0.029363      0.000000        -23.238891         18.686949      9.581363      3.367997     -0.504959      4.376283
      0.529412      0.823781     -0.004441      0.043565      0.000000        -23.775045         18.907073      9.803407      3.459442     -0.504959      4.376283
      0.539216      0.823927     -0.002284      0.056874      0.000000        -24.303715         19.128189     10.025503      3.550929     -0.504959      4.376283
      0.549020      0.823969      0.000429      0.069504      0.000000        -24.828553         19.349813     10.247624      3.642438     -0.504959      4.376283
      0.558824      0.823883      0.003674      0.081720      0.000000        -25.354203         19.571329     10.469740      3.733943     -0.504959      4.376283
      0.568627      0.823646      0.007440      0.093832      0.000000        -25.886204         19.792003     10.691812      3.825411     -0.504959      4.376283
      0.578431      0.823237      0.011730      0.106184      0.000000        -26.430876         20.010992     10.913799      3.916804     -0.504959      4.376283
      0.588235      0.822632      0.016560      0.119145      0.000000        -26.995185         20.227349     11.135649      4.008081     -0.504959      4.376283
      0.598039      0.821808      0.021967      0.133099      0.000000        -27.586585         20.440039     11.357307      4.099192     -0.504959      4.376283
      0.607843      0.820738      0.028001      0.148437      0.000000        -28.212833         20.647943     11.578710      4.190082     -0.504959      4.376283
      0.617647      0.819395      0.034730      0.165549      0.000000        -28.881775         20.849874     11.799789      4.280690     -0.504959      4.376283
      0.627451      0.817747      0.042238      0.184809      0.000000        -29.601107         21.044587     12.020465      4.370946     -0.504959      4.376283
      0.637255      0.815759      0.050624      0.206569      0.000000        -30.378087         21.230794     12.240652      4.460772     -0.504959      4.376283
      0.647059      0.813391      0.060004      0.231144      0.000000        -31.219223         21.407184     12.460253      4.550080     -0.504959      4.376283
      0.656863      0.810598      0.070503      0.258803      0.000000        -32.129917         21.572446     12.679159      4.638770     -0.504959      4.376283
      0.666667      0.807329      0.082259      0.289754      0.000000        -33.114086         21.725291     12.897250      4.726732     -0.504959      4.376283
      0.676471      0.803527      0.095415      0.324128      0.000000        -34.173772         21.864492     13.114388      4.813837     -0.504959      4.376283
      0.686275      0.799132      0.110122      0.361975      0.000000        -35.308774         21.988917     13.330424      4.899944     -0.504959      4.376283
      0.696078      0.794073      0.126525      0.403241      0.000000        -36.516329         22.097569     13.545186      4.984894     -0.504959      4.376283
      0.705882      0.788278      0.144770      0.447771      0.000000        -37.790902         22.189628     13.758487      5.068506     -0.504959      4.376283
      0.715686      0.781667      0.164991      0.495298      0.000000        -39.124105         22.264489     13.970118      5.150583     -0.504959      4.376283
      0.725490      0.774156      0.187309      0.545449      0.000000        -40.504814         22.321801     14.179847      5.230906     -0.504959      4.376283
      0.735294      0.765658      0.211827      0.597755      0.000000        -41.919478         22.361486     14.387421      5.309238     -0.504959      4.376283
      0.745098      0.756085      0.238625      0.651665      0.000000        -43.352642         22.383751     14.592561      5.385322     -0.504959      4.376283
      0.754902      0.745346      0.267760      0.706572      0.000000        -44.787639         22.389089     14.794964      5.458887     -0.504959      4.376283
      0.764706      0.733353      0.299261      0.761840      0.000000        -46.207401         22.378258     14.994306      5.529651     -0.504959      4.376283
      0.774510      0.720020      0.333129      0.816834      0.000000        -47.595310         22.352245     15.190236      5.597328     -0.504959      4.376283
      0.784314      0.705267      0.369340      0.870950      0.000000        -48.935999         22.312220     15.382382      5.661631     -0.504959      4.376283
      0.794118      0.689020      0.407845      0.923642      0.000000        -50.216026         22.259486     15.570351      5.722285     -0.504959      4.376283
      0.803922      0.671212      0.448571      0.974442      0.000000        -51.424368         22.195417     15.753732      5.779035     -0.504959      4.376283
      0.813725      0.651789      0.491429      1.022973      0.000000        -52.552696         22.121402     15.932095      5.831652     -0.504959      4.376283
      0.823529      0.630707      0.536315      1.068957      0.000000        -53.595435         22.038796     16.104999      5.879952     -0.504959      4.376283
      0.833333      0.607935      0.583116      1.112212      0.000000        -54.549637         21.948876     16.271993      5.923795     -0.504959      4.376283
      0.843137      0.583455      0.631713      1.152646      0.000000        -55.414712         21.852808     16.432618      5.963104     -0.504959      4.376283
      0.852941      0.557263      0.681984      1.190249      0.000000        -56.192060         21.751625     16.586413      5.997862     -0.504959      4.376283
      0.862745      0.529372      0.733808      1.225077      0.000000        -56.884669         21.646214     16.732917      6.028124     -0.504959      4.376283
      0.872549      0.499808      0.787069      1.257240      0.000000        -57.496697         21.537308     16.871677      6.054018     -0.504959      4.376283
      0.882353      0.468611      0.841655      1.286888      0.000000        -58.033100         21.425491     17.002245      6.075740     -0.504959      4.376283
      0.892157      0.435836      0.897462      1.314200      0.000000        -58.499294         21.311198     17.124190      6.093556     -0.504959      4.376283
      0.901961      0.401555      0.954395      1.339374      0.000000        -58.900883         21.194730     17.237094      6.107791     -0.504959      4.376283
      0.911765      0.365849      1.012366      1.362617      0.000000        -59.243444         21.076260     17.340563      6.118818     -0.504959      4.376283
      0.921569      0.328815      1.071296      1.384142      0.000000        -59.532371         20.955846     17.434225      6.127051     -0.504959      4.376283
      0.931373      0.290562      1.131117      1.404158      0.000000        -59.772757         20.833440     17.517736      6.132926     -0.504959      4.376283
      0.941176      0.251209      1.191767      1.422873      0.000000        -59.969334         20.708902     17.590784      6.136886     -0.504959      4.376283
      0.950980      0.210888      1.253197      1.440491      0.000000        -60.126427         20.582010     17.653090      6.139362     -0.504959      4.376283
      0.960784      0.169740      1.315362      1.457208      0.000000        -60.247947         20.452466     17.704411      6.140758     -0.504959      4.376283
      0.970588      0.127914      1.378229      1.473219      0.000000        -60.337397         20.319912     17.744545      6.141435     -0.504959      4.376283
      0.980392      0.085570      1.441771      1.488734      0.000000        -60.397899         20.183932     17.773331      6.141690     -0.504959      4.376283
      0.990196      0.042875      1.505974      1.504129      0.000000        -60.432249         20.044069     17.790650      6.141750     -0.504959      4.376283
      1.000000     -0.000000      1.570796      1.513444      0.000000        -60.440753         19.967957     17.796431      6.141754     -0.504959      4.376283
