             t             r           psi            cs            qs                 p               sig             A             V            Q2             S
      0.000000      0.000000     -1.570796     -0.934986      0.000000       -155.713182         83.270287      0.000000      0.000000      0.066102      6.259124
      0.009804      0.061330     -1.513355     -0.938086      0.000000       -155.727467         83.091902      0.011827      0.000010      0.066102      6.259124
      0.019608      0.122458     -1.455657     -0.942488      0.000000       -155.780018         82.832926      0.047267      0.000166      0.066102      6.259124
      0.029412      0.183177     -1.397679     -0.947223      0.000000       -155.877060         82.579765      0.106204      0.000839      0.066102      6.259124
      0.039216      0.243282     -1.339396     -0.952461      0.000000       -156.028548         82.330099      0.188440      0.002635      0.066102      6.259124
      0.049020      0.302564     -1.280771     -0.958387      0.000000       -156.247556         82.081633      0.293698      0.006382      0.066102      6.259124
      0.058824      0.360814     -1.221756     -0.965236      0.000000       -156.551480         81.832087      0.421621      0.013098      0.066102      6.259124
      0.068627      0.417821     -1.162285     -0.973314      0.000000       -156.963705         81.579181      0.571770      0.023965      0.066102      6.259124
      0.078431      0.473372     -1.102270     -0.983027      0.000000       -157.516012         81.320633      0.743625      0.040288      0.066102      6.259124
      0.088235      0.527251     -1.041595     -0.994921      0.000000       -158.252099         81.054171      0.936583      0.063450      0.066102      6.259124
      0.098039      0.579238     -0.980105     -1.009753      0.000000       -159.232785         80.777585      1.149957      0.094872      0.066102      6.259124
      0.107843      0.629106     -0.917589     -1.028577      0.000000       -160.543780         80.488854      1.382974      0.135956      0.066102      6.259124
      0.117647      0.676620     -0.853758     -1.052891      0.000000       -162.307215         80.186434      1.634772      0.188039      0.066102      6.259124
      0.127451      0.721526     -0.788215     -1.084832      0.000000       -164.698441         79.869875      1.904395      0.252334      0.066102      6.259124
      0.137255      0.763548     -0.720401     -1.127452      0.000000       -167.968972         79.541076      2.190786      0.329883      0.066102      6.259124
      0.147059      0.802376     -0.649541     -1.184985      0.000000       -172.472127         79.206877      2.492774      0.421493      0.066102      6.259124
      0.156863      0.837644     -0.574555     -1.262831      0.000000       -178.670467         78.884343      2.809059      0.527674      0.066102      6.259124
      0.166667      0.868912     -0.494032     -1.366115      0.000000       -187.045155         78.611283      3.138187      0.648551      0.066102      6.259124
      0.176471      0.895643     -0.406387     -1.493513      0.000000       -197.662196         78.465557      3.478514      0.783738      0.066102      6.259124
      0.186275      0.917206     -0.310728     -1.619440      0.000000       -208.858906         78.592372      3.828173      0.932139      0.066102      6.259124
      0.196078      0.932988     -0.209254     -1.664145      0.000000       -214.866474         79.210842      4.185048      1.091688      0.066102      6.259124
      0.205882      0.942711     -0.110733     -1.504540      0.000000       -206.013814         80.511459      4.546838      1.259222      0.066102      6.259124
      0.215686      0.946886     -0.029539     -1.111571      0.000000       -178.622898         82.420914      4.911276      1.431012      0.066102      6.259124
      0.225490      0.946905      0.024084     -0.640141      0.000000       -143.395571         84.553908      5.276468      1.603941      0.066102      6.259124
      0.235294      0.944483      0.050935     -0.257216      0.000000       -113.753364         86.529294      5.641143      1.776262      0.066102      6.259124
      0.245098      0.941051      0.058490     -0.010725      0.000000        -94.500395         88.190346      6.004652      1.947353      0.066102      6.259124
      0.254902      0.937542      0.054539      0.124127      0.000000        -84.255656         89.547382      6.366801      2.117153      0.066102      6.259124
      0.264706      0.934478      0.044779      0.184179      0.000000        -80.229164         90.668237      6.727670      2.285821      0.066102      6.259124
      0.274510      0.932092      0.032876      0.197881      0.000000        -80.115150         91.623455      7.087485      2.453587      0.066102      6.259124
      0.284314      0.930442      0.021051      0.184153      0.000000        -82.332974         92.470801      7.446522      2.620695      0.066102      6.259124
      0.294118      0.929480      0.010583      0.155275      0.000000        -85.843898         93.254362      7.805058      2.787376      0.066102      6.259124
      0.303922      0.929101      0.002135      0.119400      0.000000        -89.955968         94.007087      8.163340      2.953839      0.066102      6.259124
      0.313725      0.929171     -0.004044      0.082128      0.000000        -94.193344         94.753277      8.521566      3.120253      0.066102      6.259124
      0.323529      0.929552     -0.007996      0.047358      0.000000        -98.222368         95.510323      8.879884      3.286750      0.066102      6.259124
      0.333333      0.930112     -0.009961      0.017704      0.000000       -101.815082         96.289788      9.238388      3.453415      0.066102      6.259124
      0.343137      0.930741     -0.010305     -0.005311      0.000000       -104.833597         97.098144      9.597123      3.620294      0.066102      6.259124
      0.352941      0.931352     -0.009457     -0.021147      0.000000       -107.222501         97.937436      9.956100      3.787399      0.066102      6.259124
      0.362745      0.931886     -0.007851     -0.030114      0.000000       -109.000258         98.806072     10.315300      3.954713      0.066102      6.259124
      0.372549      0.932308     -0.005882     -0.033180      0.000000       -110.244839         99.699798     10.674684      4.122201      0.066102      6.259124
      0.382353      0.932607     -0.003872     -0.031714      0.000000       -111.073400        100.612791     11.034208      4.289821      0.066102      6.259124
      0.392157      0.932788     -0.002052     -0.027226      0.000000       -111.619396        101.538724     11.393823      4.457528      0.066102      6.259124
      0.401961      0.932866     -0.000563     -0.021135      0.000000       -112.011757        102.471643     11.753488      4.625282      0.066102      6.259124
      0.411765      0.932865      0.000534     -0.014616      0.000000       -112.359774        103.406572     12.113167      4.793049      0.066102      6.259124
      0.421569      0.932808      0.001240     -0.008526      0.000000       -112.745107        104.339811     12.472834      4.960805      0.066102      6.259124
      0.431373      0.932720      0.001600     -0.003401      0.000000       -113.220222        105.268972     12.832472      5.128534      0.066102      6.259124
      0.441176      0.932618      0.001682      0.000507      0.000000       -113.811371        106.192847     13.192073      5.296228      0.066102      6.259124
      0.450980      0.932517      0.001564      0.003158      0.000000       -114.524018        107.111168     13.551634      5.463885      0.066102      6.259124
      0.460784      0.932428      0.001318      0.004662      0.000000       -115.348974        108.024334     13.911159      5.631509      0.066102      6.259124
      0.470588      0.932357      0.001011      0.005216      0.000000       -116.268152        108.933163     14.270653      5.799103      0.066102      6.259124
      0.480392      0.932305      0.000693      0.005051      0.000000       -117.259351        109.838666     14.630123      5.966675      0.066102      6.259124
      0.490196      0.932271      0.000401      0.004400      0.000000       -118.299883        110.741887     14.989576      6.134232      0.066102      6.259124
      0.500000      0.932254      0.000159      0.003473      0.000000       -119.369084        111.643781     15.349020      6.301779      0.066102      6.259124
      0.509804      0.932250     -0.000023      0.002437      0.000000       -120.449846        112.545138     15.708460      6.469324      0.066102      6.259124
      0.519608      0.932256     -0.000141      0.001419      0.000000       -121.529361        113.446554     16.067900      6.636868      0.066102      6.259124
      0.529412      0.932267     -0.000199      0.000499      0.000000       -122.599273        114.348414     16.427344      6.804416      0.066102      6.259124
      0.539216      0.932279     -0.000205     -0.000283      0.000000       -123.655411        115.250913     16.786792      6.971968      0.066102      6.259124
      0.549020      0.932291     -0.000167     -0.000924      0.000000       -124.697295        116.154071     17.146245      7.139524      0.066102      6.259124
      0.558824      0.932299     -0.000094     -0.001447      0.000000       -125.727534        117.057769     17.505702      7.307084      0.066102      6.259124
      0.568627      0.932302      0.000009     -0.001897      0.000000       -126.751278        117.961768     17.865161      7.474646      0.066102      6.259124
      0.578431      0.932297      0.000139     -0.002340      0.000000       -127.775800        118.865730     18.224620      7.642208      0.066102      6.259124
      0.588235      0.932284      0.000297     -0.002853      0.000000       -128.810316        119.769230     18.584075      7.809766      0.066102      6.259124
      0.598039      0.932260      0.000492     -0.003531      0.000000       -129.866091        120.671745     18.943523      7.977318      0.066102      6.259124
      0.607843      0.932223      0.000736     -0.004486      0.000000       -130.956916        121.572636     19.302960      8.144859      0.066102      6.259124
      0.617647      0.932168      0.001051     -0.005855      0.000000       -132.099987        122.471102     19.662379      8.312384      0.066102      6.259124
      0.627451      0.932092      0.001467     -0.007809      0.000000       -133.317268        123.366116     20.021773      8.479885      0.066102      6.259124
      0.637255      0.931985      0.002026     -0.010570      0.000000       -134.637402        124.256331     20.381132      8.647353      0.066102      6.259124
      0.647059      0.931839      0.002786     -0.014426      0.000000       -136.098239        125.139954     20.740442      8.814777      0.066102      6.259124
      0.656863      0.931638      0.003826     -0.019757      0.000000       -137.750036        126.014579     21.099687      8.982137      0.066102      6.259124
      0.666667      0.931361      0.005251     -0.027064      0.000000       -139.659302        126.876977     21.458839      9.149412      0.066102      6.259124
      0.676471      0.930982      0.007202     -0.036996      0.000000       -141.913097        127.722833     21.817867      9.316569      0.066102      6.259124
      0.686275      0.930463      0.009862     -0.050385      0.000000       -144.623231        128.546447     22.176723      9.483563      0.066102      6.259124
      0.696078      0.929753      0.013477     -0.068263      0.000000       -147.929251        129.340408     22.535343      9.650333      0.066102      6.259124
      0.705882      0.928783      0.018357     -0.091864      0.000000       -151.998141        130.095298     22.893643      9.816795      0.066102      6.259124
      0.715686      0.927466      0.024896     -0.122572      0.000000       -157.017582        130.799521     23.251504      9.982832      0.066102      6.259124
      0.725490      0.925685      0.033575     -0.161802      0.000000       -163.178669        131.439405     23.608773     10.148288      0.066102      6.259124
      0.735294      0.923291      0.044954     -0.210775      0.000000       -170.644365        131.999775     23.965242     10.312948      0.066102      6.259124
      0.745098      0.920102      0.059657     -0.270195      0.000000       -179.503290        132.465192     24.320641     10.476524      0.066102      6.259124
      0.754902      0.915893      0.078325     -0.339866      0.000000       -189.716080        132.821918     24.674622     10.638633      0.066102      6.259124
      0.764706      0.910406      0.101550     -0.418382      0.000000       -201.072045        133.060388     25.026743     10.798776      0.066102      6.259124
      0.774510      0.903351      0.129798     -0.503047      0.000000       -213.180690        133.177581     25.376455     10.956319      0.066102      6.259124
      0.784314      0.894416      0.163338     -0.590172      0.000000       -225.516138        133.178439     25.723095     11.110478      0.066102      6.259124
      0.794118      0.883291      0.202196     -0.675704      0.000000       -237.509468        133.075617     26.065878     11.260322      0.066102      6.259124
      0.803922      0.869675      0.246158     -0.755990      0.000000       -248.656942        132.887501     26.403900     11.404795      0.066102      6.259124
      0.813725      0.853302      0.294815     -0.828370      0.000000       -258.602337        132.635155     26.736149     11.542755      0.066102      6.259124
      0.823529      0.833949      0.347631     -0.891423      0.000000       -267.167699        132.339241     27.061517     11.673032      0.066102      6.259124
      0.833333      0.811444      0.404020     -0.944865      0.000000       -274.334853        132.017755     27.378820     11.794501      0.066102      6.259124
      0.843137      0.785673      0.463406     -0.989240      0.000000       -280.199009        131.684892     27.686820     11.906152      0.066102      6.259124
      0.852941      0.756574      0.525262     -1.025568      0.000000       -284.917798        131.350899     27.984242     12.007162      0.066102      6.259124
      0.862745      0.724137      0.589132     -1.055053      0.000000       -288.670237        131.022529     28.269801     12.096948      0.066102      6.259124
      0.872549      0.688401      0.654632     -1.078890      0.000000       -291.630121        130.703748     28.542216     12.175207      0.066102      6.259124
      0.882353      0.649445      0.721448     -1.098155      0.000000       -293.952139        130.396466     28.800229     12.241944      0.066102      6.259124
      0.892157      0.607388      0.789331     -1.113771      0.000000       -295.766817        130.101150     29.042619     12.297465      0.066102      6.259124
      0.901961      0.562378      0.858080     -1.126497      0.000000       -297.180603        129.817302     29.268219     12.342373      0.066102      6.259124
      0.911765      0.514597      0.927537     -1.136946      0.000000       -298.278434        129.543798     29.475925     12.377527      0.066102      6.259124
      0.921569      0.464251      0.997579     -1.145607      0.000000       -299.127160        129.279117     29.664707     12.404001      0.066102      6.259124
      0.931373      0.411566      1.068107     -1.152868      0.000000       -299.778965        129.021489     29.833619     12.423024      0.066102      6.259124
      0.941176      0.356791      1.139046     -1.159037      0.000000       -300.274403        128.768983     29.981806     12.435913      0.066102      6.259124
      0.950980      0.300191      1.210336     -1.164357      0.000000       -300.644929        128.519559     30.108513     12.444004      0.066102      6.259124
      0.960784      0.242046      1.281931     -1.169026      0.000000       -300.914933        128.271094     30.213091     12.448579      0.066102      6.259124
      0.970588      0.182647      1.353798     -1.173205      0.000000       -301.103342        128.021397     30.294999     12.450799      0.066102      6.259124
      0.980392      0.122298      1.425909     -1.177027      0.000000       -301.224874        127.768212     30.353812     12.451637      0.066102      6.259124
      0.990196      0.061310      1.498247     -1.180619      0.000000       -301.291047        127.509228     30.389224     12.451833      0.066102      6.259124
      1.000000      0.000000      1.570796     -1.183174      0.000000       -301.309102        127.330843     30.401048     12.451846      0.066102      6.259124
