             t             r           psi            cs            qs                 p               sig             A             V            Q2             S
      0.000000      0.000000     -1.570796     -0.524443      0.000000         -7.021353          6.694101      0.000000     -0.000000      0.135209      6.391752
      0.009804      0.062653     -1.537512     -0.543478      0.000000         -7.029076          6.540898      0.012335      0.000006      0.135209      6.391752
      0.019608      0.125234     -1.502584     -0.571867      0.000000         -7.057669          6.323371      0.049327      0.000104      0.135209      6.391752
      0.029412      0.187660     -1.465749     -0.604606      0.000000         -7.111464          6.112926      0.110932      0.000538      0.135209      6.391752
      0.039216      0.249837     -1.426684     -0.643388      0.000000         -7.197281          5.908027      0.197070      0.001732      0.135209      6.391752
      0.049020      0.311648     -1.384943     -0.690415      0.000000         -7.324471          5.707330      0.307621      0.004310      0.135209      6.391752
      0.058824      0.372955     -1.339920     -0.748764      0.000000         -7.506072          5.509751      0.442415      0.009119      0.135209      6.391752
      0.068627      0.433586     -1.290775     -0.822817      0.000000         -7.760552          5.314588      0.601221      0.017252      0.135209      6.391752
      0.078431      0.493318     -1.236339     -0.918905      0.000000         -8.114434          5.121745      0.783730      0.030088      0.135209      6.391752
      0.088235      0.551857     -1.174960     -1.046224      0.000000         -8.606210          4.932155      0.989534      0.049336      0.135209      6.391752
      0.098039      0.608797     -1.104292     -1.217984      0.000000         -9.291804          4.748559      1.218087      0.077092      0.135209      6.391752
      0.107843      0.663565     -1.021011     -1.452184      0.000000        -10.250668          4.577001      1.468655      0.115895      0.135209      6.391752
      0.117647      0.715321     -0.920553     -1.769398      0.000000        -11.586553          4.429613      1.740226      0.168751      0.135209      6.391752
      0.127451      0.762824     -0.797289     -2.179116      0.000000        -13.399922          4.329554      2.031387      0.238990      0.135209      6.391752
      0.137255      0.804303     -0.646371     -2.635716      0.000000        -15.667077          4.318115      2.340132      0.329700      0.135209      6.391752
      0.147059      0.837531     -0.469623     -2.959055      0.000000        -17.938988          4.458244      2.663661      0.442292      0.135209      6.391752
      0.156863      0.860543     -0.284696     -2.849755      0.000000        -19.089150          4.814371      2.998308      0.574402      0.135209      6.391752
      0.166667      0.873036     -0.123892     -2.211119      0.000000        -18.056861          5.393701      3.339914      0.719469      0.135209      6.391752
      0.176471      0.877009     -0.012054     -1.358225      0.000000        -15.267129          6.110809      3.684667      0.870021      0.135209      6.391752
      0.186275      0.875605      0.049375     -0.641149      0.000000        -12.201503          6.847757      4.029822      1.021245      0.135209      6.391752
      0.196078      0.871603      0.073519     -0.169154      0.000000         -9.888682          7.529267      4.373836      1.171223      0.135209      6.391752
      0.205882      0.866871      0.074899      0.096424      0.000000         -8.571096          8.132619      4.716085      1.319547      0.135209      6.391752
      0.215686      0.862471      0.064341      0.222268      0.000000         -8.099150          8.664121      5.056511      1.466352      0.135209      6.391752
      0.225490      0.858914      0.048835      0.261694      0.000000         -8.236596          9.139812      5.395360      1.611924      0.135209      6.391752
      0.235294      0.856368      0.032585      0.250833      0.000000         -8.774609          9.576446      5.733007      1.756579      0.135209      6.391752
      0.245098      0.854797      0.017952      0.213195      0.000000         -9.553800          9.988446      6.069846      1.900616      0.135209      6.391752
      0.254902      0.854059      0.006102      0.164029      0.000000        -10.458190         10.387270      6.406236      2.044306      0.135209      6.391752
      0.264706      0.853966     -0.002573      0.113182      0.000000        -11.404976         10.781564      6.742470      2.187871      0.135209      6.391752
      0.274510      0.854318     -0.008178      0.066799      0.000000        -12.336455         11.177500      7.078760      2.331484      0.135209      6.391752
      0.284314      0.854935     -0.011112      0.028357      0.000000        -13.214673         11.579114      7.415247      2.475259      0.135209      6.391752
      0.294118      0.855666     -0.011929     -0.000664      0.000000        -14.017854         11.988642      7.752004      2.619263      0.135209      6.391752
      0.303922      0.856398     -0.011227     -0.020251      0.000000        -14.737597         12.406857      8.089051      2.763515      0.135209      6.391752
      0.313725      0.857053     -0.009568     -0.031395      0.000000        -15.376111         12.833416      8.426374      2.908005      0.135209      6.391752
      0.323529      0.857587     -0.007435     -0.035673      0.000000        -15.943257         13.267218      8.763932      3.052700      0.135209      6.391752
      0.333333      0.857983     -0.005203     -0.034886      0.000000        -16.453502         13.706739      9.101673      3.197553      0.135209      6.391752
      0.343137      0.858243     -0.003132     -0.030786      0.000000        -16.923099         14.150314      9.439543      3.342519      0.135209      6.391752
      0.352941      0.858382     -0.001382     -0.024891      0.000000        -17.367802         14.596361      9.777491      3.487553      0.135209      6.391752
      0.362745      0.858424     -0.000025     -0.018394      0.000000        -17.801287         15.043519     10.115474      3.632617      0.135209      6.391752
      0.372549      0.858394      0.000929     -0.012145      0.000000        -18.234305         15.490722     10.453458      3.777682      0.135209      6.391752
      0.382353      0.858315      0.001514     -0.006679      0.000000        -18.674451         15.937221     10.791420      3.922728      0.135209      6.391752
      0.392157      0.858211      0.001788     -0.002271      0.000000        -19.126369         16.382552     11.129345      4.067742      0.135209      6.391752
      0.401961      0.858096      0.001822      0.001002      0.000000        -19.592220         16.826501     11.467227      4.212719      0.135209      6.391752
      0.411765      0.857986      0.001685      0.003193      0.000000        -20.072248         17.269040     11.805064      4.357658      0.135209      6.391752
      0.421569      0.857887      0.001442      0.004442      0.000000        -20.565362         17.710274     12.142860      4.502561      0.135209      6.391752
      0.431373      0.857806      0.001145      0.004927      0.000000        -21.069649         18.150393     12.480620      4.647434      0.135209      6.391752
      0.441176      0.857744      0.000836      0.004835      0.000000        -21.582796         18.589626     12.818352      4.792283      0.135209      6.391752
      0.450980      0.857701      0.000547      0.004347      0.000000        -22.102417         19.028211     13.156064      4.937114      0.135209      6.391752
      0.460784      0.857675      0.000296      0.003616      0.000000        -22.626280         19.466370     13.493761      5.081933      0.135209      6.391752
      0.470588      0.857663      0.000096      0.002770      0.000000        -23.152459         19.904298     13.831452      5.226746      0.135209      6.391752
      0.480392      0.857662     -0.000050      0.001904      0.000000        -23.679412         20.342148     14.169140      5.371557      0.135209      6.391752
      0.490196      0.857668     -0.000144      0.001084      0.000000        -24.206011         20.780033     14.506829      5.516369      0.135209      6.391752
      0.500000      0.857679     -0.000188      0.000347      0.000000        -24.731535         21.218026     14.844521      5.661184      0.135209      6.391752
      0.509804      0.857691     -0.000189     -0.000289      0.000000        -25.255639         21.656162     15.182218      5.806003      0.135209      6.391752
      0.519608      0.857702     -0.000154     -0.000826      0.000000        -25.778308         22.094441     15.519920      5.950826      0.135209      6.391752
      0.529412      0.857709     -0.000087     -0.001281      0.000000        -26.299811         22.532837     15.857625      6.095652      0.135209      6.391752
      0.539216      0.857712      0.000006     -0.001680      0.000000        -26.820656         22.971299     16.195333      6.240479      0.135209      6.391752
      0.549020      0.857708      0.000123     -0.002058      0.000000        -27.341559         23.409756     16.533040      6.385307      0.135209      6.391752
      0.558824      0.857696      0.000264     -0.002456      0.000000        -27.863423         23.848116     16.870744      6.530132      0.135209      6.391752
      0.568627      0.857674      0.000432     -0.002920      0.000000        -28.387338         24.286270     17.208442      6.674951      0.135209      6.391752
      0.578431      0.857641      0.000632     -0.003503      0.000000        -28.914599         24.724089     17.546129      6.819761      0.135209      6.391752
      0.588235      0.857594      0.000874     -0.004262      0.000000        -29.446749         25.161418     17.883800      6.964558      0.135209      6.391752
      0.598039      0.857531      0.001171     -0.005264      0.000000        -29.985644         25.598069     18.221450      7.109336      0.135209      6.391752
      0.607843      0.857446      0.001541     -0.006589      0.000000        -30.533551         26.033814     18.559070      7.254089      0.135209      6.391752
      0.617647      0.857335      0.002006     -0.008331      0.000000        -31.093268         26.468370     18.896653      7.398809      0.135209      6.391752
      0.627451      0.857192      0.002596     -0.010603      0.000000        -31.668286         26.901382     19.234185      7.543486      0.135209      6.391752
      0.637255      0.857007      0.003349     -0.013548      0.000000        -32.262985         27.332403     19.571653      7.688108      0.135209      6.391752
      0.647059      0.856768      0.004312     -0.017338      0.000000        -32.882867         27.760866     19.909038      7.832659      0.135209      6.391752
      0.656863      0.856461      0.005544     -0.022189      0.000000        -33.534837         28.186057     20.246317      7.977117      0.135209      6.391752
      0.666667      0.856066      0.007120     -0.028366      0.000000        -34.227517         28.607070     20.583457      8.121456      0.135209      6.391752
      0.676471      0.855559      0.009133     -0.036193      0.000000        -34.971591         29.022770     20.920421      8.265642      0.135209      6.391752
      0.686275      0.854910      0.011699     -0.046065      0.000000        -35.780147         29.431737     21.257159      8.409631      0.135209      6.391752
      0.696078      0.854079      0.014959     -0.058453      0.000000        -36.668989         29.832215     21.593607      8.553368      0.135209      6.391752
      0.705882      0.853017      0.019089     -0.073909      0.000000        -37.656827         30.222053     21.929683      8.696779      0.135209      6.391752
      0.715686      0.851664      0.024299     -0.093068      0.000000        -38.765251         30.598655     22.265287      8.839775      0.135209      6.391752
      0.725490      0.849944      0.030845     -0.116637      0.000000        -40.018328         30.958940     22.600288      8.982237      0.135209      6.391752
      0.735294      0.847765      0.039025     -0.145367      0.000000        -41.441621         31.299334     22.934525      9.124017      0.135209      6.391752
      0.745098      0.845013      0.049187     -0.180008      0.000000        -43.060435         31.615806     23.267796      9.264927      0.135209      6.391752
      0.754902      0.841553      0.061723     -0.221242      0.000000        -44.897118         31.903969     23.599848      9.404731      0.135209      6.391752
      0.764706      0.837224      0.077064     -0.269584      0.000000        -46.967402         32.159272     23.930373      9.543131      0.135209      6.391752
      0.774510      0.831837      0.095663     -0.325270      0.000000        -49.276044         32.377289     24.258991      9.679759      0.135209      6.391752
      0.784314      0.825176      0.117980     -0.388142      0.000000        -51.812437         32.554090     24.585246      9.814163      0.135209      6.391752
      0.794118      0.817000      0.144446     -0.457549      0.000000        -54.547265         32.686674     24.908588      9.945794      0.135209      6.391752
      0.803922      0.807045      0.175436     -0.532313      0.000000        -57.431473         32.773383     25.228369     10.074003      0.135209      6.391752
      0.813725      0.795031      0.211237     -0.610769      0.000000        -60.398599         32.814211     25.543835     10.198035      0.135209      6.391752
      0.823529      0.780672      0.252018     -0.690906      0.000000        -63.370697         32.810925     25.854118     10.317041      0.135209      6.391752
      0.833333      0.763688      0.297817     -0.770577      0.000000        -66.266930         32.766951     26.158240     10.430097      0.135209      6.391752
      0.843137      0.743813      0.348541     -0.847737      0.000000        -69.012921         32.687027     26.455114     10.536242      0.135209      6.391752
      0.852941      0.720812      0.403974     -0.920659      0.000000        -71.548605         32.576704     26.743554     10.634525      0.135209      6.391752
      0.862745      0.694492      0.463810     -0.988076      0.000000        -73.832944         32.441794     27.022290     10.724073      0.135209      6.391752
      0.872549      0.664706      0.527677     -1.049231      0.000000        -75.844940         32.287874     27.289985     10.804153      0.135209      6.391752
      0.882353      0.631365      0.595172     -1.103846      0.000000        -77.581536         32.119912     27.545254     10.874241      0.135209      6.391752
      0.892157      0.594441      0.665886     -1.152035      0.000000        -79.053623         31.942046     27.786691     10.934079      0.135209      6.391752
      0.901961      0.553964      0.739428     -1.194194      0.000000        -80.281442         31.757496     28.012887     10.983718      0.135209      6.391752
      0.911765      0.510027      0.815438     -1.230897      0.000000        -81.290346         31.568580     28.222462     11.023532      0.135209      6.391752
      0.921569      0.462781      0.893595     -1.262801      0.000000        -82.107438         31.376791     28.414080     11.054213      0.135209      6.391752
      0.931373      0.412432      0.973617     -1.290589      0.000000        -82.759222         31.182908     28.586477     11.076737      0.135209      6.391752
      0.941176      0.359238      1.055270     -1.314922      0.000000        -83.270170         30.987102     28.738481     11.092302      0.135209      6.391752
      0.950980      0.303501      1.138355     -1.336418      0.000000        -83.661991         30.789045     28.869029     11.102248      0.135209      6.391752
      0.960784      0.245568      1.222714     -1.355644      0.000000        -83.953394         30.587994     28.977188     11.107961      0.135209      6.391752
      0.970588      0.185822      1.308220     -1.373115      0.000000        -84.160161         30.382869     29.062166     11.110770      0.135209      6.391752
      0.980392      0.124679      1.394777     -1.389301      0.000000        -84.295402         30.172314     29.123332     11.111843      0.135209      6.391752
      0.990196      0.062582      1.482322     -1.404688      0.000000        -84.369916         29.954754     29.160221     11.112096      0.135209      6.391752
      1.000000      0.000000      1.570796     -1.415876      0.000000        -84.390583         29.801548     29.172550     11.112113      0.135209      6.391752
