             t             r           psi            cs            qs                 p               sig             A             V            Q2             S
      0.000000      0.000000     -1.570796     -0.807041      0.000000        -39.553913         24.505527      0.000000      0.000000      0.093386      7.210067
      0.009804      0.070648     -1.513476     -0.817428      0.000000        -39.570402         24.301131      0.015693      0.000016      0.093386      7.210067
      0.019608      0.141062     -1.455193     -0.831814      0.000000        -39.630148         24.025410      0.062721      0.000255      0.093386      7.210067
      0.029412      0.210995     -1.395839     -0.847896      0.000000        -39.742737         23.757140      0.140924      0.001290      0.093386      7.210067
      0.039216      0.280189     -1.335265     -0.866461      0.000000        -39.922866         23.493336      0.250033      0.004075      0.093386      7.210067
      0.049020      0.348372     -1.273262     -0.888520      0.000000        -40.190988         23.231157      0.389660      0.009922      0.093386      7.210067
      0.058824      0.415250     -1.209537     -0.915458      0.000000        -40.576031         22.967945      0.559291      0.020478      0.093386      7.210067
      0.068627      0.480510     -1.143680     -0.949228      0.000000        -41.119540         22.701310      0.758279      0.037683      0.093386      7.210067
      0.078431      0.543801     -1.075114     -0.992647      0.000000        -41.882096         22.429346      0.985827      0.063722      0.093386      7.210067
      0.088235      0.604727     -1.003022     -1.049850      0.000000        -42.953258         22.151072      1.240975      0.100967      0.093386      7.210067
      0.098039      0.662824     -0.926226     -1.126953      0.000000        -44.466494         21.867407      1.522574      0.151903      0.093386      7.210067
      0.107843      0.717525     -0.843024     -1.232885      0.000000        -46.619215         21.583246      1.829245      0.219039      0.093386      7.210067
      0.117647      0.768109     -0.750964     -1.379806      0.000000        -49.689461         21.311918      2.159327      0.304778      0.093386      7.210067
      0.127451      0.813627     -0.646682     -1.580420      0.000000        -54.004344         21.084563      2.510791      0.411210      0.093386      7.210067
      0.137255      0.852811     -0.526267     -1.832932      0.000000        -59.693470         20.968191      2.881118      0.539700      0.093386      7.210067
      0.147059      0.884068     -0.387720     -2.073490      0.000000        -65.816829         21.090648      3.267152      0.690100      0.093386      7.210067
      0.156863      0.905816     -0.237893     -2.109354      0.000000        -68.844607         21.634011      3.665004      0.859517      0.093386      7.210067
      0.166667      0.917522     -0.099619     -1.730184      0.000000        -63.890973         22.699261      4.070270      1.041723      0.093386      7.210067
      0.176471      0.920772     -0.000369     -1.059970      0.000000        -51.746285         24.112719      4.478758      1.229297      0.093386      7.210067
      0.186275      0.918698      0.051827     -0.448157      0.000000        -39.213788         25.543230      4.887384      1.417171      0.093386      7.210067
      0.196078      0.914292      0.068271     -0.054135      0.000000        -30.683489         26.790102      5.294478      1.603376      0.093386      7.210067
      0.205882      0.909537      0.064002      0.148793      0.000000        -26.387742         27.822945      5.699483      1.787617      0.093386      7.210067
      0.215686      0.905472      0.050145      0.227586      0.000000        -25.111466         28.684973      6.102504      1.970169      0.093386      7.210067
      0.225490      0.902514      0.033509      0.234406      0.000000        -25.692630         29.430654      6.503959      2.151444      0.093386      7.210067
      0.235294      0.900710      0.017901      0.202833      0.000000        -27.312856         30.105958      6.904360      2.331868      0.093386      7.210067
      0.245098      0.899913      0.005237      0.153894      0.000000        -29.433104         30.745647      7.304190      2.511827      0.093386      7.210067
      0.254902      0.899883     -0.003765      0.100943      0.000000        -31.698092         31.374778      7.703846      2.691640      0.093386      7.210067
      0.264706      0.900359     -0.009141      0.052425      0.000000        -33.873376         32.010474      8.103611      2.871548      0.093386      7.210067
      0.274510      0.901102     -0.011399      0.013269      0.000000        -35.812372         32.663268      8.503655      3.051701      0.093386      7.210067
      0.284314      0.901915     -0.011290     -0.014360      0.000000        -37.440115         33.338157      8.904050      3.232169      0.093386      7.210067
      0.294118      0.902662     -0.009641     -0.030499      0.000000        -38.742217         34.035676      9.304796      3.412955      0.093386      7.210067
      0.303922      0.903260     -0.007212     -0.036767      0.000000        -39.751969         34.753114      9.705843      3.594016      0.093386      7.210067
      0.313725      0.903677     -0.004616     -0.035672      0.000000        -40.533698         35.485844     10.107115      3.775285      0.093386      7.210067
      0.323529      0.903919     -0.002278     -0.029955      0.000000        -41.164601         36.228575     10.508533      3.956687      0.093386      7.210067
      0.333333      0.904011     -0.000432     -0.022078      0.000000        -41.718914         36.976351     10.910024      4.138156      0.093386      7.210067
      0.343137      0.903993      0.000838     -0.013932      0.000000        -42.257261         37.725176     11.311530      4.319638      0.093386      7.210067
      0.352941      0.903906      0.001561     -0.006750      0.000000        -42.821921         38.472272     11.713011      4.501098      0.093386      7.210067
      0.362745      0.903783      0.001830     -0.001173      0.000000        -43.436925         39.216054     12.114445      4.682515      0.093386      7.210067
      0.372549      0.903655      0.001769      0.002622      0.000000        -44.111097         39.955928     12.515821      4.863881      0.093386      7.210067
      0.382353      0.903538      0.001499      0.004766      0.000000        -44.842312         40.692021     12.917143      5.045196      0.093386      7.210067
      0.392157      0.903445      0.001127      0.005562      0.000000        -45.621720         41.424912     13.318418      5.226470      0.093386      7.210067
      0.401961      0.903379      0.000735      0.005380      0.000000        -46.437308         42.155392     13.719658      5.407712      0.093386      7.210067
      0.411765      0.903340      0.000381      0.004582      0.000000        -47.276546         42.884293     14.120874      5.588933      0.093386      7.210067
      0.421569      0.903324      0.000095      0.003480      0.000000        -48.128131         43.612370     14.522078      5.770143      0.093386      7.210067
      0.431373      0.903325     -0.000110      0.002315      0.000000        -48.982959         44.340229     14.923280      5.951350      0.093386      7.210067
      0.441176      0.903337     -0.000235      0.001251      0.000000        -49.834499         45.068309     15.324484      6.132560      0.093386      7.210067
      0.450980      0.903356     -0.000291      0.000385      0.000000        -50.678726         45.796877     15.725695      6.313777      0.093386      7.210067
      0.460784      0.903377     -0.000295     -0.000246      0.000000        -51.513784         46.526057     16.126916      6.495001      0.093386      7.210067
      0.470588      0.903397     -0.000262     -0.000644      0.000000        -52.339505         47.255861     16.528146      6.676234      0.093386      7.210067
      0.480392      0.903414     -0.000208     -0.000841      0.000000        -53.156884         47.986222     16.929384      6.857474      0.093386      7.210067
      0.490196      0.903427     -0.000147     -0.000880      0.000000        -53.967598         48.717027     17.330628      7.038721      0.093386      7.210067
      0.500000      0.903435     -0.000087     -0.000811      0.000000        -54.773593         49.448147     17.731877      7.219971      0.093386      7.210067
      0.509804      0.903439     -0.000034     -0.000679      0.000000        -55.576786         50.179454     18.133129      7.401224      0.093386      7.210067
      0.519608      0.903440      0.000009     -0.000523      0.000000        -56.378867         50.910834     18.534382      7.582478      0.093386      7.210067
      0.529412      0.903438      0.000040     -0.000374      0.000000        -57.181201         51.642198     18.935634      7.763731      0.093386      7.210067
      0.539216      0.903434      0.000062     -0.000253      0.000000        -57.984808         52.373477     19.336885      7.944984      0.093386      7.210067
      0.549020      0.903429      0.000077     -0.000174      0.000000        -58.790399         53.104624     19.738135      8.126235      0.093386      7.210067
      0.558824      0.903423      0.000088     -0.000145      0.000000        -59.598459         53.835606     20.139382      8.307483      0.093386      7.210067
      0.568627      0.903417      0.000099     -0.000171      0.000000        -60.409348         54.566400     20.540626      8.488729      0.093386      7.210067
      0.578431      0.903409      0.000114     -0.000257      0.000000        -61.223423         55.296981     20.941867      8.669973      0.093386      7.210067
      0.588235      0.903401      0.000137     -0.000409      0.000000        -62.041168         56.027317     21.343105      8.851213      0.093386      7.210067
      0.598039      0.903390      0.000173     -0.000638      0.000000        -62.863334         56.757358     21.744338      9.032449      0.093386      7.210067
      0.607843      0.903376      0.000229     -0.000962      0.000000        -63.691104         57.487026     22.145566      9.213680      0.093386      7.210067
      0.617647      0.903357      0.000312     -0.001408      0.000000        -64.526283         58.216198     22.546786      9.394904      0.093386      7.210067
      0.627451      0.903331      0.000432     -0.002017      0.000000        -65.371540         58.944697     22.947997      9.576120      0.093386      7.210067
      0.637255      0.903294      0.000603     -0.002849      0.000000        -66.230718         59.672266     23.349193      9.757323      0.093386      7.210067
      0.647059      0.903244      0.000842     -0.003987      0.000000        -67.109262         60.398539     23.750371      9.938509      0.093386      7.210067
      0.656863      0.903173      0.001176     -0.005546      0.000000        -68.014773         61.123004     24.151522     10.119671      0.093386      7.210067
      0.666667      0.903074      0.001640     -0.007684      0.000000        -68.957770         61.844953     24.552636     10.300799      0.093386      7.210067
      0.676471      0.902937      0.002281     -0.010615      0.000000        -69.952687         62.563405     24.953698     10.481880      0.093386      7.210067
      0.686275      0.902746      0.003166     -0.014628      0.000000        -71.019187         63.277020     25.354687     10.662895      0.093386      7.210067
      0.696078      0.902482      0.004384     -0.020109      0.000000        -72.183808         63.983968     25.755577     10.843820      0.093386      7.210067
      0.705882      0.902116      0.006055     -0.027569      0.000000        -73.481987         64.681774     26.156327     11.024618      0.093386      7.210067
      0.715686      0.901611      0.008343     -0.037672      0.000000        -74.960344         65.367121     26.556886     11.205240      0.093386      7.210067
      0.725490      0.900917      0.011463     -0.051269      0.000000        -76.678999         66.035613     26.957180     11.385621      0.093386      7.210067
      0.735294      0.899964      0.015699     -0.069419      0.000000        -78.713338         66.681521     27.357112     11.565667      0.093386      7.210067
      0.745098      0.898663      0.021414     -0.093392      0.000000        -81.154204         67.297541     27.756548     11.745252      0.093386      7.210067
      0.754902      0.896891      0.029073     -0.124629      0.000000        -84.104830         67.874628     28.155305     11.924202      0.093386      7.210067
      0.764706      0.894494      0.039240     -0.164631      0.000000        -87.672323         68.402033     28.553144     12.102281      0.093386      7.210067
      0.774510      0.891271      0.052586     -0.214748      0.000000        -91.951487         68.867673     28.949743     12.279170      0.093386      7.210067
      0.784314      0.886971      0.069860     -0.275861      0.000000        -97.000268         69.259015     29.344681     12.454437      0.093386      7.210067
      0.794118      0.881292      0.091846     -0.347992      0.000000       -102.809909         69.564530     29.737416     12.627513      0.093386      7.210067
      0.803922      0.873878      0.119290     -0.429951      0.000000       -109.278598         69.775610     30.127257     12.797656      0.093386      7.210067
      0.813725      0.864328      0.152803     -0.519189      0.000000       -116.202016         69.888517     30.513347     12.963926      0.093386      7.210067
      0.823529      0.852214      0.192774     -0.612017      0.000000       -123.292376         69.905711     30.894642     13.125170      0.093386      7.210067
      0.833333      0.837100      0.239310     -0.704189      0.000000       -130.226280         69.835943     31.269906     13.280033      0.093386      7.210067
      0.843137      0.818572      0.292218     -0.791697      0.000000       -136.706079         69.692937     31.637714     13.427002      0.093386      7.210067
      0.852941      0.796261      0.351052     -0.871448      0.000000       -142.511160         69.493076     31.996465     13.564484      0.093386      7.210067
      0.862745      0.769869      0.415191     -0.941624      0.000000       -147.521770         69.252899     32.344410     13.690926      0.093386      7.210067
      0.872549      0.739179      0.483933     -1.001648      0.000000       -151.713417         68.987123     32.679686     13.804938      0.093386      7.210067
      0.882353      0.704066      0.556567     -1.051909      0.000000       -155.132413         68.707549     33.000351     13.905430      0.093386      7.210067
      0.892157      0.664499      0.632438     -1.093388      0.000000       -157.866292         68.422779     33.304432     13.991725      0.093386      7.210067
      0.901961      0.620531      0.710966     -1.127331      0.000000       -160.018673         68.138489     33.589959     14.063639      0.093386      7.210067
      0.911765      0.572302      0.791666     -1.155024      0.000000       -161.692249         67.857948     33.855005     14.121517      0.093386      7.210067
      0.921569      0.520022      0.874137     -1.177655      0.000000       -162.979469         67.582584     34.097722     14.166225      0.093386      7.210067
      0.931373      0.463972      0.958061     -1.196257      0.000000       -163.958806         67.312476     34.316371     14.199096      0.093386      7.210067
      0.941176      0.404489      1.043182     -1.211698      0.000000       -164.694396         67.046742     34.509350     14.221826      0.093386      7.210067
      0.950980      0.341961      1.129306     -1.224692      0.000000       -165.237363         66.783812     34.675219     14.236351      0.093386      7.210067
      0.960784      0.276822      1.216278     -1.235820      0.000000       -165.627800         66.521619     34.812720     14.244690      0.093386      7.210067
      0.970588      0.209542      1.303985     -1.245557      0.000000       -165.896802         66.257718     34.920797     14.248785      0.093386      7.210067
      0.980392      0.140622      1.392344     -1.254297      0.000000       -166.068328         65.989377     34.998609     14.250348      0.093386      7.210067
      0.990196      0.070592      1.481295     -1.262391      0.000000       -166.160803         65.713631     35.045544     14.250715      0.093386      7.210067
      1.000000     -0.000000      1.570796     -1.268421      0.000000       -166.186614         65.509233     35.061231     14.250740      0.093386      7.210067
