             t             r           psi            cs            qs                 p               sig             A             V            Q2             S
      0.000000      0.000000     -1.570796      0.963416      0.000000       -278.077899        144.318668      0.000000      0.000000     -0.175503      4.885514
      0.009804      0.047880     -1.524632      0.964731      0.000000       -278.086167        144.194589      0.007206      0.000004     -0.175503      4.885514
      0.019608      0.095658     -1.478375      0.966789      0.000000       -278.118410        143.985317      0.028809      0.000064     -0.175503      4.885514
      0.029412      0.143232     -1.432018      0.968932      0.000000       -278.176602        143.780152      0.064762      0.000321     -0.175503      4.885514
      0.039216      0.190497     -1.385555      0.971217      0.000000       -278.265013        143.577927      0.114988      0.001011     -0.175503      4.885514
      0.049020      0.237353     -1.338978      0.973690      0.000000       -278.388866        143.377481      0.179380      0.002454     -0.175503      4.885514
      0.058824      0.283695     -1.292277      0.976404      0.000000       -278.554632        143.177654      0.257798      0.005053     -0.175503      4.885514
      0.068627      0.329421     -1.245439      0.979423      0.000000       -278.770386        142.977281      0.350072      0.009282     -0.175503      4.885514
      0.078431      0.374430     -1.198447      0.982822      0.000000       -279.046266        142.775187      0.456002      0.015680     -0.175503      4.885514
      0.088235      0.418618     -1.151282      0.986698      0.000000       -279.395083        142.570177      0.575357      0.024836     -0.175503      4.885514
      0.098039      0.461884     -1.103918      0.991168      0.000000       -279.833135        142.361033      0.707873      0.037376     -0.175503      4.885514
      0.107843      0.504126     -1.056322      0.996382      0.000000       -280.381310        142.146506      0.853259      0.053954     -0.175503      4.885514
      0.117647      0.545244     -1.008455      1.002530      0.000000       -281.066584        141.925317      1.011191      0.075233     -0.175503      4.885514
      0.127451      0.585135     -0.960266      1.009861      0.000000       -281.924087        141.696164      1.181315      0.101873     -0.175503      4.885514
      0.137255      0.623698     -0.911692      1.018697      0.000000       -282.999947        141.457746      1.363247      0.134514     -0.175503      4.885514
      0.147059      0.660830     -0.862650      1.029464      0.000000       -284.355237        141.208817      1.556571      0.173761     -0.175503      4.885514
      0.156863      0.696425     -0.813035      1.042727      0.000000       -286.071435        140.948287      1.760842      0.220170     -0.175503      4.885514
      0.166667      0.730376     -0.762711      1.059245      0.000000       -288.257886        140.675416      1.975580      0.274232     -0.175503      4.885514
      0.176471      0.762569     -0.711498      1.080033      0.000000       -291.061752        140.390171      2.200275      0.336358     -0.175503      4.885514
      0.186275      0.792885     -0.659160      1.106449      0.000000       -294.680382        140.093865      2.434378      0.406867     -0.175503      4.885514
      0.196078      0.821193     -0.605388      1.140270      0.000000       -299.374242        139.790325      2.677306      0.485969     -0.175503      4.885514
      0.205882      0.847349     -0.549775      1.183712      0.000000       -305.472926        139.487984      2.928433      0.573752     -0.175503      4.885514
      0.215686      0.871187     -0.491802      1.239212      0.000000       -313.351627        139.203599      3.187088      0.670165     -0.175503      4.885514
      0.225490      0.892516     -0.430844      1.308518      0.000000       -323.318213        138.968682      3.452544      0.774989     -0.175503      4.885514
      0.235294      0.911115     -0.366254      1.390063      0.000000       -335.273490        138.839697      3.724014      0.887812     -0.175503      4.885514
      0.245098      0.926736     -0.297652      1.472929      0.000000       -347.907966        138.911142      4.000640      1.007980     -0.175503      4.885514
      0.254902      0.939132     -0.225601      1.526962      0.000000       -357.332342        139.322124      4.281487      1.134538     -0.175503      4.885514
      0.264706      0.948131     -0.152702      1.497865      0.000000       -356.223268        140.228893      4.565556      1.266193     -0.175503      4.885514
      0.274510      0.953762     -0.084328      1.332221      0.000000       -336.845353        141.711750      4.851822      1.401375     -0.175503      4.885514
      0.284314      0.956375     -0.027225      1.035338      0.000000       -298.900056        143.662831      5.139316      1.538472     -0.175503      4.885514
      0.294118      0.956624      0.014026      0.686896      0.000000       -252.553836        145.804851      5.427221      1.676175     -0.175503      4.885514
      0.303922      0.955290      0.039190      0.375086      0.000000       -210.120497        147.859195      5.714943      1.813657     -0.175503      4.885514
      0.313725      0.953080      0.051226      0.141337      0.000000       -177.988273        149.671795      6.002117      1.950526     -0.175503      4.885514
      0.323529      0.950532      0.053982     -0.014449      0.000000       -156.661600        151.208889      6.288563      2.086655     -0.175503      4.885514
      0.333333      0.948006      0.050823     -0.108760      0.000000       -144.070361        152.500017      6.574239      2.222056     -0.175503      4.885514
      0.343137      0.945720      0.044261     -0.159239      0.000000       -137.792755        153.594343      6.859187      2.356802     -0.175503      4.885514
      0.352941      0.943793      0.036044     -0.179843      0.000000       -135.844469        154.540241      7.143498      2.490991     -0.175503      4.885514
      0.362745      0.942275      0.027349     -0.180574      0.000000       -136.778357        155.378755      7.427291      2.624731     -0.175503      4.885514
      0.372549      0.941169      0.018951     -0.168407      0.000000       -139.577747        156.142876      7.710689      2.758132     -0.175503      4.885514
      0.382353      0.940447      0.011344     -0.148237      0.000000       -143.528653        156.858664      7.993814      2.891295     -0.175503      4.885514
      0.392157      0.940065      0.004822     -0.123578      0.000000       -148.119968        157.546629      8.276773      3.024314     -0.175503      4.885514
      0.401961      0.939965     -0.000465     -0.097032      0.000000       -152.975703        158.222885      8.559661      3.157270     -0.175503      4.885514
      0.411765      0.940089     -0.004475     -0.070563      0.000000       -157.812469        158.899987      8.842555      3.290231     -0.175503      4.885514
      0.421569      0.940374     -0.007250     -0.045662      0.000000       -162.414769        159.587477      9.125511      3.423249     -0.175503      4.885514
      0.431373      0.940765     -0.008892     -0.023433      0.000000       -166.622108        160.292241      9.408571      3.556363     -0.175503      4.885514
      0.441176      0.941210     -0.009549     -0.004628      0.000000       -170.323243        161.018754      9.691758      3.689594     -0.175503      4.885514
      0.450980      0.941667     -0.009397      0.010330      0.000000       -173.453889        161.769286      9.975081      3.822954     -0.175503      4.885514
      0.460784      0.942101     -0.008623      0.021334      0.000000       -175.994958        162.544132     10.258539      3.956441     -0.175503      4.885514
      0.470588      0.942486     -0.007414      0.028556      0.000000       -177.969247        163.341897     10.542121      4.090046     -0.175503      4.885514
      0.480392      0.942807     -0.005941      0.032410      0.000000       -179.435558        164.159851     10.825809      4.223753     -0.175503      4.885514
      0.490196      0.943053     -0.004353      0.033482      0.000000       -180.480285        164.994322     11.109583      4.357541     -0.175503      4.885514
      0.500000      0.943224     -0.002767      0.032467      0.000000       -181.207433        165.841098     11.393419      4.491390     -0.175503      4.885514
      0.509804      0.943320     -0.001265      0.030096      0.000000       -181.728526        166.695797     11.677296      4.625277     -0.175503      4.885514
      0.519608      0.943347      0.000106      0.027079      0.000000       -182.153866        167.554161     11.961191      4.759182     -0.175503      4.885514
      0.529412      0.943312      0.001329      0.024069      0.000000       -182.586226        168.412258     12.245085      4.893085     -0.175503      4.885514
      0.539216      0.943222      0.002421      0.021636      0.000000       -183.117459        169.266568     12.528959      5.026970     -0.175503      4.885514
      0.549020      0.943082      0.003419      0.020269      0.000000       -183.827973        170.113986     12.812799      5.160822     -0.175503      4.885514
      0.558824      0.942895      0.004386      0.020387      0.000000       -184.788630        170.951728     13.096590      5.294627     -0.175503      4.885514
      0.568627      0.942661      0.005402      0.022362      0.000000       -186.064432        171.777175     13.380317      5.428372     -0.175503      4.885514
      0.578431      0.942375      0.006563      0.026549      0.000000       -187.719333        172.587677     13.663966      5.562043     -0.175503      4.885514
      0.588235      0.942028      0.007986      0.033322      0.000000       -189.821523        173.380312     13.947521      5.695622     -0.175503      4.885514
      0.598039      0.941604      0.009803      0.043096      0.000000       -192.448541        174.151645     14.230959      5.829092     -0.175503      4.885514
      0.607843      0.941080      0.012170      0.056362      0.000000       -195.691500        174.897480     14.514256      5.962425     -0.175503      4.885514
      0.617647      0.940426      0.015267      0.073696      0.000000       -199.657483        175.612633     14.797377      6.095587     -0.175503      4.885514
      0.627451      0.939603      0.019305      0.095757      0.000000       -204.468885        176.290768     15.080276      6.228535     -0.175503      4.885514
      0.637255      0.938558      0.024527      0.123264      0.000000       -210.258164        176.924325     15.362896      6.361207     -0.175503      4.885514
      0.647059      0.937230      0.031212      0.156930      0.000000       -217.156338        177.504609     15.645160      6.493527     -0.175503      4.885514
      0.656863      0.935541      0.039669      0.197368      0.000000       -225.274097        178.022106     15.926973      6.625392     -0.175503      4.885514
      0.666667      0.933397      0.050233      0.244950      0.000000       -234.675880        178.467079     16.208211      6.756670     -0.175503      4.885514
      0.676471      0.930692      0.063247      0.299649      0.000000       -245.350085        178.830470     16.488722      6.887192     -0.175503      4.885514
      0.686275      0.927299      0.079042      0.360895      0.000000       -257.182201        179.105031     16.768319      7.016745     -0.175503      4.885514
      0.696078      0.923079      0.097905      0.427495      0.000000       -269.940542        179.286508     17.046775      7.145065     -0.175503      4.885514
      0.705882      0.917883      0.120051      0.497664      0.000000       -283.283880        179.374620     17.323817      7.271829     -0.175503      4.885514
      0.715686      0.911554      0.145600      0.569199      0.000000       -296.794889        179.373520     17.599129      7.396653     -0.175503      4.885514
      0.725490      0.903933      0.174561      0.639751      0.000000       -310.033908        179.291557     17.872346      7.519091     -0.175503      4.885514
      0.735294      0.894867      0.206834      0.707149      0.000000       -322.598806        179.140357     18.143056      7.638642     -0.175503      4.885514
      0.745098      0.884215      0.242224      0.769657      0.000000       -334.173995        178.933433     18.410802      7.754760     -0.175503      4.885514
      0.754902      0.871850      0.280466      0.826126      0.000000       -344.556715        178.684703     18.675088      7.866870     -0.175503      4.885514
      0.764706      0.857667      0.321257      0.876006      0.000000       -353.658237        178.407216     18.935381      7.974384     -0.175503      4.885514
      0.774510      0.841578      0.364277      0.919266      0.000000       -361.486038        178.112293     19.191121      8.076731     -0.175503      4.885514
      0.784314      0.823520      0.409217      0.956253      0.000000       -368.116618        177.809119     19.441724      8.173373     -0.175503      4.885514
      0.794118      0.803451      0.455789      0.987543      0.000000       -373.667641        177.504695     19.686591      8.263828     -0.175503      4.885514
      0.803922      0.781350      0.503738      1.013824      0.000000       -378.274759        177.204039     19.925112      8.347692     -0.175503      4.885514
      0.813725      0.757213      0.552839      1.035802      0.000000       -382.075089        176.910503     20.156676      8.424649     -0.175503      4.885514
      0.823529      0.731055      0.602904      1.054144      0.000000       -385.197021        176.626120     20.380672      8.494490     -0.175503      4.885514
      0.833333      0.702907      0.653772      1.069453      0.000000       -387.755004        176.351925     20.596494      8.557117     -0.175503      4.885514
      0.843137      0.672812      0.705312      1.082251      0.000000       -389.847729        176.088230     20.803552      8.612545     -0.175503      4.885514
      0.852941      0.640827      0.757413      1.092981      0.000000       -391.558387        175.834838     21.001266      8.660907     -0.175503      4.885514
      0.862745      0.607021      0.809986      1.102014      0.000000       -392.956019        175.591207     21.189079      8.702443     -0.175503      4.885514
      0.872549      0.571473      0.862957      1.109656      0.000000       -394.097322        175.356567     21.366454      8.737498     -0.175503      4.885514
      0.882353      0.534270      0.916267      1.116158      0.000000       -395.028543        175.130004     21.532879      8.766505     -0.175503      4.885514
      0.892157      0.495510      0.969864      1.121727      0.000000       -395.787246        174.910517     21.687871      8.789977     -0.175503      4.885514
      0.901961      0.455294      1.023710      1.126532      0.000000       -396.403880        174.697052     21.830977      8.808483     -0.175503      4.885514
      0.911765      0.413735      1.077770      1.130710      0.000000       -396.903106        174.488528     21.961775      8.822639     -0.175503      4.885514
      0.921569      0.370948      1.132017      1.134376      0.000000       -397.304903        174.283848     22.079879      8.833079     -0.175503      4.885514
      0.931373      0.327057      1.186430      1.137624      0.000000       -397.625474        174.081902     22.184936      8.840443     -0.175503      4.885514
      0.941176      0.282186      1.240990      1.140531      0.000000       -397.877977        173.881578     22.276634      8.845352     -0.175503      4.885514
      0.950980      0.236469      1.295682      1.143164      0.000000       -398.073114        173.681751     22.354697      8.848391     -0.175503      4.885514
      0.960784      0.190040      1.350495      1.145579      0.000000       -398.219611        173.481288     22.418892      8.850089     -0.175503      4.885514
      0.970588      0.143037      1.405419      1.147823      0.000000       -398.324597        173.279048     22.469024      8.850905     -0.175503      4.885514
      0.980392      0.095600      1.460448      1.149940      0.000000       -398.393921        173.073875     22.504941      8.851211     -0.175503      4.885514
      0.990196      0.047873      1.515576      1.151985      0.000000       -398.432434        172.864601     22.526536      8.851282     -0.175503      4.885514
      1.000000     -0.000000      1.570796      1.153297      0.000000       -398.442326        172.740521     22.533741      8.851287     -0.175503      4.885514
