             t             r           psi            cs            qs                 p               sig             A             V            Q2             S
      0.000000     -0.000000     -1.570796      0.679018      0.000000         -4.314007          3.176654     -0.000000     -0.000000     -0.761779      3.153389
      0.009804      0.030913     -1.549747      0.689173      0.000000         -4.315294          3.149737      0.003003      0.000000     -0.761779      3.153389
      0.019608      0.061813     -1.528050      0.714374      0.000000         -4.322241          3.074758      0.012009      0.000008     -0.761779      3.153389
      0.029412      0.092683     -1.505564      0.740533      0.000000         -4.334488          3.002026      0.027015      0.000040     -0.761779      3.153389
      0.039216      0.123506     -1.482241      0.768714      0.000000         -4.352628          2.931476      0.048013      0.000129     -0.761779      3.153389
      0.049020      0.154265     -1.458009      0.799320      0.000000         -4.377328          2.863060      0.074992      0.000320     -0.761779      3.153389
      0.058824      0.184937     -1.432789      0.832722      0.000000         -4.409342          2.796751      0.107938      0.000672     -0.761779      3.153389
      0.068627      0.215500     -1.406488      0.869319      0.000000         -4.449532          2.732547      0.146833      0.001262     -0.761779      3.153389
      0.078431      0.245926     -1.379000      0.909554      0.000000         -4.498876          2.670474      0.191651      0.002181     -0.761779      3.153389
      0.088235      0.276187     -1.350207      0.953916      0.000000         -4.558490          2.610591      0.242363      0.003541     -0.761779      3.153389
      0.098039      0.306247     -1.319971      1.002943      0.000000         -4.629634          2.552997      0.298935      0.005470     -0.761779      3.153389
      0.107843      0.336069     -1.288139      1.057215      0.000000         -4.713732          2.497834      0.361324      0.008116     -0.761779      3.153389
      0.117647      0.365609     -1.254541      1.117346      0.000000         -4.812373          2.445303      0.429479      0.011648     -0.761779      3.153389
      0.127451      0.394816     -1.218986      1.183957      0.000000         -4.927316          2.395666      0.503340      0.016258     -0.761779      3.153389
      0.137255      0.423632     -1.181263      1.257638      0.000000         -5.060470          2.349262      0.582838      0.022157     -0.761779      3.153389
      0.147059      0.451991     -1.141147      1.338888      0.000000         -5.213857          2.306525      0.667890      0.029578     -0.761779      3.153389
      0.156863      0.479816     -1.098397      1.428019      0.000000         -5.389538          2.267991      0.758401      0.038775     -0.761779      3.153389
      0.166667      0.507019     -1.052769      1.525015      0.000000         -5.589480          2.234328      0.854257      0.050020     -0.761779      3.153389
      0.176471      0.533499     -1.004028      1.629352      0.000000         -5.815353          2.206343      0.955329      0.063598     -0.761779      3.153389
      0.186275      0.559142     -0.951962      1.739748      0.000000         -6.068218          2.185008      1.061466      0.079802     -0.761779      3.153389
      0.196078      0.583819     -0.896418      1.853876      0.000000         -6.348095          2.171473      1.172492      0.098922     -0.761779      3.153389
      0.205882      0.607389     -0.837333      1.968065      0.000000         -6.653392          2.167062      1.288206      0.121231     -0.761779      3.153389
      0.215686      0.629699     -0.774783      2.077067      0.000000         -6.980227          2.173271      1.408379      0.146968     -0.761779      3.153389
      0.225490      0.650590     -0.709030      2.174008      0.000000         -7.321726          2.191719      1.532750      0.176320     -0.761779      3.153389
      0.235294      0.669905     -0.640570      2.250678      0.000000         -7.667490          2.224075      1.661029      0.209393     -0.761779      3.153389
      0.245098      0.687498     -0.570167      2.298301      0.000000         -8.003481          2.271937      1.792894      0.246196     -0.761779      3.153389
      0.254902      0.703244     -0.498847      2.308797      0.000000         -8.312668          2.336668      1.928000      0.286627     -0.761779      3.153389
      0.264706      0.717057     -0.427856      2.276348      0.000000         -8.576633          2.419206      2.065977      0.330462     -0.761779      3.153389
      0.274510      0.728894     -0.358564      2.198846      0.000000         -8.778062          2.519872      2.206446      0.377375     -0.761779      3.153389
      0.284314      0.738768     -0.292339      2.078686      0.000000         -8.903667          2.638233      2.349023      0.426953     -0.761779      3.153389
      0.294118      0.746744     -0.230408      1.922554      0.000000         -8.946704          2.773043      2.493332      0.478736     -0.761779      3.153389
      0.303922      0.752933     -0.173736      1.740228      0.000000         -8.908308          2.922316      2.639014      0.532253     -0.761779      3.153389
      0.313725      0.757487     -0.122963      1.542820      0.000000         -8.797206          3.083486      2.785738      0.587056     -0.761779      3.153389
      0.323529      0.760578     -0.078386      1.341034      0.000000         -8.627981          3.253648      2.933200      0.642744     -0.761779      3.153389
      0.333333      0.762391     -0.039997      1.143899      0.000000         -8.418533          3.429817      3.081137      0.698977     -0.761779      3.153389
      0.343137      0.763111     -0.007540      0.958144      0.000000         -8.187480          3.609152      3.229316      0.755477     -0.761779      3.153389
      0.352941      0.762914      0.019410      0.788145      0.000000         -7.952083          3.789119      3.377543      0.812029     -0.761779      3.153389
      0.362745      0.761962      0.041379      0.636234      0.000000         -7.726924          3.967588      3.525656      0.868469     -0.761779      3.153389
      0.372549      0.760401      0.058943      0.503166      0.000000         -7.523345          4.142864      3.673523      0.924677     -0.761779      3.153389
      0.382353      0.758359      0.072682      0.388600      0.000000         -7.349444          4.313673      3.821039      0.980566     -0.761779      3.153389
      0.392157      0.755945      0.083151      0.291510      0.000000         -7.210425          4.479116      3.968119      1.036079     -0.761779      3.153389
      0.401961      0.753252      0.090872      0.210494      0.000000         -7.109111          4.638614      4.114703      1.091176     -0.761779      3.153389
      0.411765      0.750357      0.096316      0.143997      0.000000         -7.046490          4.791841      4.260742      1.145833     -0.761779      3.153389
      0.421569      0.747325      0.099909      0.090451      0.000000         -7.022218          4.938671      4.406205      1.200035     -0.761779      3.153389
      0.431373      0.744205      0.102027      0.048362      0.000000         -7.035039          5.079123      4.551070      1.253777     -0.761779      3.153389
      0.441176      0.741039      0.103003      0.016356      0.000000         -7.083129          5.213320      4.695323      1.307059     -0.761779      3.153389
      0.450980      0.737856      0.103129     -0.006805      0.000000         -7.164342          5.341455      4.838960      1.359883     -0.761779      3.153389
      0.460784      0.734680      0.102662     -0.022213      0.000000         -7.276404          5.463761      4.981978      1.412254     -0.761779      3.153389
      0.470588      0.731524      0.101826     -0.030828      0.000000         -7.417035          5.580491      5.124382      1.464179     -0.761779      3.153389
      0.480392      0.728396      0.100817     -0.033483      0.000000         -7.584037          5.691905      5.266175      1.515666     -0.761779      3.153389
      0.490196      0.725301      0.099809     -0.030896      0.000000         -7.775352          5.798255      5.407363      1.566719     -0.761779      3.153389
      0.500000      0.722234      0.098954     -0.023686      0.000000         -7.989088          5.899777      5.547953      1.617345     -0.761779      3.153389
      0.509804      0.719189      0.098387     -0.012384      0.000000         -8.223537          5.996688      5.687950      1.667548     -0.761779      3.153389
      0.519608      0.716156      0.098226      0.002557      0.000000         -8.477173          6.089179      5.827357      1.717331     -0.761779      3.153389
      0.529412      0.713120      0.098578      0.020752      0.000000         -8.748649          6.177413      5.966174      1.766694     -0.761779      3.153389
      0.539216      0.710064      0.099539      0.041873      0.000000         -9.036787          6.261526      6.104400      1.815634     -0.761779      3.153389
      0.549020      0.706969      0.101195      0.065643      0.000000         -9.340557          6.341624      6.242029      1.864145     -0.761779      3.153389
      0.558824      0.703810      0.103623      0.091831      0.000000         -9.659065          6.417784      6.379051      1.912220     -0.761779      3.153389
      0.568627      0.700564      0.106896      0.120241      0.000000         -9.991529          6.490055      6.515451      1.959845     -0.761779      3.153389
      0.578431      0.697204      0.111079      0.150710      0.000000        -10.337255          6.558461      6.651211      2.007005     -0.761779      3.153389
      0.588235      0.693700      0.116234      0.183103      0.000000        -10.695620          6.623000      6.786304      2.053678     -0.761779      3.153389
      0.598039      0.690023      0.122419      0.217307      0.000000        -11.066040          6.683650      6.920700      2.099841     -0.761779      3.153389
      0.607843      0.686139      0.129688      0.253225      0.000000        -11.447951          6.740366      7.054362      2.145463     -0.761779      3.153389
      0.617647      0.682015      0.138093      0.290777      0.000000        -11.840780          6.793091      7.187247      2.190510     -0.761779      3.153389
      0.627451      0.677616      0.147683      0.329890      0.000000        -12.243919          6.841752      7.319304      2.234942     -0.761779      3.153389
      0.637255      0.672904      0.158506      0.370497      0.000000        -12.656705          6.886268      7.450478      2.278715     -0.761779      3.153389
      0.647059      0.667843      0.170606      0.412534      0.000000        -13.078388          6.926553      7.580703      2.321778     -0.761779      3.153389
      0.656863      0.662393      0.184027      0.455934      0.000000        -13.508120          6.962522      7.709907      2.364075     -0.761779      3.153389
      0.666667      0.656515      0.198810      0.500626      0.000000        -13.944930          6.994090      7.838013      2.405547     -0.761779      3.153389
      0.676471      0.650168      0.214994      0.546532      0.000000        -14.387712          7.021183      7.964931      2.446127     -0.761779      3.153389
      0.686275      0.643310      0.232615      0.593564      0.000000        -14.835219          7.043738      8.090568      2.485745     -0.761779      3.153389
      0.696078      0.635901      0.251705      0.641621      0.000000        -15.286057          7.061706      8.214819      2.524325     -0.761779      3.153389
      0.705882      0.627897      0.272296      0.690592      0.000000        -15.738693          7.075058      8.337574      2.561791     -0.761779      3.153389
      0.715686      0.619258      0.294414      0.740353      0.000000        -16.191465          7.083788      8.458714      2.598060     -0.761779      3.153389
      0.725490      0.609941      0.318080      0.790765      0.000000        -16.642600          7.087910      8.578110      2.633048     -0.761779      3.153389
      0.735294      0.599907      0.343313      0.841681      0.000000        -17.090237          7.087467      8.695627      2.666672     -0.761779      3.153389
      0.745098      0.589115      0.370126      0.892943      0.000000        -17.532464          7.082523      8.811123      2.698849     -0.761779      3.153389
      0.754902      0.577528      0.398526      0.944386      0.000000        -17.967347          7.073170      8.924445      2.729496     -0.761779      3.153389
      0.764706      0.565109      0.428518      0.995844      0.000000        -18.392968          7.059521      9.035437      2.758536     -0.761779      3.153389
      0.774510      0.551825      0.460099      1.047147      0.000000        -18.807467          7.041712      9.143932      2.785897     -0.761779      3.153389
      0.784314      0.537644      0.493261      1.098131      0.000000        -19.209077          7.019896      9.249761      2.811515     -0.761779      3.153389
      0.794118      0.522539      0.527993      1.148637      0.000000        -19.596160          6.994240      9.352745      2.835337     -0.761779      3.153389
      0.803922      0.506486      0.564276      1.198518      0.000000        -19.967234          6.964924      9.452704      2.857320     -0.761779      3.153389
      0.813725      0.489466      0.602091      1.247640      0.000000        -20.321002          6.932134      9.549451      2.877436     -0.761779      3.153389
      0.823529      0.471463      0.641410      1.295886      0.000000        -20.656367          6.896057      9.642796      2.895673     -0.761779      3.153389
      0.833333      0.452468      0.682207      1.343156      0.000000        -20.972440          6.856882      9.732548      2.912036     -0.761779      3.153389
      0.843137      0.432478      0.724448      1.389371      0.000000        -21.268548          6.814789      9.818514      2.926551     -0.761779      3.153389
      0.852941      0.411493      0.768102      1.434476      0.000000        -21.544229          6.769951      9.900500      2.939262     -0.761779      3.153389
      0.862745      0.389523      0.813132      1.478435      0.000000        -21.799222          6.722528      9.978314      2.950233     -0.761779      3.153389
      0.872549      0.366583      0.859503      1.521237      0.000000        -22.033451          6.672665     10.051766      2.959548     -0.761779      3.153389
      0.882353      0.342693      0.907180      1.562890      0.000000        -22.247014          6.620490     10.120669      2.967311     -0.761779      3.153389
      0.892157      0.317885      0.956127      1.603427      0.000000        -22.440152          6.566113     10.184841      2.973642     -0.761779      3.153389
      0.901961      0.292193      1.006311      1.642900      0.000000        -22.613237          6.509620     10.244109      2.978678     -0.761779      3.153389
      0.911765      0.265662      1.057699      1.681381      0.000000        -22.766742          6.451079     10.298303      2.982566     -0.761779      3.153389
      0.921569      0.238342      1.110263      1.718961      0.000000        -22.901224          6.390536     10.347266      2.985461     -0.761779      3.153389
      0.931373      0.210293      1.163976      1.755750      0.000000        -23.017299          6.328014     10.390851      2.987523     -0.761779      3.153389
      0.941176      0.181581      1.218816      1.791875      0.000000        -23.115626          6.263517     10.428922      2.988912     -0.761779      3.153389
      0.950980      0.152279      1.274765      1.827484      0.000000        -23.196889          6.197027     10.461356      2.989781     -0.761779      3.153389
      0.960784      0.122467      1.331808      1.862746      0.000000        -23.261781          6.128509     10.488048      2.990271     -0.761779      3.153389
      0.970588      0.092235      1.389939      1.897873      0.000000        -23.311000          6.057909     10.508907      2.990509     -0.761779      3.153389
      0.980392      0.061678      1.449158      1.933212      0.000000        -23.345238          5.985158     10.523860      2.990599     -0.761779      3.153389
      0.990196      0.030896      1.509486      1.970236      0.000000        -23.365191          5.910175     10.532854      2.990620     -0.761779      3.153389
      1.000000      0.000000      1.570796      1.986055      0.000000        -23.368946          5.883258     10.535856      2.990622     -0.761779      3.153389
