             t             r           psi            cs            qs                 p               sig             A             V            Q2             S
      0.000000      0.000000     -1.570796      0.604451      0.000000         -8.203188          6.785653      0.000000      0.000000     -0.479014      5.560103
      0.009804      0.054501     -1.537547      0.621182      0.000000         -8.209441          6.668201      0.009334      0.000004     -0.479014      5.560103
      0.019608      0.108940     -1.502991      0.647088      0.000000         -8.233098          6.487743      0.037326      0.000068     -0.479014      5.560103
      0.029412      0.163248     -1.466945      0.676016      0.000000         -8.276697          6.313129      0.083943      0.000351     -0.479014      5.560103
      0.039216      0.217346     -1.429216      0.709056      0.000000         -8.344572          6.143455      0.149127      0.001125     -0.479014      5.560103
      0.049020      0.271146     -1.389546      0.747439      0.000000         -8.442311          5.977943      0.232792      0.002787     -0.479014      5.560103
      0.058824      0.324545     -1.347603      0.792753      0.000000         -8.577216          5.815974      0.334818      0.005863     -0.479014      5.560103
      0.068627      0.377420     -1.302955      0.847082      0.000000         -8.758907          5.657148      0.455047      0.011019     -0.479014      5.560103
      0.078431      0.429626     -1.255040      0.913178      0.000000         -9.000135          5.501364      0.593275      0.019073     -0.479014      5.560103
      0.088235      0.480986     -1.203120      0.994679      0.000000         -9.317868          5.348969      0.749245      0.031005     -0.479014      5.560103
      0.098039      0.531279     -1.146233      1.096351      0.000000         -9.734651          5.200984      0.922631      0.047970     -0.479014      5.560103
      0.107843      0.580223     -1.083118      1.224267      0.000000        -10.280084          5.059478      1.113019      0.071305     -0.479014      5.560103
      0.117647      0.627452     -1.012153      1.385650      0.000000        -10.991769          4.928175      1.319890      0.102539     -0.479014      5.560103
      0.127451      0.672487     -0.931312      1.587686      0.000000        -11.913756          4.813421      1.542576      0.143365     -0.479014      5.560103
      0.137255      0.714689     -0.838254      1.833716      0.000000        -13.087471          4.725651      1.780223      0.195577     -0.479014      5.560103
      0.147059      0.753231     -0.730757      2.114005      0.000000        -14.524453          4.681322      2.031724      0.260891     -0.479014      5.560103
      0.156863      0.787084     -0.607850      2.388884      0.000000        -16.145427          4.704625      2.295653      0.340583     -0.479014      5.560103
      0.166667      0.815123     -0.471958      2.572069      0.000000        -17.687891          4.826476      2.570214      0.434912     -0.479014      5.560103
      0.176471      0.836408     -0.331252      2.547021      0.000000        -18.668310          5.076203      2.853242      0.542498     -0.479014      5.560103
      0.186275      0.850618     -0.199341      2.248358      0.000000        -18.581852          5.464137      3.142345      0.660216     -0.479014      5.560103
      0.196078      0.858347     -0.089971      1.741734      0.000000        -17.315550          5.966659      3.435175      0.784073     -0.479014      5.560103
      0.205882      0.860942     -0.010422      1.180508      0.000000        -15.299073          6.532587      3.729728      0.910555     -0.479014      5.560103
      0.215686      0.860013      0.040073      0.690339      0.000000        -13.165238          7.107973      4.024522      1.037389     -0.479014      5.560103
      0.225490      0.857003      0.067063      0.320750      0.000000        -11.368536          7.655662      4.318604      1.163446     -0.479014      5.560103
      0.235294      0.853013      0.077179      0.068171      0.000000        -10.092183          8.158619      4.611461      1.288314     -0.479014      5.560103
      0.245098      0.848797      0.076196     -0.090792      0.000000         -9.336946          8.614001      4.902895      1.411934     -0.479014      5.560103
      0.254902      0.844834      0.068524     -0.181165      0.000000         -9.023850          9.026367      5.192919      1.534402     -0.479014      5.560103
      0.264706      0.841396      0.057314     -0.223546      0.000000         -9.055250          9.403135      5.481670      1.655877     -0.479014      5.560103
      0.274510      0.838614      0.044740     -0.233412      0.000000         -9.341016          9.752181      5.769353      1.776539     -0.479014      5.560103
      0.284314      0.836519      0.032251     -0.222041      0.000000         -9.806265         10.080785      6.056202      1.896568     -0.479014      5.560103
      0.294118      0.835080      0.020769     -0.197599      0.000000        -10.391445         10.395258      6.342446      2.016140     -0.479014      5.560103
      0.303922      0.834226      0.010837     -0.166016      0.000000        -11.050033         10.700869      6.628301      2.135413     -0.479014      5.560103
      0.313725      0.833865      0.002721     -0.131600      0.000000        -11.745966         11.001905      6.913950      2.254527     -0.479014      5.560103
      0.323529      0.833895     -0.003515     -0.097449      0.000000        -12.451537         11.301752      7.199546      2.373599     -0.479014      5.560103
      0.333333      0.834216     -0.007948     -0.065722      0.000000        -13.145847         11.602989      7.485204      2.492722     -0.479014      5.560103
      0.343137      0.834732     -0.010750     -0.037831      0.000000        -13.813726         11.907473      7.771009      2.611963     -0.479014      5.560103
      0.352941      0.835362     -0.012157     -0.014576      0.000000        -14.444956         12.216422      8.057011      2.731367     -0.479014      5.560103
      0.362745      0.836037     -0.012430      0.003738      0.000000        -15.033654         12.530500      8.343239      2.850958     -0.479014      5.560103
      0.372549      0.836702     -0.011838      0.017195      0.000000        -15.577688         12.849907      8.629698      2.970742     -0.479014      5.560103
      0.382353      0.837316     -0.010636      0.026172      0.000000        -16.078062         13.174466      8.916377      3.090711     -0.479014      5.560103
      0.392157      0.837854     -0.009055      0.031242      0.000000        -16.538245         13.503719      9.203254      3.210848     -0.479014      5.560103
      0.401961      0.838300     -0.007289      0.033090      0.000000        -16.963473         13.837021      9.490299      3.331128     -0.479014      5.560103
      0.411765      0.838648     -0.005493      0.032438      0.000000        -17.360051         14.173615      9.777481      3.451524     -0.479014      5.560103
      0.421569      0.838901     -0.003785      0.029985      0.000000        -17.734714         14.512713     10.064765      3.572008     -0.479014      5.560103
      0.431373      0.839064     -0.002245      0.026365      0.000000        -18.094095         14.853551     10.352120      3.692551     -0.479014      5.560103
      0.441176      0.839149     -0.000922      0.022125      0.000000        -18.444315         15.195429     10.639518      3.813130     -0.479014      5.560103
      0.450980      0.839169      0.000163      0.017704      0.000000        -18.790708         15.537740     10.926933      3.933724     -0.479014      5.560103
      0.460784      0.839136      0.001011      0.013444      0.000000        -19.137685         15.879984     11.214345      4.054316     -0.479014      5.560103
      0.470588      0.839063      0.001636      0.009587      0.000000        -19.488692         16.221773     11.501739      4.174893     -0.479014      5.560103
      0.480392      0.838961      0.002066      0.006294      0.000000        -19.846259         16.562817     11.789102      4.295444     -0.479014      5.560103
      0.490196      0.838841      0.002335      0.003658      0.000000        -20.212109         16.902919     12.076428      4.415962     -0.479014      5.560103
      0.500000      0.838709      0.002478      0.001718      0.000000        -20.587295         17.241959     12.363710      4.536444     -0.479014      5.560103
      0.509804      0.838572      0.002535      0.000476      0.000000        -20.972356         17.579872     12.650945      4.656888     -0.479014      5.560103
      0.519608      0.838433      0.002542     -0.000091      0.000000        -21.367480         17.916634     12.938134      4.777291     -0.479014      5.560103
      0.529412      0.838295      0.002536     -0.000018      0.000000        -21.772656         18.252244     13.225275      4.897655     -0.479014      5.560103
      0.539216      0.838157      0.002551      0.000656      0.000000        -22.187821         18.586706     13.512369      5.017980     -0.479014      5.560103
      0.549020      0.838016      0.002618      0.001898      0.000000        -22.612990         18.920017     13.799415      5.138264     -0.479014      5.560103
      0.558824      0.837870      0.002768      0.003686      0.000000        -23.048381         19.252148     14.086411      5.258507     -0.479014      5.560103
      0.568627      0.837712      0.003030      0.006017      0.000000        -23.494527         19.583034     14.373357      5.378707     -0.479014      5.560103
      0.578431      0.837537      0.003434      0.008908      0.000000        -23.952383         19.912562     14.660245      5.498859     -0.479014      5.560103
      0.588235      0.837335      0.004012      0.012402      0.000000        -24.423424         20.240556     14.947069      5.618957     -0.479014      5.560103
      0.598039      0.837096      0.004798      0.016572      0.000000        -24.909753         20.566765     15.233818      5.738991     -0.479014      5.560103
      0.607843      0.836807      0.005833      0.021525      0.000000        -25.414200         20.890850     15.520476      5.858950     -0.479014      5.560103
      0.617647      0.836454      0.007162      0.027400      0.000000        -25.940427         21.212370     15.807026      5.978816     -0.479014      5.560103
      0.627451      0.836020      0.008840      0.034377      0.000000        -26.493033         21.530763     16.093441      6.098569     -0.479014      5.560103
      0.637255      0.835483      0.010934      0.042676      0.000000        -27.077659         21.845332     16.379690      6.218181     -0.479014      5.560103
      0.647059      0.834819      0.013521      0.052563      0.000000        -27.701074         22.155227     16.665735      6.337619     -0.479014      5.560103
      0.656863      0.833998      0.016698      0.064346      0.000000        -28.371248         22.459422     16.951526      6.456841     -0.479014      5.560103
      0.666667      0.832986      0.020577      0.078382      0.000000        -29.097368         22.756697     17.237004      6.575795     -0.479014      5.560103
      0.676471      0.831740      0.025292      0.095069      0.000000        -29.889789         23.045624     17.522097      6.694417     -0.479014      5.560103
      0.686275      0.830211      0.030998      0.114841      0.000000        -30.759865         23.324554     17.806716      6.812630     -0.479014      5.560103
      0.696078      0.828340      0.037877      0.138162      0.000000        -31.719634         23.591609     18.090755      6.930338     -0.479014      5.560103
      0.705882      0.826057      0.046134      0.165501      0.000000        -32.781286         23.844701     18.374085      7.047425     -0.479014      5.560103
      0.715686      0.823283      0.056001      0.197313      0.000000        -33.956388         24.081550     18.656551      7.163751     -0.479014      5.560103
      0.725490      0.819922      0.067734      0.233999      0.000000        -35.254837         24.299745     18.937969      7.279145     -0.479014      5.560103
      0.735294      0.815865      0.081606      0.275869      0.000000        -36.683560         24.496822     19.218121      7.393403     -0.479014      5.560103
      0.745098      0.810991      0.097907      0.323087      0.000000        -38.245042         24.670375     19.496746      7.506279     -0.479014      5.560103
      0.754902      0.805160      0.116927      0.375627      0.000000        -39.935855         24.818196     19.773543      7.617484     -0.479014      5.560103
      0.764706      0.798219      0.138950      0.433225      0.000000        -41.745421         24.938435     20.048157      7.726678     -0.479014      5.560103
      0.774510      0.790003      0.164240      0.495352      0.000000        -43.655317         25.029760     20.320180      7.833467     -0.479014      5.560103
      0.784314      0.780333      0.193022      0.561215      0.000000        -45.639413         25.091498     20.589145      7.937399     -0.479014      5.560103
      0.794118      0.769027      0.225474      0.629780      0.000000        -47.665006         25.123735     20.854524      8.037973     -0.479014      5.560103
      0.803922      0.755897      0.261709      0.699840      0.000000        -49.694957         25.127349     21.115723      8.134638     -0.479014      5.560103
      0.813725      0.740759      0.301775      0.770098      0.000000        -51.690564         25.103972     21.372086      8.226809     -0.479014      5.560103
      0.823529      0.723438      0.345647      0.839272      0.000000        -53.614725         25.055870     21.622896      8.313883     -0.479014      5.560103
      0.833333      0.703772      0.393233      0.906192      0.000000        -55.434850         24.985776     21.867376      8.395266     -0.479014      5.560103
      0.843137      0.681621      0.444383      0.969882      0.000000        -57.125052         24.896684     22.104698      8.470398     -0.479014      5.560103
      0.852941      0.656870      0.498899      1.029606      0.000000        -58.667337         24.791643     22.333991      8.538791     -0.479014      5.560103
      0.862745      0.629436      0.556551      1.084891      0.000000        -60.051755         24.673577     22.554349      8.600058     -0.479014      5.560103
      0.872549      0.599267      0.617090      1.135510      0.000000        -61.275684         24.545143     22.764844      8.653949     -0.479014      5.560103
      0.882353      0.566350      0.680261      1.181454      0.000000        -62.342543         24.408634     22.964535      8.700371     -0.479014      5.560103
      0.892157      0.530707      0.745812      1.222884      0.000000        -63.260261         24.265933     23.152484      8.739414     -0.479014      5.560103
      0.901961      0.492397      0.813505      1.260089      0.000000        -64.039737         24.118497     23.327767      8.771351     -0.479014      5.560103
      0.911765      0.451519      0.883119      1.293435      0.000000        -64.693499         23.967374     23.489485      8.796641     -0.479014      5.560103
      0.921569      0.408204      0.954455      1.323338      0.000000        -65.234626         23.813228     23.636780      8.815905     -0.479014      5.560103
      0.931373      0.362618      1.027337      1.350230      0.000000        -65.675965         23.656383     23.768846      8.829903     -0.479014      5.560103
      0.941176      0.314961      1.101612      1.374543      0.000000        -66.029605         23.496862     23.884938      8.839490     -0.479014      5.560103
      0.950980      0.265458      1.177153      1.396695      0.000000        -66.306572         23.334427     23.984385      8.845570     -0.479014      5.560103
      0.960784      0.214366      1.253850      1.417089      0.000000        -66.516682         23.168614     24.066597      8.849040     -0.479014      5.560103
      0.970588      0.161964      1.331621      1.436105      0.000000        -66.668517         22.998769     24.131077      8.850738     -0.479014      5.560103
      0.980392      0.108552      1.410399      1.454115      0.000000        -66.769481         22.824079     24.177427      8.851385     -0.479014      5.560103
      0.990196      0.054452      1.490140      1.471568      0.000000        -66.825926         22.643601     24.205356      8.851537     -0.479014      5.560103
      1.000000      0.000000      1.570796      1.483635      0.000000        -66.841176         22.526147     24.214686      8.851547     -0.479014      5.560103
