             t             r           psi            cs            qs                 p               sig             A             V            Q2             S
      0.000000      0.000000     -1.570796     -0.994513      0.000000      -7031.103765       3534.949381     -0.000000      0.000000      0.008855      3.673512
      0.004902      0.018006     -1.552887     -0.994536      0.000000      -7031.105211       3534.868786      0.001019      0.000000      0.008855      3.673512
      0.009804      0.036007     -1.534978     -0.994579      0.000000      -7031.109780       3534.779213      0.004074      0.000001      0.008855      3.673512
      0.014706      0.053996     -1.517068     -0.994614      0.000000      -7031.117675       3534.690429      0.009166      0.000007      0.008855      3.673512
      0.019608      0.071968     -1.499157     -0.994649      0.000000      -7031.129099       3534.602358      0.016292      0.000021      0.008855      3.673512
      0.024510      0.089917     -1.481246     -0.994685      0.000000      -7031.144261       3534.514927      0.025451      0.000051      0.008855      3.673512
      0.029412      0.107837     -1.463334     -0.994721      0.000000      -7031.163382       3534.428060      0.036638      0.000106      0.008855      3.673512
      0.034314      0.125722     -1.445421     -0.994759      0.000000      -7031.186698       3534.341684      0.049852      0.000196      0.008855      3.673512
      0.039216      0.143567     -1.427508     -0.994797      0.000000      -7031.214460       3534.255722      0.065086      0.000334      0.008855      3.673512
      0.044118      0.161366     -1.409594     -0.994836      0.000000      -7031.246941       3534.170099      0.082337      0.000534      0.008855      3.673512
      0.049020      0.179113     -1.391679     -0.994876      0.000000      -7031.284436       3534.084738      0.101599      0.000813      0.008855      3.673512
      0.053922      0.196802     -1.373763     -0.994917      0.000000      -7031.327262       3533.999563      0.122866      0.001187      0.008855      3.673512
      0.058824      0.214429     -1.355847     -0.994960      0.000000      -7031.375768       3533.914496      0.146131      0.001677      0.008855      3.673512
      0.063725      0.231987     -1.337930     -0.995004      0.000000      -7031.430327       3533.829459      0.171386      0.002304      0.008855      3.673512
      0.068627      0.249470     -1.320012     -0.995049      0.000000      -7031.491350       3533.744373      0.198624      0.003090      0.008855      3.673512
      0.073529      0.266873     -1.302094     -0.995096      0.000000      -7031.559281       3533.659157      0.227835      0.004060      0.008855      3.673512
      0.078431      0.284190     -1.284174     -0.995145      0.000000      -7031.634607       3533.573731      0.259011      0.005238      0.008855      3.673512
      0.083333      0.301417     -1.266254     -0.995196      0.000000      -7031.717856       3533.488010      0.292141      0.006652      0.008855      3.673512
      0.088235      0.318546     -1.248332     -0.995249      0.000000      -7031.809608       3533.401912      0.327214      0.008330      0.008855      3.673512
      0.093137      0.335573     -1.230410     -0.995305      0.000000      -7031.910493       3533.315351      0.364220      0.010301      0.008855      3.673512
      0.098039      0.352493     -1.212486     -0.995363      0.000000      -7032.021205       3533.228237      0.403146      0.012594      0.008855      3.673512
      0.102941      0.369299     -1.194562     -0.995424      0.000000      -7032.142501       3533.140481      0.443980      0.015241      0.008855      3.673512
      0.107843      0.385987     -1.176636     -0.995488      0.000000      -7032.275213       3533.051991      0.486710      0.018274      0.008855      3.673512
      0.112745      0.402551     -1.158710     -0.995555      0.000000      -7032.420253       3532.962671      0.531320      0.021726      0.008855      3.673512
      0.117647      0.418985     -1.140782     -0.995626      0.000000      -7032.578626       3532.872422      0.577797      0.025629      0.008855      3.673512
      0.122549      0.435285     -1.122852     -0.995701      0.000000      -7032.751437       3532.781145      0.626126      0.030017      0.008855      3.673512
      0.127451      0.451445     -1.104922     -0.995780      0.000000      -7032.939903       3532.688731      0.676291      0.034925      0.008855      3.673512
      0.132353      0.467460     -1.086989     -0.995864      0.000000      -7033.145369       3532.595074      0.728277      0.040387      0.008855      3.673512
      0.137255      0.483325     -1.069056     -0.995954      0.000000      -7033.369322       3532.500057      0.782066      0.046437      0.008855      3.673512
      0.142157      0.499034     -1.051120     -0.996049      0.000000      -7033.613407       3532.403563      0.837642      0.053111      0.008855      3.673512
      0.147059      0.514583     -1.033183     -0.996150      0.000000      -7033.879447       3532.305467      0.894985      0.060441      0.008855      3.673512
      0.151961      0.529967     -1.015244     -0.996257      0.000000      -7034.169471       3532.205637      0.954079      0.068464      0.008855      3.673512
      0.156863      0.545180     -0.997303     -0.996373      0.000000      -7034.485730       3532.103937      1.014904      0.077213      0.008855      3.673512
      0.161765      0.560218     -0.979360     -0.996496      0.000000      -7034.830738       3532.000222      1.077440      0.086721      0.008855      3.673512
      0.166667      0.575076     -0.961414     -0.996628      0.000000      -7035.207298       3531.894338      1.141668      0.097022      0.008855      3.673512
      0.171569      0.589748     -0.943466     -0.996771      0.000000      -7035.618548       3531.786123      1.207566      0.108148      0.008855      3.673512
      0.176471      0.604232     -0.925516     -0.996924      0.000000      -7036.068002       3531.675405      1.275113      0.120132      0.008855      3.673512
      0.181373      0.618520     -0.907562     -0.997089      0.000000      -7036.559609       3531.562001      1.344289      0.133002      0.008855      3.673512
      0.186275      0.632610     -0.889606     -0.997267      0.000000      -7037.097813       3531.445715      1.415069      0.146791      0.008855      3.673512
      0.191176      0.646496     -0.871646     -0.997460      0.000000      -7037.687625       3531.326340      1.487433      0.161525      0.008855      3.673512
      0.196078      0.660174     -0.853682     -0.997669      0.000000      -7038.334711       3531.203652      1.561356      0.177233      0.008855      3.673512
      0.200980      0.673639     -0.835715     -0.997896      0.000000      -7039.045493       3531.077409      1.636814      0.193942      0.008855      3.673512
      0.205882      0.686887     -0.817743     -0.998144      0.000000      -7039.827267       3530.947356      1.713784      0.211675      0.008855      3.673512
      0.210784      0.699914     -0.799767     -0.998413      0.000000      -7040.688344       3530.813214      1.792240      0.230456      0.008855      3.673512
      0.215686      0.712715     -0.781785     -0.998709      0.000000      -7041.638217       3530.674681      1.872157      0.250307      0.008855      3.673512
      0.220588      0.725287     -0.763798     -0.999032      0.000000      -7042.687759       3530.531434      1.953510      0.271249      0.008855      3.673512
      0.225490      0.737624     -0.745805     -0.999387      0.000000      -7043.849466       3530.383120      2.036272      0.293298      0.008855      3.673512
      0.230392      0.749724     -0.727805     -0.999778      0.000000      -7045.137736       3530.229355      2.120417      0.316473      0.008855      3.673512
      0.235294      0.761581     -0.709798     -1.000210      0.000000      -7046.569221       3530.069722      2.205916      0.340786      0.008855      3.673512
      0.240196      0.773193     -0.691783     -1.000688      0.000000      -7048.163238       3529.903766      2.292744      0.366252      0.008855      3.673512
      0.245098      0.784554     -0.673758     -1.001218      0.000000      -7049.942284       3529.730988      2.380871      0.392880      0.008855      3.673512
      0.250000      0.795662     -0.655724     -1.001809      0.000000      -7051.932652       3529.550842      2.470269      0.420679      0.008855      3.673512
      0.254902      0.806512     -0.637678     -1.002467      0.000000      -7054.165196       3529.362730      2.560910      0.449655      0.008855      3.673512
      0.259804      0.817102     -0.619619     -1.003205      0.000000      -7056.676268       3529.165991      2.652763      0.479813      0.008855      3.673512
      0.264706      0.827426     -0.601547     -1.004033      0.000000      -7059.508892       3528.959900      2.745800      0.511154      0.008855      3.673512
      0.269608      0.837482     -0.583459     -1.004967      0.000000      -7062.714216       3528.743653      2.839990      0.543677      0.008855      3.673512
      0.274510      0.847266     -0.565353     -1.006024      0.000000      -7066.353339       3528.516364      2.935302      0.577380      0.008855      3.673512
      0.279412      0.856774     -0.547226     -1.007224      0.000000      -7070.499618       3528.277049      3.031705      0.612258      0.008855      3.673512
      0.284314      0.866004     -0.529076     -1.008593      0.000000      -7075.241596       3528.024619      3.129169      0.648304      0.008855      3.673512
      0.289216      0.874951     -0.510901     -1.010160      0.000000      -7080.686742       3527.757864      3.227661      0.685506      0.008855      3.673512
      0.294118      0.883613     -0.492694     -1.011963      0.000000      -7086.966268       3527.475438      3.327149      0.723855      0.008855      3.673512
      0.299020      0.891985     -0.474453     -1.014047      0.000000      -7094.241356       3527.175851      3.427601      0.763334      0.008855      3.673512
      0.303922      0.900065     -0.456172     -1.016469      0.000000      -7102.711290       3526.857446      3.528983      0.803927      0.008855      3.673512
      0.308824      0.907849     -0.437843     -1.019299      0.000000      -7112.624116       3526.518393      3.631263      0.845614      0.008855      3.673512
      0.313725      0.915334     -0.419459     -1.022624      0.000000      -7124.290736       3526.156675      3.734407      0.888375      0.008855      3.673512
      0.318627      0.922515     -0.401010     -1.026555      0.000000      -7138.103641       3525.770087      3.838381      0.932184      0.008855      3.673512
      0.323529      0.929391     -0.382483     -1.031233      0.000000      -7154.561943       3525.356251      3.943149      0.977016      0.008855      3.673512
      0.328431      0.935956     -0.363864     -1.036839      0.000000      -7174.304973       3524.912649      4.048679      1.022842      0.008855      3.673512
      0.333333      0.942207     -0.345135     -1.043606      0.000000      -7198.157417       3524.436710      4.154933      1.069632      0.008855      3.673512
      0.338235      0.948139     -0.326270     -1.051835      0.000000      -7227.189819       3523.925972      4.261877      1.117351      0.008855      3.673512
      0.343137      0.953748     -0.307242     -1.061922      0.000000      -7262.798874       3523.378372      4.369473      1.165966      0.008855      3.673512
      0.348039      0.959029     -0.288011     -1.074381      0.000000      -7306.811503       3522.792779      4.477686      1.215439      0.008855      3.673512
      0.352941      0.963976     -0.268530     -1.089886      0.000000      -7361.613071       3522.169917      4.586477      1.265729      0.008855      3.673512
      0.357843      0.968582     -0.248736     -1.109306      0.000000      -7430.287541       3521.513980      4.695809      1.316795      0.008855      3.673512
      0.362745      0.972839     -0.228548     -1.133736      0.000000      -7516.722577       3520.835442      4.805642      1.368593      0.008855      3.673512
      0.367647      0.976738     -0.207866     -1.164475      0.000000      -7625.543837       3520.155914      4.915937      1.421076      0.008855      3.673512
      0.372549      0.980268     -0.186564     -1.202856      0.000000      -7761.531383       3519.516426      5.026652      1.474194      0.008855      3.673512
      0.377451      0.983413     -0.164495     -1.249695      0.000000      -7927.707863       3518.991123      5.137745      1.527894      0.008855      3.673512
      0.382353      0.986159     -0.141511     -1.303886      0.000000      -8120.422818       3518.708317      5.249172      1.582119      0.008855      3.673512
      0.387255      0.988486     -0.117526     -1.359364      0.000000      -8318.741917       3518.877602      5.360885      1.636805      0.008855      3.673512
      0.392157      0.990376     -0.092640     -1.400036      0.000000      -8466.633494       3519.809053      5.472838      1.691885      0.008855      3.673512
      0.397059      0.991815     -0.067374     -1.395377      0.000000      -8457.240825       3521.881642      5.584978      1.747279      0.008855      3.673512
      0.401961      0.992805     -0.042894     -1.306690      0.000000      -8154.274677       3525.394811      5.697256      1.802903      0.008855      3.673512
      0.406863      0.993375     -0.020947     -1.114175      0.000000      -7486.470786       3530.315510      5.809622      1.858670      0.008855      3.673512
      0.411765      0.993585     -0.003234     -0.845182      0.000000      -6547.648557       3536.148086      5.922031      1.914505      0.008855      3.673512
      0.416667      0.993522      0.009406     -0.561448      0.000000      -5553.832422       3542.155971      6.034448      1.970352      0.008855      3.673512
      0.421569      0.993275      0.017222     -0.315760      0.000000      -4691.464120       3547.740817      6.146846      2.026175      0.008855      3.673512
      0.426471      0.992925      0.021140     -0.129636      0.000000      -4037.676476       3552.615958      6.259210      2.081959      0.008855      3.673512
      0.431373      0.992531      0.022237     -0.000935      0.000000      -3585.950102       3556.743911      6.371531      2.137698      0.008855      3.673512
      0.436275      0.992135      0.021450      0.081778      0.000000      -3296.459427       3560.211176      6.483808      2.193392      0.008855      3.673512
      0.441176      0.991766      0.019495      0.130677      0.000000      -3126.420520       3563.141035      6.596041      2.249045      0.008855      3.673512
      0.446078      0.991437      0.016887      0.155676      0.000000      -3040.848566       3565.652590      6.708234      2.304661      0.008855      3.673512
      0.450980      0.991159      0.013987      0.164083      0.000000      -3013.895795       3567.847142      6.820393      2.360246      0.008855      3.673512
      0.455882      0.990934      0.011045      0.161089      0.000000      -3027.189809       3569.806585      6.932523      2.415804      0.008855      3.673512
      0.460784      0.990761      0.008232      0.150353      0.000000      -3067.781762       3571.595917      7.044631      2.471342      0.008855      3.673512
      0.465686      0.990636      0.005661      0.134475      0.000000      -3126.471170       3573.266545      7.156722      2.526865      0.008855      3.673512
      0.470588      0.990555      0.003408      0.115338      0.000000      -3196.607206       3574.859192      7.268801      2.582377      0.008855      3.673512
      0.475490      0.990511      0.001518      0.094335      0.000000      -3273.282998       3576.406148      7.380874      2.637882      0.008855      3.673512
      0.480392      0.990498      0.000016      0.072511      0.000000      -3352.817675       3577.932846      7.492943      2.693385      0.008855      3.673512
      0.485294      0.990508     -0.001093      0.050655      0.000000      -3432.440882       3579.458914      7.605012      2.748887      0.008855      3.673512
      0.490196      0.990535     -0.001812      0.029348      0.000000      -3510.117834       3580.998801      7.717083      2.804391      0.008855      3.673512
      0.495098      0.990571     -0.002156      0.008984      0.000000      -3584.470210       3582.562113      7.829158      2.859899      0.008855      3.673512
      0.500000      0.990610     -0.002143     -0.010223      0.000000      -3654.758858       3584.153755      7.941238      2.915411      0.008855      3.673512
      0.504902      0.990646     -0.001795     -0.028243      0.000000      -3720.900118       3585.773980      8.053321      2.970928      0.008855      3.673512
      0.509804      0.990673     -0.001132     -0.045241      0.000000      -3783.491007       3587.418421      8.165409      3.026448      0.008855      3.673512
      0.514706      0.990685     -0.000169     -0.061575      0.000000      -3843.821229       3589.078162      8.277498      3.081970      0.008855      3.673512
      0.519608      0.990677      0.001085     -0.077790      0.000000      -3903.853117       3590.739916      8.389588      3.137493      0.008855      3.673512
      0.524510      0.990644      0.002636     -0.094604      0.000000      -3966.154571       3592.386316      8.501675      3.193014      0.008855      3.673512
      0.529412      0.990581      0.004501     -0.112866      0.000000      -4033.774152       3593.996363      8.613757      3.248528      0.008855      3.673512
      0.534314      0.990480      0.006715     -0.133507      0.000000      -4110.051558       3595.546047      8.725830      3.304033      0.008855      3.673512
      0.539216      0.990336      0.009329     -0.157467      0.000000      -4198.360867       3597.009170      8.837889      3.359524      0.008855      3.673512
      0.544118      0.990141      0.012411     -0.185608      0.000000      -4301.790048       3598.358425      8.949929      3.414994      0.008855      3.673512
      0.549020      0.989886      0.016043     -0.218608      0.000000      -4422.771241       3599.566766      9.061944      3.470437      0.008855      3.673512
      0.553922      0.989560      0.020316     -0.256859      0.000000      -4562.694494       3600.609084      9.173926      3.525844      0.008855      3.673512
      0.558824      0.989150      0.025325     -0.300367      0.000000      -4721.561784       3601.464136      9.285866      3.581204      0.008855      3.673512
      0.563725      0.988643      0.031163     -0.348693      0.000000      -4897.760078       3602.116531      9.397755      3.636505      0.008855      3.673512
      0.568627      0.988022      0.037907     -0.400944      0.000000      -5088.037083       3602.558500      9.509580      3.691733      0.008855      3.673512
      0.573529      0.987272      0.045619     -0.455839      0.000000      -5287.736053       3602.791050      9.621327      3.746869      0.008855      3.673512
      0.578431      0.986374      0.054331     -0.511843      0.000000      -5491.283598       3602.824187      9.732982      3.801893      0.008855      3.673512
      0.583333      0.985310      0.064049     -0.567344      0.000000      -5692.845610       3602.676033      9.844525      3.856780      0.008855      3.673512
      0.588235      0.984063      0.074752     -0.620846      0.000000      -5887.007360       3602.370962      9.955938      3.911502      0.008855      3.673512
      0.593137      0.982615      0.086390     -0.671120      0.000000      -6069.326328       3601.937100     10.067199      3.966029      0.008855      3.673512
      0.598039      0.980950      0.098897     -0.717291      0.000000      -6236.655194       3601.403705     10.178284      4.020327      0.008855      3.673512
      0.602941      0.979054      0.112195     -0.758860      0.000000      -6387.211271       3600.798859     10.289168      4.074359      0.008855      3.673512
      0.607843      0.976914      0.126199     -0.795668      0.000000      -6520.439301       3600.147789     10.399823      4.128086      0.008855      3.673512
      0.612745      0.974518      0.140823     -0.827822      0.000000      -6636.751328       3599.471897     10.510222      4.181466      0.008855      3.673512
      0.617647      0.971856      0.155986     -0.855616      0.000000      -6737.227650       3598.788434     10.620334      4.234459      0.008855      3.673512
      0.622549      0.968920      0.171614     -0.879452      0.000000      -6823.340142       3598.110643     10.730130      4.287019      0.008855      3.673512
      0.627451      0.965704      0.187639     -0.899779      0.000000      -6896.730410       3597.448201     10.839579      4.339104      0.008855      3.673512
      0.632353      0.962200      0.204001     -0.917052      0.000000      -6959.051527       3596.807789     10.948647      4.390669      0.008855      3.673512
      0.637255      0.958406      0.220650     -0.931700      0.000000      -7011.867434       3596.193692     11.057302      4.441669      0.008855      3.673512
      0.642157      0.954317      0.237543     -0.944116      0.000000      -7056.597737       3595.608346     11.165511      4.492062      0.008855      3.673512
      0.647059      0.949931      0.254641     -0.954642      0.000000      -7094.494664       3595.052817     11.273241      4.541804      0.008855      3.673512
      0.651961      0.945244      0.271914     -0.963579      0.000000      -7126.640759       3594.527184     11.380458      4.590853      0.008855      3.673512
      0.656863      0.940257      0.289336     -0.971180      0.000000      -7153.958676       3594.030844     11.487127      4.639169      0.008855      3.673512
      0.661765      0.934969      0.306885     -0.977661      0.000000      -7177.227051       3593.562743     11.593215      4.686711      0.008855      3.673512
      0.666667      0.929378      0.324541     -0.983202      0.000000      -7197.098593       3593.121546     11.698688      4.733442      0.008855      3.673512
      0.671569      0.923485      0.342290     -0.987953      0.000000      -7214.118103       3592.705763     11.803510      4.779325      0.008855      3.673512
      0.676471      0.917290      0.360118     -0.992040      0.000000      -7228.739195       3592.313838     11.907649      4.824325      0.008855      3.673512
      0.681373      0.910794      0.378014     -0.995567      0.000000      -7241.339152       3591.944208     12.011071      4.868409      0.008855      3.673512
      0.686275      0.903998      0.395970     -0.998620      0.000000      -7252.231766       3591.595342     12.113740      4.911546      0.008855      3.673512
      0.691176      0.896903      0.413977     -1.001273      0.000000      -7261.678233       3591.265772     12.215623      4.953708      0.008855      3.673512
      0.696078      0.889511      0.432029     -1.003585      0.000000      -7269.896277       3590.954105     12.316687      4.994866      0.008855      3.673512
      0.700980      0.881824      0.450119     -1.005606      0.000000      -7277.067728       3590.659033     12.416897      5.034997      0.008855      3.673512
      0.705882      0.873843      0.468244     -1.007380      0.000000      -7283.344780       3590.379333     12.516222      5.074078      0.008855      3.673512
      0.710784      0.865570      0.486399     -1.008940      0.000000      -7288.855137       3590.113871     12.614626      5.112088      0.008855      3.673512
      0.715686      0.857009      0.504580     -1.010318      0.000000      -7293.706240       3589.861597     12.712079      5.149010      0.008855      3.673512
      0.720588      0.848160      0.522784     -1.011537      0.000000      -7297.988738       3589.621542     12.808546      5.184827      0.008855      3.673512
      0.725490      0.839028      0.541009     -1.012620      0.000000      -7301.779329       3589.392812     12.903996      5.219527      0.008855      3.673512
      0.730392      0.829613      0.559253     -1.013584      0.000000      -7305.143100       3589.174585     12.998397      5.253099      0.008855      3.673512
      0.735294      0.819921      0.577513     -1.014444      0.000000      -7308.135444       3588.966105     13.091717      5.285533      0.008855      3.673512
      0.740196      0.809953      0.595787     -1.015215      0.000000      -7310.803643       3588.766674     13.183925      5.316825      0.008855      3.673512
      0.745098      0.799712      0.614075     -1.015907      0.000000      -7313.188177       3588.575653     13.274989      5.346969      0.008855      3.673512
      0.750000      0.789202      0.632375     -1.016529      0.000000      -7315.323796       3588.392451     13.364880      5.375965      0.008855      3.673512
      0.754902      0.778426      0.650685     -1.017090      0.000000      -7317.240420       3588.216526     13.453566      5.403813      0.008855      3.673512
      0.759804      0.767388      0.669005     -1.017597      0.000000      -7318.963879       3588.047376     13.541018      5.430517      0.008855      3.673512
      0.764706      0.756091      0.687333     -1.018057      0.000000      -7320.516536       3587.884541     13.627207      5.456081      0.008855      3.673512
      0.769608      0.744538      0.705669     -1.018475      0.000000      -7321.917801       3587.727593     13.712103      5.480515      0.008855      3.673512
      0.774510      0.732735      0.724013     -1.018855      0.000000      -7323.184566       3587.576138     13.795677      5.503826      0.008855      3.673512
      0.779412      0.720683      0.742363     -1.019201      0.000000      -7324.331569       3587.429810     13.877902      5.526028      0.008855      3.673512
      0.784314      0.708389      0.760719     -1.019518      0.000000      -7325.371697       3587.288272     13.958750      5.547134      0.008855      3.673512
      0.789216      0.695855      0.779081     -1.019808      0.000000      -7326.316252       3587.151208     14.038193      5.567159      0.008855      3.673512
      0.794118      0.683085      0.797447     -1.020074      0.000000      -7327.175164       3587.018327     14.116204      5.586123      0.008855      3.673512
      0.799020      0.670085      0.815818     -1.020318      0.000000      -7327.957176       3586.889357     14.192758      5.604044      0.008855      3.673512
      0.803922      0.656858      0.834194     -1.020544      0.000000      -7328.670009       3586.764044     14.267828      5.620945      0.008855      3.673512
      0.808824      0.643408      0.852573     -1.020751      0.000000      -7329.320489       3586.642150     14.341389      5.636847      0.008855      3.673512
      0.813725      0.629741      0.870956     -1.020943      0.000000      -7329.914668       3586.523455     14.413415      5.651775      0.008855      3.673512
      0.818627      0.615860      0.889342     -1.021121      0.000000      -7330.457920       3586.407751     14.483883      5.665756      0.008855      3.673512
      0.823529      0.601771      0.907731     -1.021286      0.000000      -7330.955029       3586.294842     14.552769      5.678817      0.008855      3.673512
      0.828431      0.587478      0.926123     -1.021439      0.000000      -7331.410257       3586.184544     14.620049      5.690986      0.008855      3.673512
      0.833333      0.572986      0.944518     -1.021581      0.000000      -7331.827413       3586.076686     14.685701      5.702293      0.008855      3.673512
      0.838235      0.558300      0.962915     -1.021714      0.000000      -7332.209904       3585.971103     14.749701      5.712769      0.008855      3.673512
      0.843137      0.543425      0.981315     -1.021838      0.000000      -7332.560783       3585.867642     14.812030      5.722446      0.008855      3.673512
      0.848039      0.528365      0.999717     -1.021954      0.000000      -7332.882792       3585.766155     14.872665      5.731355      0.008855      3.673512
      0.852941      0.513127      1.018120     -1.022062      0.000000      -7333.178395       3585.666504     14.931586      5.739531      0.008855      3.673512
      0.857843      0.497714      1.036526     -1.022164      0.000000      -7333.449814       3585.568556     14.988773      5.747005      0.008855      3.673512
      0.862745      0.482133      1.054933     -1.022260      0.000000      -7333.699048       3585.472184     15.044206      5.753814      0.008855      3.673512
      0.867647      0.466388      1.073342     -1.022350      0.000000      -7333.927909       3585.377269     15.097867      5.759991      0.008855      3.673512
      0.872549      0.450485      1.091753     -1.022435      0.000000      -7334.138029       3585.283693     15.149738      5.765570      0.008855      3.673512
      0.877451      0.434429      1.110165     -1.022515      0.000000      -7334.330893       3585.191347     15.199801      5.770586      0.008855      3.673512
      0.882353      0.418225      1.128579     -1.022591      0.000000      -7334.507841       3585.100122     15.248038      5.775073      0.008855      3.673512
      0.887255      0.401880      1.146994     -1.022663      0.000000      -7334.670096       3585.009917     15.294435      5.779066      0.008855      3.673512
      0.892157      0.385398      1.165410     -1.022731      0.000000      -7334.818766       3584.920630     15.338974      5.782599      0.008855      3.673512
      0.897059      0.368786      1.183827     -1.022796      0.000000      -7334.954861       3584.832165     15.381641      5.785705      0.008855      3.673512
      0.901961      0.352049      1.202246     -1.022857      0.000000      -7335.079301       3584.744429     15.422421      5.788417      0.008855      3.673512
      0.906863      0.335192      1.220665     -1.022916      0.000000      -7335.192925       3584.657330     15.461300      5.790767      0.008855      3.673512
      0.911765      0.318221      1.239086     -1.022972      0.000000      -7335.296500       3584.570779     15.498266      5.792788      0.008855      3.673512
      0.916667      0.301142      1.257507     -1.023026      0.000000      -7335.390726       3584.484688     15.533306      5.794509      0.008855      3.673512
      0.921569      0.283961      1.275930     -1.023078      0.000000      -7335.476245       3584.398973     15.566407      5.795960      0.008855      3.673512
      0.926471      0.266683      1.294353     -1.023127      0.000000      -7335.553644       3584.313549     15.597559      5.797169      0.008855      3.673512
      0.931373      0.249315      1.312778     -1.023175      0.000000      -7335.623462       3584.228335     15.626751      5.798165      0.008855      3.673512
      0.936275      0.231863      1.331203     -1.023221      0.000000      -7335.686192       3584.143250     15.653973      5.798972      0.008855      3.673512
      0.941176      0.214331      1.349629     -1.023266      0.000000      -7335.742288       3584.058213     15.679216      5.799616      0.008855      3.673512
      0.946078      0.196727      1.368055     -1.023309      0.000000      -7335.792168       3583.973146     15.702471      5.800120      0.008855      3.673512
      0.950980      0.179056      1.386483     -1.023351      0.000000      -7335.836215       3583.887970     15.723730      5.800505      0.008855      3.673512
      0.955882      0.161324      1.404911     -1.023391      0.000000      -7335.874784       3583.802609     15.742987      5.800791      0.008855      3.673512
      0.960784      0.143538      1.423340     -1.023431      0.000000      -7335.908199       3583.716985     15.760234      5.800997      0.008855      3.673512
      0.965686      0.125702      1.441770     -1.023470      0.000000      -7335.936763       3583.631022     15.775466      5.801139      0.008855      3.673512
      0.970588      0.107824      1.460200     -1.023508      0.000000      -7335.960754       3583.544645     15.788677      5.801232      0.008855      3.673512
      0.975490      0.089910      1.478631     -1.023545      0.000000      -7335.980431       3583.457779     15.799864      5.801288      0.008855      3.673512
      0.980392      0.071964      1.497063     -1.023581      0.000000      -7335.996035       3583.370348     15.809021      5.801319      0.008855      3.673512
      0.985294      0.053995      1.515495     -1.023617      0.000000      -7336.007792       3583.282277     15.816147      5.801334      0.008855      3.673512
      0.990196      0.036007      1.533928     -1.023653      0.000000      -7336.015918       3583.193492     15.821239      5.801339      0.008855      3.673512
      0.995098      0.018006      1.552362     -1.023696      0.000000      -7336.020621       3583.103919     15.824295      5.801341      0.008855      3.673512
      1.000000     -0.000000      1.570796     -1.023720      0.000000      -7336.022109       3583.023325     15.825313      5.801341      0.008855      3.673512
