             t             r           psi            cs            qs                 p               sig             A             V            Q2             S
      0.000000      0.000000     -1.570796     -0.872828      0.000000        -33.242204         19.042806      0.000000     -0.000000      0.135590      4.540370
      0.009804      0.044502     -1.531859     -0.879381      0.000000        -33.247825         18.954302      0.006224      0.000003      0.135590      4.540370
      0.019608      0.088936     -1.492475     -0.890197      0.000000        -33.270299         18.797432      0.024887      0.000043      0.135590      4.540370
      0.029412      0.133232     -1.452600     -0.901526      0.000000        -33.310581         18.644614      0.055960      0.000219      0.135590      4.540370
      0.039216      0.177317     -1.412203     -0.913661      0.000000        -33.371320         18.495250      0.099394      0.000694      0.135590      4.540370
      0.049020      0.221116     -1.371244     -0.926821      0.000000        -33.455680         18.348787      0.155120      0.001694      0.135590      4.540370
      0.058824      0.264551     -1.329672     -0.941250      0.000000        -33.567485         18.204718      0.223046      0.003512      0.135590      4.540370
      0.068627      0.307540     -1.287425     -0.957232      0.000000        -33.711373         18.062596      0.303061      0.006495      0.135590      4.540370
      0.078431      0.349998     -1.244425     -0.975107      0.000000        -33.892991         17.922045      0.395026      0.011052      0.135590      4.540370
      0.088235      0.391837     -1.200580     -0.995279      0.000000        -34.119220         17.782783      0.498782      0.017640      0.135590      4.540370
      0.098039      0.432961     -1.155777     -1.018235      0.000000        -34.398460         17.644644      0.614142      0.026764      0.135590      4.540370
      0.107843      0.473272     -1.109880     -1.044558      0.000000        -34.740951         17.507621      0.740893      0.038967      0.135590      4.540370
      0.117647      0.512661     -1.062723     -1.074946      0.000000        -35.159145         17.371920      0.878792      0.054823      0.135590      4.540370
      0.127451      0.551013     -1.014108     -1.110230      0.000000        -35.668086         17.238040      1.027565      0.074930      0.135590      4.540370
      0.137255      0.588201     -0.963796     -1.151371      0.000000        -36.285727         17.106888      1.186904      0.099895      0.135590      4.540370
      0.147059      0.624087     -0.911502     -1.199458      0.000000        -37.033020         16.979948      1.356467      0.130326      0.135590      4.540370
      0.156863      0.658516     -0.856892     -1.255633      0.000000        -37.933464         16.859509      1.535866      0.166816      0.135590      4.540370
      0.166667      0.691314     -0.799581     -1.320946      0.000000        -39.011467         16.749001      1.724670      0.209919      0.135590      4.540370
      0.176471      0.722285     -0.739147     -1.396024      0.000000        -40.288437         16.653437      1.922397      0.260135      0.135590      4.540370
      0.186275      0.751210     -0.675158     -1.480455      0.000000        -41.774765         16.579984      2.128506      0.317871      0.135590      4.540370
      0.196078      0.777843     -0.607243     -1.571727      0.000000        -43.455180         16.538610      2.342390      0.383406      0.135590      4.540370
      0.205882      0.801917     -0.535220     -1.663641      0.000000        -45.265090         16.542651      2.563371      0.456836      0.135590      4.540370
      0.215686      0.823158     -0.459296     -1.744427      0.000000        -47.058926         16.608866      2.790696      0.538018      0.135590      4.540370
      0.225490      0.841304     -0.380355     -1.795642      0.000000        -48.581865         16.756270      3.023534      0.626504      0.135590      4.540370
      0.235294      0.856157     -0.300221     -1.794008      0.000000        -49.474441         17.002845      3.260990      0.721511      0.135590      4.540370
      0.245098      0.867628     -0.221744     -1.718429      0.000000        -49.350257         17.359878      3.502128      0.821930      0.135590      4.540370
      0.254902      0.875793     -0.148461     -1.560906      0.000000        -47.953829         17.825590      3.746009      0.926433      0.135590      4.540370
      0.264706      0.880913     -0.083817     -1.334173      0.000000        -45.318274         18.381907      3.991738      1.033647      0.135590      4.540370
      0.274510      0.883406     -0.030266     -1.068392      0.000000        -41.792019         18.997624      4.238522      1.142339      0.135590      4.540370
      0.284314      0.883785      0.011240     -0.798422      0.000000        -37.896298         19.636940      4.485694      1.251547      0.135590      4.540370
      0.294118      0.882578      0.041164     -0.551527      0.000000        -34.124081         20.268388      4.732739      1.360609      0.135590      4.540370
      0.303922      0.880273      0.060908     -0.342503      0.000000        -30.812488         20.869897      4.979282      1.469125      0.135590      4.540370
      0.313725      0.877283      0.072282     -0.175434      0.000000        -28.122629         21.429371      5.225076      1.576885      0.135590      4.540370
      0.323529      0.873940      0.077114     -0.047840      0.000000        -26.082813         21.942618      5.469977      1.683804      0.135590      4.540370
      0.333333      0.870497      0.077047      0.045684      0.000000        -24.644446         22.410617      5.713924      1.789873      0.135590      4.540370
      0.343137      0.867140      0.073462      0.111217      0.000000        -23.725351         22.837216      5.956917      1.895129      0.135590      4.540370
      0.352941      0.863998      0.067476      0.154412      0.000000        -23.236001         23.227543      6.198999      1.999634      0.135590      4.540370
      0.362745      0.861159      0.059974      0.180099      0.000000        -23.092623         23.587048      6.440242      2.103464      0.135590      4.540370
      0.372549      0.858675      0.051643      0.192241      0.000000        -23.222305         23.920993      6.680741      2.206703      0.135590      4.540370
      0.382353      0.856568      0.043013      0.194028      0.000000        -23.563921         24.234204      6.920596      2.309437      0.135590      4.540370
      0.392157      0.854845      0.034485      0.188014      0.000000        -24.067178         24.530986      7.159917      2.411750      0.135590      4.540370
      0.401961      0.853493      0.026360      0.176250      0.000000        -24.691018         24.815116      7.398808      2.513726      0.135590      4.540370
      0.411765      0.852489      0.018855      0.160388      0.000000        -25.401973         25.089870      7.637370      2.615442      0.135590      4.540370
      0.421569      0.851803      0.012122      0.141769      0.000000        -26.172706         25.358066      7.875696      2.716971      0.135590      4.540370
      0.431373      0.851397      0.006258      0.121487      0.000000        -26.980843         25.622102      8.113871      2.818379      0.135590      4.540370
      0.441176      0.851232      0.001318      0.100432      0.000000        -27.808068         25.883998      8.351966      2.919723      0.135590      4.540370
      0.450980      0.851266     -0.002682      0.079326      0.000000        -28.639468         26.145424      8.590045      3.021053      0.135590      4.540370
      0.460784      0.851457     -0.005752      0.058739      0.000000        -29.463076         26.407727      8.828156      3.122410      0.135590      4.540370
      0.470588      0.851765     -0.007926      0.039112      0.000000        -30.269570         26.671950      9.066337      3.223826      0.135590      4.540370
      0.480392      0.852150     -0.009253      0.020764      0.000000        -31.052089         26.938846      9.304616      3.325323      0.135590      4.540370
      0.490196      0.852577     -0.009796      0.003898      0.000000        -31.806118         27.208897      9.543010      3.426917      0.135590      4.540370
      0.500000      0.853012     -0.009624     -0.011386      0.000000        -32.529414         27.482325      9.781525      3.528615      0.135590      4.540370
      0.509804      0.853424     -0.008806     -0.025090      0.000000        -33.221954         27.759104     10.020159      3.630414      0.135590      4.540370
      0.519608      0.853787     -0.007412     -0.037307      0.000000        -33.885858         28.038981     10.258902      3.732307      0.135590      4.540370
      0.529412      0.854076     -0.005505     -0.048212      0.000000        -34.525298         28.321485     10.497737      3.834280      0.135590      4.540370
      0.539216      0.854270     -0.003136     -0.058055      0.000000        -35.146375         28.605951     10.736640      3.936313      0.135590      4.540370
      0.549020      0.854349     -0.000347     -0.067146      0.000000        -35.756949         28.891536     10.975581      4.038379      0.135590      4.540370
      0.558824      0.854295      0.002836     -0.075848      0.000000        -36.366455         29.177234     11.214527      4.140448      0.135590      4.540370
      0.568627      0.854091      0.006405     -0.084562      0.000000        -36.985678         29.461897     11.453437      4.242486      0.135590      4.540370
      0.578431      0.853719      0.010371     -0.093719      0.000000        -37.626522         29.744250     11.692266      4.344453      0.135590      4.540370
      0.588235      0.853161      0.014762     -0.103768      0.000000        -38.301749         30.022901     11.930966      4.446305      0.135590      4.540370
      0.598039      0.852398      0.019629     -0.115164      0.000000        -39.024711         30.296354     12.169482      4.547993      0.135590      4.540370
      0.607843      0.851406      0.025042     -0.128364      0.000000        -39.809056         30.563024     12.407753      4.649462      0.135590      4.540370
      0.617647      0.850159      0.031090     -0.143811      0.000000        -40.668389         30.821238     12.645711      4.750650      0.135590      4.540370
      0.627451      0.848628      0.037884     -0.161928      0.000000        -41.615889         31.069257     12.883282      4.851489      0.135590      4.540370
      0.637255      0.846775      0.045551     -0.183105      0.000000        -42.663847         31.305286     13.120380      4.951899      0.135590      4.540370
      0.647059      0.844559      0.054236     -0.207687      0.000000        -43.823117         31.527496     13.356910      5.051791      0.135590      4.540370
      0.656863      0.841931      0.064096     -0.235958      0.000000        -45.102484         31.734059     13.592764      5.151063      0.135590      4.540370
      0.666667      0.838836      0.075300     -0.268121      0.000000        -46.507943         31.923186     13.827820      5.249597      0.135590      4.540370
      0.676471      0.835211      0.088025     -0.304286      0.000000        -48.041943         32.093180     14.061937      5.347258      0.135590      4.540370
      0.686275      0.830985      0.102449     -0.344445      0.000000        -49.702660         32.242501     14.294958      5.443889      0.135590      4.540370
      0.696078      0.826079      0.118748     -0.388462      0.000000        -51.483384         32.369832     14.526703      5.539315      0.135590      4.540370
      0.705882      0.820409      0.137086     -0.436057      0.000000        -53.372139         32.474152     14.756972      5.633334      0.135590      4.540370
      0.715686      0.813882      0.157615     -0.486811      0.000000        -55.351652         32.554809     14.985538      5.725718      0.135590      4.540370
      0.725490      0.806402      0.180464     -0.540166      0.000000        -57.399757         32.611568     15.212146      5.816214      0.135590      4.540370
      0.735294      0.797869      0.205733     -0.595451      0.000000        -59.490265         32.644650     15.436518      5.904542      0.135590      4.540370
      0.745098      0.788181      0.233493     -0.651912      0.000000        -61.594278         32.654736     15.658344      5.990401      0.135590      4.540370
      0.754902      0.777237      0.263777     -0.708751      0.000000        -63.681808         32.642946     15.877288      6.073466      0.135590      4.540370
      0.764706      0.764937      0.296584     -0.765172      0.000000        -65.723544         32.610779     16.092983      6.153400      0.135590      4.540370
      0.774510      0.751188      0.331880     -0.820424      0.000000        -67.692523         32.560041     16.305037      6.229858      0.135590      4.540370
      0.784314      0.735902      0.369597     -0.873841      0.000000        -69.565535         32.492742     16.513033      6.302497      0.135590      4.540370
      0.794118      0.719004      0.409640     -0.924870      0.000000        -71.324093         32.411000     16.716530      6.370988      0.135590      4.540370
      0.803922      0.700425      0.451893     -0.973087      0.000000        -72.954920         32.316941     16.915067      6.435027      0.135590      4.540370
      0.813725      0.680113      0.496225     -1.018204      0.000000        -74.449947         32.212612     17.108166      6.494346      0.135590      4.540370
      0.823529      0.658028      0.542492     -1.060059      0.000000        -75.805923         32.099910     17.295338      6.548730      0.135590      4.540370
      0.833333      0.634145      0.590549     -1.098606      0.000000        -77.023749         31.980540     17.476081      6.598022      0.135590      4.540370
      0.843137      0.608455      0.640249     -1.133895      0.000000        -78.107652         31.855979     17.649892      6.642138      0.135590      4.540370
      0.852941      0.580965      0.691450     -1.166049      0.000000        -79.064336         31.727467     17.816266      6.681071      0.135590      4.540370
      0.862745      0.551697      0.744015     -1.195247      0.000000        -79.902169         31.596006     17.974703      6.714896      0.135590      4.540370
      0.872549      0.520687      0.797818     -1.221704      0.000000        -80.630480         31.462370     18.124708      6.743771      0.135590      4.540370
      0.882353      0.487988      0.852743     -1.245656      0.000000        -81.258990         31.327124     18.265803      6.767936      0.135590      4.540370
      0.892157      0.453667      0.908682     -1.267347      0.000000        -81.797366         31.190642     18.397524      6.787707      0.135590      4.540370
      0.901961      0.417802      0.965541     -1.287022      0.000000        -82.254912         31.053129     18.519428      6.803462      0.135590      4.540370
      0.911765      0.380488      1.023235     -1.304917      0.000000        -82.640353         30.914641     18.631095      6.815637      0.135590      4.540370
      0.921569      0.341828      1.081690     -1.321258      0.000000        -82.961720         30.775101     18.732136      6.824704      0.135590      4.540370
      0.931373      0.301939      1.140842     -1.336261      0.000000        -83.226283         30.634321     18.822190      6.831158      0.135590      4.540370
      0.941176      0.260948      1.200636     -1.350124      0.000000        -83.440547         30.492013     18.900930      6.835497      0.135590      4.540370
      0.950980      0.218989      1.261026     -1.363034      0.000000        -83.610271         30.347804     18.968067      6.838204      0.135590      4.540370
      0.960784      0.176208      1.321971     -1.375166      0.000000        -83.740513         30.201246     19.023350      6.839728      0.135590      4.540370
      0.970588      0.132756      1.383443     -1.386686      0.000000        -83.835686         30.051828     19.066570      6.840465      0.135590      4.540370
      0.980392      0.088793      1.445417     -1.397760      0.000000        -83.899635         29.898985     19.097562      6.840743      0.135590      4.540370
      0.990196      0.044484      1.507878     -1.408656      0.000000        -83.935723         29.742109     19.116206      6.840808      0.135590      4.540370
      1.000000      0.000000      1.570796     -1.415424      0.000000        -83.944820         29.653605     19.122429      6.840812      0.135590      4.540370
