             t             r           psi            cs            qs                 p               sig             A             V            Q2             S
      0.000000      0.000000     -1.570796      0.977509      0.000000       -620.292663        317.282297     -0.000000      0.000000     -0.116638      4.563947
      0.009804      0.044730     -1.527051      0.978076      0.000000       -620.299892        317.167317      0.006289      0.000003     -0.116638      4.563947
      0.019608      0.089375     -1.483266      0.979000      0.000000       -620.328887        316.962391      0.025143      0.000049     -0.116638      4.563947
      0.029412      0.133848     -1.439440      0.979954      0.000000       -620.380993        316.761097      0.056526      0.000248     -0.116638      4.563947
      0.039216      0.178065     -1.395570      0.980962      0.000000       -620.459755        316.562401      0.100379      0.000781     -0.116638      4.563947
      0.049020      0.221939     -1.351654      0.982043      0.000000       -620.569445        316.365267      0.156616      0.001896     -0.116638      4.563947
      0.058824      0.265385     -1.307687      0.983216      0.000000       -620.715280        316.168648      0.225129      0.003905     -0.116638      4.563947
      0.068627      0.308320     -1.263665      0.984505      0.000000       -620.903674        315.971482      0.305788      0.007177     -0.116638      4.563947
      0.078431      0.350659     -1.219582      0.985937      0.000000       -621.142566        315.772682      0.398435      0.012132     -0.116638      4.563947
      0.088235      0.392319     -1.175432      0.987547      0.000000       -621.441834        315.571127      0.502892      0.019231     -0.116638      4.563947
      0.098039      0.433217     -1.131204      0.989375      0.000000       -621.813849        315.365647      0.618955      0.028967     -0.116638      4.563947
      0.107843      0.473273     -1.086889      0.991472      0.000000       -622.274211        315.155011      0.746401      0.041861     -0.116638      4.563947
      0.117647      0.512405     -1.042473      0.993904      0.000000       -622.842734        314.937914      0.884979      0.058443     -0.116638      4.563947
      0.127451      0.550534     -0.997939      0.996751      0.000000       -623.544794        314.712950      1.034420      0.079248     -0.116638      4.563947
      0.137255      0.587582     -0.953267      1.000117      0.000000       -624.413170        314.478605      1.194430      0.104802     -0.116638      4.563947
      0.147059      0.623470     -0.908430      1.004140      0.000000       -625.490609        314.233231      1.364695      0.135615     -0.116638      4.563947
      0.156863      0.658122     -0.863395      1.008996      0.000000       -626.833411        313.975035      1.544877      0.172163     -0.116638      4.563947
      0.166667      0.691461     -0.818120      1.014922      0.000000       -628.516516        313.702077      1.734619      0.214885     -0.116638      4.563947
      0.176471      0.723411     -0.772550      1.022237      0.000000       -630.640759        313.412284      1.933540      0.264170     -0.116638      4.563947
      0.186275      0.753895     -0.726614      1.031370      0.000000       -633.343325        313.103509      2.141239      0.320346     -0.116638      4.563947
      0.196078      0.782836     -0.680218      1.042916      0.000000       -636.812814        312.773674      2.357293      0.383674     -0.116638      4.563947
      0.205882      0.810154     -0.633236      1.057696      0.000000       -641.310864        312.421070      2.581257      0.454339     -0.116638      4.563947
      0.215686      0.835763     -0.585500      1.076853      0.000000       -647.202454        312.044962      2.812664      0.532442     -0.116638      4.563947
      0.225490      0.859575     -0.536781      1.101976      0.000000       -654.995875        311.646798      3.051019      0.617993     -0.116638      4.563947
      0.235294      0.881490     -0.486764      1.135231      0.000000       -665.386990        311.232565      3.295805      0.710906     -0.116638      4.563947
      0.245098      0.901395     -0.435027      1.179401      0.000000       -679.279807        310.817420      3.546473      0.810990     -0.116638      4.563947
      0.254902      0.919156     -0.381012      1.237511      0.000000       -697.685406        310.434595      3.802438      0.917936     -0.116638      4.563947
      0.264706      0.934615     -0.324050      1.311072      0.000000       -721.209886        310.151850      4.063077      1.031305     -0.116638      4.563947
      0.274510      0.947583     -0.263527      1.394638      0.000000       -748.429119        310.098356      4.327717      1.150501     -0.116638      4.563947
      0.284314      0.957858     -0.199447      1.463398      0.000000       -772.105793        310.494431      4.595629      1.274725     -0.116638      4.563947
      0.294118      0.965274     -0.133658      1.458219      0.000000       -774.402985        311.636761      4.866030      1.402943     -0.116638      4.563947
      0.303922      0.969823     -0.071226      1.302914      0.000000       -731.456977        313.739448      5.138110      1.533897     -0.116638      4.563947
      0.313725      0.971800     -0.019515      0.987645      0.000000       -638.530836        316.658072      5.411097      1.666288     -0.116638      4.563947
      0.323529      0.971809      0.016269      0.613076      0.000000       -525.215099        319.873123      5.684346      1.799072     -0.116638      4.563947
      0.333333      0.970582      0.036202      0.292827      0.000000       -426.984259        322.870915      5.957408      1.931628     -0.116638      4.563947
      0.343137      0.968752      0.043952      0.069845      0.000000       -358.315912        325.415279      6.230026      2.063696     -0.116638      4.563947
      0.352941      0.966768      0.043759     -0.065937      0.000000       -316.836600        327.497617      6.502101      2.195217     -0.116638      4.563947
      0.362745      0.964905      0.038985     -0.138954      0.000000       -295.172016        329.201539      6.773630      2.326228     -0.116638      4.563947
      0.372549      0.963314      0.031938     -0.170537      0.000000       -286.656667        330.623891      7.044670      2.456798     -0.116638      4.563947
      0.382353      0.962059      0.024114     -0.175745      0.000000       -286.514040        331.847672      7.315310      2.587013     -0.116638      4.563947
      0.392157      0.961153      0.016454     -0.164581      0.000000       -291.551877        332.937815      7.585647      2.716961     -0.116638      4.563947
      0.401961      0.960576      0.009530     -0.143684      0.000000       -299.651513        333.943822      7.855775      2.846725     -0.116638      4.563947
      0.411765      0.960285      0.003673     -0.117583      0.000000       -309.372968        334.903359      8.125783      2.976380     -0.116638      4.563947
      0.421569      0.960229     -0.000963     -0.089490      0.000000       -319.700323        335.845148      8.395743      3.105993     -0.116638      4.563947
      0.431373      0.960352     -0.004342     -0.061761      0.000000       -329.891644        336.790943      8.665714      3.235616     -0.116638      4.563947
      0.441176      0.960599     -0.006521     -0.036135      0.000000       -339.398059        337.756747      8.935739      3.365289     -0.116638      4.563947
      0.450980      0.960919     -0.007625     -0.013858      0.000000       -347.825940        338.753533      9.205844      3.495038     -0.116638      4.563947
      0.460784      0.961268     -0.007823      0.004284      0.000000       -354.923273        339.787710      9.476044      3.624878     -0.116638      4.563947
      0.470588      0.961609     -0.007309      0.017940      0.000000       -360.575750        340.861534      9.746342      3.754812     -0.116638      4.563947
      0.480392      0.961915     -0.006284      0.027181      0.000000       -364.801640        341.973607     10.016731      3.884835     -0.116638      4.563947
      0.490196      0.962166     -0.004936      0.032442      0.000000       -367.738565        343.119532     10.287199      4.014934     -0.116638      4.563947
      0.500000      0.962354     -0.003429      0.034451      0.000000       -369.620114        344.292708     10.557729      4.145094     -0.116638      4.563947
      0.509804      0.962473     -0.001888      0.034125      0.000000       -370.744902        345.485181     10.828302      4.275295     -0.116638      4.563947
      0.519608      0.962524     -0.000395      0.032470      0.000000       -371.443737        346.688428     11.098899      4.405521     -0.116638      4.563947
      0.529412      0.962510      0.001013      0.030488      0.000000       -372.051223        347.893978     11.369501      4.535751     -0.116638      4.563947
      0.539216      0.962434      0.002342      0.029127      0.000000       -372.886541        349.093779     11.640090      4.665968     -0.116638      4.563947
      0.549020      0.962300      0.003641      0.029247      0.000000       -374.245458        350.280304     11.910650      4.796157     -0.116638      4.563947
      0.558824      0.962108      0.004994      0.031639      0.000000       -376.402961        351.446396     12.181164      4.926302     -0.116638      4.563947
      0.568627      0.961851      0.006518      0.037048      0.000000       -379.623956        352.584917     12.451615      5.056384     -0.116638      4.563947
      0.578431      0.961520      0.008365      0.046222      0.000000       -384.178355        353.688254     12.721984      5.186386     -0.116638      4.563947
      0.588235      0.961095      0.010722      0.059956      0.000000       -390.356120        354.747751     12.992247      5.316285     -0.116638      4.563947
      0.598039      0.960549      0.013812      0.079122      0.000000       -398.476953        355.753173     13.262374      5.446049     -0.116638      4.563947
      0.607843      0.959844      0.017898      0.104664      0.000000       -408.888259        356.692288     13.532326      5.575638     -0.116638      4.563947
      0.617647      0.958928      0.023287      0.137547      0.000000       -421.943964        357.550748     13.802052      5.704999     -0.116638      4.563947
      0.627451      0.957736      0.030329      0.178629      0.000000       -437.957427        358.312434     14.071483      5.834059     -0.116638      4.563947
      0.637255      0.956184      0.039404      0.228460      0.000000       -457.126122        358.960466     14.340531      5.962720     -0.116638      4.563947
      0.647059      0.954174      0.050905      0.287029      0.000000       -479.436489        359.478979     14.609081      6.090852     -0.116638      4.563947
      0.656863      0.951589      0.065208      0.353515      0.000000       -504.573515        359.855539     14.876987      6.218286     -0.116638      4.563947
      0.666667      0.948297      0.082633      0.426160      0.000000       -531.874109        360.083749     15.144071      6.344807     -0.116638      4.563947
      0.676471      0.944154      0.103398      0.502355      0.000000       -560.362525        360.165305     15.410113      6.470142     -0.116638      4.563947
      0.686275      0.939010      0.127594      0.578980      0.000000       -588.879825        360.110682     15.674853      6.593963     -0.116638      4.563947
      0.696078      0.932717      0.155170      0.652916      0.000000       -616.275348        359.938051     15.937989      6.715879     -0.116638      4.563947
      0.705882      0.925134      0.185944      0.721548      0.000000       -641.594508        359.670671     16.199178      6.835448     -0.116638      4.563947
      0.715686      0.916133      0.219635      0.783099      0.000000       -664.199790        359.333584     16.458038      6.952182     -0.116638      4.563947
      0.725490      0.905604      0.255904      0.836717      0.000000       -683.798320        358.950587     16.714155      7.065563     -0.116638      4.563947
      0.735294      0.893455      0.294392      0.882345      0.000000       -700.391906        358.542153     16.967086      7.175063     -0.116638      4.563947
      0.745098      0.879618      0.334752      0.920493      0.000000       -714.187984        358.124459     17.216366      7.280159     -0.116638      4.563947
      0.754902      0.864041      0.376667      0.951988      0.000000       -725.507822        357.709345     17.461512      7.380353     -0.116638      4.563947
      0.764706      0.846694      0.419860      0.977780      0.000000       -734.713302        357.304824     17.702030      7.475190     -0.116638      4.563947
      0.774510      0.827560      0.464097      0.998808      0.000000       -742.158572        356.915846     17.937421      7.564272     -0.116638      4.563947
      0.784314      0.806639      0.509184      1.015925      0.000000       -748.163594        356.545065     18.167180      7.647266     -0.116638      4.563947
      0.794118      0.783943      0.554964      1.029869      0.000000       -753.003359        356.193512     18.390809      7.723923     -0.116638      4.563947
      0.803922      0.759496      0.601308      1.041256      0.000000       -756.906670        355.861130     18.607809      7.794073     -0.116638      4.563947
      0.813725      0.733330      0.648114      1.050591      0.000000       -760.059907        355.547171     18.817694      7.857636     -0.116638      4.563947
      0.823529      0.705488      0.695300      1.058278      0.000000       -762.612860        355.250472     19.019987      7.914621     -0.116638      4.563947
      0.833333      0.676019      0.742799      1.064645      0.000000       -764.684925        354.969650     19.214221      7.965126     -0.116638      4.563947
      0.843137      0.644982      0.790558      1.069948      0.000000       -766.370852        354.703224     19.399950      8.009332     -0.116638      4.563947
      0.852941      0.612437      0.838535      1.074395      0.000000       -767.745702        354.449692     19.576738      8.047496     -0.116638      4.563947
      0.862745      0.578455      0.886695      1.078149      0.000000       -768.868947        354.207580     19.744174      8.079951     -0.116638      4.563947
      0.872549      0.543110      0.935009      1.081339      0.000000       -769.787783        353.975465     19.901863      8.107088     -0.116638      4.563947
      0.882353      0.506479      0.983456      1.084072      0.000000       -770.539752        353.751984     20.049432      8.129349     -0.116638      4.563947
      0.892157      0.468646      1.032017      1.086430      0.000000       -771.154814        353.535837     20.186532      8.147218     -0.116638      4.563947
      0.901961      0.429697      1.080675      1.088482      0.000000       -771.656959        353.325785     20.312836      8.161203     -0.116638      4.563947
      0.911765      0.389722      1.129420      1.090282      0.000000       -772.065468        353.120641     20.428044      8.171828     -0.116638      4.563947
      0.921569      0.348815      1.178241      1.091877      0.000000       -772.395897        352.919262     20.531880      8.179617     -0.116638      4.563947
      0.931373      0.307073      1.227129      1.093302      0.000000       -772.660845        352.720542     20.624097      8.185081     -0.116638      4.563947
      0.941176      0.264592      1.276077      1.094590      0.000000       -772.870548        352.523402     20.704471      8.188706     -0.116638      4.563947
      0.950980      0.221476      1.325081      1.095766      0.000000       -773.033360        352.326784     20.772811      8.190941     -0.116638      4.563947
      0.960784      0.177826      1.374135      1.096852      0.000000       -773.156115        352.129642     20.828952      8.192185     -0.116638      4.563947
      0.970588      0.133747      1.423236      1.097868      0.000000       -773.244430        351.930939     20.872758      8.192781     -0.116638      4.563947
      0.980392      0.089345      1.472382      1.098832      0.000000       -773.302950        351.729640     20.904124      8.193004     -0.116638      4.563947
      0.990196      0.044727      1.521569      1.099769      0.000000       -773.335555        351.524713     20.922975      8.193056     -0.116638      4.563947
      1.000000     -0.000000      1.570796      1.100345      0.000000       -773.343691        351.409733     20.929263      8.193059     -0.116638      4.563947
