             t             r           psi            cs            qs                 p               sig             A             V            Q2             S
      0.000000      0.000000     -1.570796     -0.985892      0.000000      -1763.769738        894.504625      0.000000      0.000000      0.019269      6.055938
      0.009804      0.059338     -1.512255     -0.986215      0.000000      -1763.784536        894.314803      0.011071      0.000010      0.019269      6.055938
      0.019608      0.118473     -1.453688     -0.986676      0.000000      -1763.839344        894.033955      0.044246      0.000153      0.019269      6.055938
      0.029412      0.177201     -1.395093     -0.987168      0.000000      -1763.940424        893.758078      0.099412      0.000772      0.019269      6.055938
      0.039216      0.235321     -1.336467     -0.987707      0.000000      -1764.097913        893.484556      0.176379      0.002420      0.019269      6.055938
      0.049020      0.292633     -1.277808     -0.988311      0.000000      -1764.325049        893.210707      0.274882      0.005849      0.019269      6.055938
      0.058824      0.348940     -1.219110     -0.989002      0.000000      -1764.639361        892.933751      0.394584      0.011978      0.019269      6.055938
      0.068627      0.404045     -1.160367     -0.989809      0.000000      -1765.064306        892.650742      0.535073      0.021868      0.019269      6.055938
      0.078431      0.457759     -1.101573     -0.990769      0.000000      -1765.631655        892.358502      0.695865      0.036678      0.019269      6.055938
      0.088235      0.509893     -1.042716     -0.991934      0.000000      -1766.385007        892.053515      0.876406      0.057628      0.019269      6.055938
      0.098039      0.560267     -0.983781     -0.993372      0.000000      -1767.385102        891.731802      1.076072      0.085959      0.019269      6.055938
      0.107843      0.608701     -0.924751     -0.995182      0.000000      -1768.718016        891.388750      1.294174      0.122882      0.019269      6.055938
      0.117647      0.655024     -0.865600     -0.997502      0.000000      -1770.508111        891.018891      1.529955      0.169536      0.019269      6.055938
      0.127451      0.699068     -0.806290     -1.000541      0.000000      -1772.939045        890.615618      1.782597      0.226946      0.019269      6.055938
      0.137255      0.740671     -0.746771     -1.004608      0.000000      -1776.288834        890.170813      2.051219      0.295984      0.019269      6.055938
      0.147059      0.779675     -0.686969     -1.010186      0.000000      -1780.990235        889.674385      2.334880      0.377327      0.019269      6.055938
      0.156863      0.815926     -0.626773     -1.018053      0.000000      -1787.738332        889.113750      2.632584      0.471429      0.019269      6.055938
      0.166667      0.849271     -0.566011     -1.029498      0.000000      -1797.689019        888.473415      2.943273      0.578496      0.019269      6.055938
      0.176471      0.879552     -0.504413     -1.046746      0.000000      -1812.837331        887.735291      3.265835      0.698462      0.019269      6.055938
      0.186275      0.906600     -0.441525     -1.073780      0.000000      -1836.752690        886.881759      3.599096      0.830981      0.019269      6.055938
      0.196078      0.930222     -0.376574     -1.117878      0.000000      -1875.967885        885.908379      3.941815      0.975408      0.019269      6.055938
      0.205882      0.950172     -0.308197     -1.191874      0.000000      -1942.046499        884.869704      4.292669      1.130792      0.019269      6.055938
      0.215686      0.966105     -0.234117     -1.312117      0.000000      -2050.050467        884.037070      4.650229      1.295838      0.019269      6.055938
      0.225490      0.977529     -0.151815     -1.454309      0.000000      -2180.430504        884.365751      5.012910      1.468803      0.019269      6.055938
      0.235294      0.983948     -0.065584     -1.376363      0.000000      -2122.806531        888.020868      5.378928      1.647258      0.019269      6.055938
      0.245098      0.985695      0.000903     -0.799909      0.000000      -1625.237607        895.733059      5.746434      1.828171      0.019269      6.055938
      0.254902      0.984621      0.029336     -0.204083      0.000000      -1101.789435        903.650158      6.113994      2.009213      0.019269      6.055938
      0.264706      0.982731      0.031503      0.085007      0.000000       -847.601009        909.384217      6.480953      2.189607      0.019269      6.055938
      0.274510      0.981082      0.023203      0.172245      0.000000       -773.397858        913.357315      6.847233      2.369356      0.019269      6.055938
      0.284314      0.980014      0.012821      0.168043      0.000000       -780.980052        916.355940      7.213002      2.548644      0.019269      6.055938
      0.294118      0.979528      0.003957      0.127170      0.000000       -821.245030        918.904990      7.578484      2.727674      0.019269      6.055938
      0.303922      0.979488     -0.002086      0.076121      0.000000       -870.481930        921.321297      7.943873      2.906619      0.019269      6.055938
      0.313725      0.979717     -0.005168      0.029231      0.000000       -915.904018        923.794777      8.309303      3.085603      0.019269      6.055938
      0.323529      0.980053     -0.005800     -0.005518      0.000000       -950.380296        926.427997      8.674843      3.264693      0.019269      6.055938
      0.333333      0.980373     -0.004817     -0.025039      0.000000       -971.113244        929.253614      9.040508      3.443906      0.019269      6.055938
      0.343137      0.980610     -0.003106     -0.030561      0.000000       -979.169407        932.249701      9.406279      3.623224      0.019269      6.055938
      0.352941      0.980742     -0.001382     -0.026309      0.000000       -978.335726        935.361787      9.772119      3.802610      0.019269      6.055938
      0.362745      0.980783     -0.000073     -0.017425      0.000000       -973.271126        938.528129     10.137989      3.982027      0.019269      6.055938
      0.372549      0.980762      0.000680     -0.008148      0.000000       -967.843104        941.699104     10.503863      4.161447      0.019269      6.055938
      0.382353      0.980712      0.000937     -0.000967      0.000000       -964.341744        944.845485     10.869722      4.340853      0.019269      6.055938
      0.392157      0.980657      0.000854      0.003280      0.000000       -963.545238        947.957142     11.235562      4.520239      0.019269      6.055938
      0.401961      0.980614      0.000601      0.004867      0.000000       -965.209756        951.036998     11.601382      4.699608      0.019269      6.055938
      0.411765      0.980587      0.000313      0.004590      0.000000       -968.603804        954.094383     11.967190      4.878963      0.019269      6.055938
      0.421569      0.980576      0.000075      0.003335      0.000000       -972.907921        957.139901     12.332990      5.058311      0.019269      6.055938
      0.431373      0.980576     -0.000078      0.001828      0.000000       -977.446798        960.182354     12.698789      5.237657      0.019269      6.055938
      0.441176      0.980583     -0.000147      0.000537      0.000000       -981.782830        963.227456     13.064589      5.417006      0.019269      6.055938
      0.450980      0.980592     -0.000151     -0.000324      0.000000       -985.714879        966.277831     13.430392      5.596357      0.019269      6.055938
      0.460784      0.980600     -0.000117     -0.000736      0.000000       -989.223800        969.333721     13.796198      5.775711      0.019269      6.055938
      0.470588      0.980606     -0.000070     -0.000795      0.000000       -992.399078        972.393957     14.162008      5.955068      0.019269      6.055938
      0.480392      0.980609     -0.000027     -0.000641      0.000000       -995.371092        975.456839     14.527818      6.134426      0.019269      6.055938
      0.490196      0.980609      0.000004     -0.000401      0.000000       -998.262543        978.520768     14.893630      6.313785      0.019269      6.055938
      0.500000      0.980609      0.000021     -0.000170      0.000000      -1001.162561        981.584586     15.259441      6.493144      0.019269      6.055938
      0.509804      0.980607      0.000026      0.000000      0.000000      -1004.120030        984.647656     15.625251      6.672502      0.019269      6.055938
      0.519608      0.980606      0.000022      0.000096      0.000000      -1007.149452        987.709791     15.991062      6.851860      0.019269      6.055938
      0.529412      0.980605      0.000016      0.000126      0.000000      -1010.242515        990.771097     16.356871      7.031218      0.019269      6.055938
      0.539216      0.980604      0.000008      0.000110      0.000000      -1013.380168        993.831822     16.722681      7.210575      0.019269      6.055938
      0.549020      0.980604      0.000003      0.000069      0.000000      -1016.542202        996.892231     17.088490      7.389932      0.019269      6.055938
      0.558824      0.980603      0.000000      0.000018      0.000000      -1019.713321        999.952521     17.454299      7.569289      0.019269      6.055938
      0.568627      0.980603      0.000001     -0.000033      0.000000      -1022.886070       1003.012790     17.820108      7.748646      0.019269      6.055938
      0.578431      0.980603      0.000004     -0.000088      0.000000      -1026.061728       1006.073021     18.185917      7.928002      0.019269      6.055938
      0.588235      0.980603      0.000011     -0.000155      0.000000      -1029.250649       1009.133079     18.551726      8.107359      0.019269      6.055938
      0.598039      0.980602      0.000023     -0.000255      0.000000      -1032.473546       1012.192695     18.917535      8.286716      0.019269      6.055938
      0.607843      0.980600      0.000043     -0.000422      0.000000      -1035.765383       1015.251414     19.283343      8.466071      0.019269      6.055938
      0.617647      0.980597      0.000076     -0.000713      0.000000      -1039.183890       1018.308482     19.649150      8.645426      0.019269      6.055938
      0.627451      0.980590      0.000132     -0.001220      0.000000      -1042.825686       1021.362642     20.014956      8.824780      0.019269      6.055938
      0.637255      0.980580      0.000228     -0.002104      0.000000      -1046.854860       1024.411749     20.380758      9.004130      0.019269      6.055938
      0.647059      0.980562      0.000394     -0.003633      0.000000      -1051.552028       1027.452132     20.746556      9.183475      0.019269      6.055938
      0.656863      0.980531      0.000681     -0.006268      0.000000      -1057.396843       1030.477489     21.112344      9.362812      0.019269      6.055938
      0.666667      0.980477      0.001176     -0.010788      0.000000      -1065.203551       1033.477046     21.478117      9.542133      0.019269      6.055938
      0.676471      0.980384      0.002025     -0.018494      0.000000      -1076.335184       1036.432547     21.843863      9.721428      0.019269      6.055938
      0.686275      0.980225      0.003476     -0.031505      0.000000      -1093.017869       1039.313533     22.209564      9.900678      0.019269      6.055938
      0.696078      0.979952      0.005935     -0.053129      0.000000      -1118.734668       1042.070484     22.575185     10.079849      0.019269      6.055938
      0.705882      0.979488      0.010049     -0.088153      0.000000      -1158.536373       1044.626386     22.940672     10.258884      0.019269      6.055938
      0.715686      0.978707      0.016787     -0.142604      0.000000      -1218.783636       1046.870113     23.305932     10.437687      0.019269      6.055938
      0.725490      0.977416      0.027481     -0.222120      0.000000      -1305.414098       1048.660673     23.670812     10.616091      0.019269      6.055938
      0.735294      0.975335      0.043696     -0.328309      0.000000      -1420.055776       1049.856132     24.035074     10.793823      0.019269      6.055938
      0.745098      0.972092      0.066869     -0.454566      0.000000      -1555.576664       1050.371827     24.398355     10.970442      0.019269      6.055938
      0.754902      0.967248      0.097775     -0.585897      0.000000      -1695.946257       1050.238607     24.760143     11.145285      0.019269      6.055938
      0.764706      0.960354      0.136203     -0.705442      0.000000      -1823.252064       1049.606654     25.119754     11.317434      0.019269      6.055938
      0.774510      0.951003      0.181091     -0.802526      0.000000      -1926.273511       1048.681152     25.476347     11.485729      0.019269      6.055938
      0.784314      0.938878      0.231009     -0.875083      0.000000      -2002.982071       1047.644277     25.828942     11.648839      0.019269      6.055938
      0.794118      0.923757      0.284585     -0.926618      0.000000      -2057.242268       1046.616870     26.176461     11.805361      0.019269      6.055938
      0.803922      0.905507      0.340726     -0.962335      0.000000      -2094.670175       1045.661239     26.517759     11.953921      0.019269      6.055938
      0.813725      0.884065      0.398638     -0.986945      0.000000      -2120.308688       1044.800334     26.851654     12.093259      0.019269      6.055938
      0.823529      0.859420      0.457771     -1.003998      0.000000      -2137.946700       1044.035729     27.176952     12.222296      0.019269      6.055938
      0.833333      0.831602      0.517756     -1.015962      0.000000      -2150.208222       1043.359352     27.492463     12.340179      0.019269      6.055938
      0.843137      0.800675      0.578343     -1.024490      0.000000      -2158.846319       1042.759846     27.797015     12.446313      0.019269      6.055938
      0.852941      0.766725      0.639362     -1.030674      0.000000      -2165.018332       1042.225605     28.089463     12.540377      0.019269      6.055938
      0.862745      0.729862      0.700697     -1.035239      0.000000      -2169.489270       1041.746011     28.368699     12.622329      0.019269      6.055938
      0.872549      0.690210      0.762268     -1.038667      0.000000      -2172.769085       1041.311821     28.633658     12.692397      0.019269      6.055938
      0.882353      0.647911      0.824016     -1.041287      0.000000      -2175.201866       1040.915152     28.883328     12.751066      0.019269      6.055938
      0.892157      0.603120      0.885903     -1.043322      0.000000      -2177.023026       1040.549328     29.116748     12.799044      0.019269      6.055938
      0.901961      0.556003      0.947896     -1.044928      0.000000      -2178.395972       1040.208680     29.333020     12.837235      0.019269      6.055938
      0.911765      0.506738      1.009975     -1.046217      0.000000      -2179.435765       1039.888350     29.531309     12.866695      0.019269      6.055938
      0.921569      0.455512      1.072123     -1.047268      0.000000      -2180.224547       1039.584119     29.710848     12.888585      0.019269      6.055938
      0.931373      0.402522      1.134328     -1.048139      0.000000      -2180.821723       1039.292261     29.870942     12.904125      0.019269      6.055938
      0.941176      0.347970      1.196581     -1.048874      0.000000      -2181.270782       1039.009425     30.010971     12.914542      0.019269      6.055938
      0.950980      0.292067      1.258874     -1.049505      0.000000      -2181.603911       1038.732531     30.130391     12.921020      0.019269      6.055938
      0.960784      0.235029      1.321201     -1.050057      0.000000      -2181.845174       1038.458696     30.228738     12.924653      0.019269      6.055938
      0.970588      0.177077      1.383560     -1.050551      0.000000      -2182.012727       1038.185170     30.305630     12.926404      0.019269      6.055938
      0.980392      0.118436      1.445947     -1.051002      0.000000      -2182.120393       1037.909289     30.360767     12.927062      0.019269      6.055938
      0.990196      0.059333      1.508360     -1.051425      0.000000      -2182.178821       1037.628439     30.393936     12.927215      0.019269      6.055938
      1.000000      0.000000      1.570796     -1.051722      0.000000      -2182.194604       1037.438617     30.405007     12.927225      0.019269      6.055938
