             t             r           psi            cs            qs                 p               sig             A             V            Q2             S
      0.000000      0.000000     -1.570796     -0.031584      0.000000         -0.072388          1.145942     -0.000000      0.000000      0.235246      4.054406
      0.009804      0.039749     -1.569516     -0.033989      0.000000         -0.072519          1.095577      0.004964      0.000000      0.235246      4.054406
      0.019608      0.079498     -1.568069     -0.038985      0.000000         -0.073095          0.997340      0.019855      0.000001      0.235246      4.054406
      0.029412      0.119247     -1.566400     -0.045294      0.000000         -0.074174          0.902739      0.044673      0.000006      0.235246      4.054406
      0.039216      0.158995     -1.564443     -0.053543      0.000000         -0.075891          0.811646      0.079419      0.000019      0.235246      4.054406
      0.049020      0.198743     -1.562106     -0.064600      0.000000         -0.078428          0.723993      0.124091      0.000049      0.235246      4.054406
      0.058824      0.238490     -1.559252     -0.079821      0.000000         -0.082035          0.639781      0.178691      0.000110      0.235246      4.054406
      0.068627      0.278236     -1.555677     -0.101400      0.000000         -0.087074          0.559101      0.243218      0.000221      0.235246      4.054406
      0.078431      0.317979     -1.551059     -0.133040      0.000000         -0.094072          0.482157      0.317670      0.000415      0.235246      4.054406
      0.088235      0.357718     -1.544883     -0.181246      0.000000         -0.103831          0.409300      0.402048      0.000740      0.235246      4.054406
      0.098039      0.397449     -1.536277     -0.257981      0.000000         -0.117609          0.341077      0.496350      0.001277      0.235246      4.054406
      0.107843      0.437165     -1.523700     -0.386276      0.000000         -0.137475          0.278308      0.600574      0.002160      0.235246      4.054406
      0.117647      0.476851     -1.504295     -0.612185      0.000000         -0.166981          0.222185      0.714713      0.003629      0.235246      4.054406
      0.127451      0.516468     -1.472547     -1.028399      0.000000         -0.212524          0.174439      0.838756      0.006136      0.235246      4.054406
      0.137255      0.555912     -1.417801     -1.804505      0.000000         -0.285973          0.137576      0.972675      0.010569      0.235246      4.054406
      0.147059      0.594880     -1.321622     -3.133603      0.000000         -0.408776          0.115208      1.116397      0.018693      0.235246      4.054406
      0.156863      0.632539     -1.163390     -4.827552      0.000000         -0.612921          0.112381      1.269713      0.033674      0.235246      4.054406
      0.166667      0.667112     -0.945799     -5.932187      0.000000         -0.922079          0.135416      1.432096      0.059603      0.235246      4.054406
      0.176471      0.696291     -0.708864     -5.794865      0.000000         -1.310715          0.190371      1.602484      0.098950      0.235246      4.054406
      0.186275      0.718666     -0.495970     -4.840912      0.000000         -1.699892          0.280292      1.779323      0.150595      0.235246      4.054406
      0.196078      0.734396     -0.326359     -3.697840      0.000000         -2.012117          0.403422      1.960903      0.211148      0.235246      4.054406
      0.205882      0.744604     -0.200195     -2.683236      0.000000         -2.215088          0.553854      2.145695      0.277178      0.235246      4.054406
      0.215686      0.750642     -0.110189     -1.881409      0.000000         -2.319962          0.723739      2.332488      0.346198      0.235246      4.054406
      0.225490      0.753702     -0.047961     -1.280024      0.000000         -2.358785          0.905385      2.520395      0.416665      0.235246      4.054406
      0.235294      0.754723     -0.006287     -0.840404      0.000000         -2.365596          1.092468      2.708794      0.487696      0.235246      4.054406
      0.245098      0.754399      0.020475     -0.523690      0.000000         -2.367401          1.280388      2.897268      0.558808      0.235246      4.054406
      0.254902      0.753236      0.036550     -0.298092      0.000000         -2.382189          1.466134      3.085548      0.629746      0.235246      4.054406
      0.264706      0.751594      0.045057     -0.139440      0.000000         -2.420172          1.647949      3.273471      0.700386      0.235246      4.054406
      0.274510      0.749725      0.048283     -0.029877      0.000000         -2.485897          1.824988      3.460952      0.770676      0.235246      4.054406
      0.284314      0.747804      0.047907      0.043685      0.000000         -2.580197          1.997012      3.647956      0.840606      0.235246      4.054406
      0.294118      0.745949      0.045159      0.090842      0.000000         -2.701679          2.164174      3.834487      0.910187      0.235246      4.054406
      0.303922      0.744235      0.040941      0.118677      0.000000         -2.847745          2.326857      4.020571      0.979446      0.235246      4.054406
      0.313725      0.742706      0.035910      0.132453      0.000000         -3.015256          2.485565      4.206249      1.048416      0.235246      4.054406
      0.323529      0.741385      0.030544      0.136112      0.000000         -3.200938          2.640852      4.391571      1.117135      0.235246      4.054406
      0.333333      0.740278      0.025184      0.132626      0.000000         -3.401620          2.793275      4.576590      1.185641      0.235246      4.054406
      0.343137      0.739380      0.020066      0.124245      0.000000         -3.614362          2.943370      4.761359      1.253970      0.235246      4.054406
      0.352941      0.738678      0.015349      0.112673      0.000000         -3.836518          3.091628      4.945928      1.322159      0.235246      4.054406
      0.362745      0.738153      0.011133      0.099199      0.000000         -4.065765          3.238493      5.130344      1.390240      0.235246      4.054406
      0.372549      0.737785      0.007475      0.084789      0.000000         -4.300096          3.384354      5.314649      1.458242      0.235246      4.054406
      0.382353      0.737551      0.004396      0.070156      0.000000         -4.537819          3.529541      5.498880      1.526190      0.235246      4.054406
      0.392157      0.737428      0.001894      0.055816      0.000000         -4.777533          3.674332      5.683067      1.594107      0.235246      4.054406
      0.401961      0.737393     -0.000050      0.042125      0.000000         -5.018113          3.818950      5.867234      1.662010      0.235246      4.054406
      0.411765      0.737425     -0.001467      0.029312      0.000000         -5.258690          3.963568      6.051402      1.729913      0.235246      4.054406
      0.421569      0.737504     -0.002394      0.017506      0.000000         -5.498631          4.108314      6.235583      1.797826      0.235246      4.054406
      0.431373      0.737610     -0.002873      0.006758      0.000000         -5.737519          4.253269      6.419788      1.865756      0.235246      4.054406
      0.441176      0.737727     -0.002945     -0.002945      0.000000         -5.975136          4.398478      6.604021      1.933707      0.235246      4.054406
      0.450980      0.737839     -0.002651     -0.011666      0.000000         -6.211445          4.543948      6.788283      2.001680      0.235246      4.054406
      0.460784      0.737933     -0.002029     -0.019504      0.000000         -6.446573          4.689652      6.972571      2.069672      0.235246      4.054406
      0.470588      0.737996     -0.001111     -0.026585      0.000000         -6.680797          4.835536      7.156879      2.137678      0.235246      4.054406
      0.480392      0.738018      0.000076     -0.033056      0.000000         -6.914529          4.981517      7.341198      2.205693      0.235246      4.054406
      0.490196      0.737987      0.001511     -0.039078      0.000000         -7.148305          5.127490      7.525516      2.273707      0.235246      4.054406
      0.500000      0.737895      0.003179     -0.044822      0.000000         -7.382772          5.273325      7.709819      2.341709      0.235246      4.054406
      0.509804      0.737731      0.005073     -0.050462      0.000000         -7.618678          5.418875      7.894090      2.409688      0.235246      4.054406
      0.519608      0.737488      0.007192     -0.056179      0.000000         -7.856866          5.563969      8.078310      2.477629      0.235246      4.054406
      0.529412      0.737156      0.009542     -0.062151      0.000000         -8.098268          5.708421      8.262459      2.545516      0.235246      4.054406
      0.539216      0.736726      0.012138     -0.068558      0.000000         -8.343897          5.852025      8.446513      2.613331      0.235246      4.054406
      0.549020      0.736188      0.015001     -0.075579      0.000000         -8.594845          5.994556      8.630446      2.681055      0.235246      4.054406
      0.558824      0.735530      0.018157     -0.083393      0.000000         -8.852280          6.135771      8.814230      2.748666      0.235246      4.054406
      0.568627      0.734740      0.021643     -0.092178      0.000000         -9.117440          6.275407      8.997833      2.816141      0.235246      4.054406
      0.578431      0.733805      0.025500     -0.102110      0.000000         -9.391632          6.413179      9.181222      2.883452      0.235246      4.054406
      0.588235      0.732708      0.029778     -0.113365      0.000000         -9.676223          6.548781      9.364356      2.950570      0.235246      4.054406
      0.598039      0.731431      0.034533     -0.126121      0.000000         -9.972636          6.681885      9.547195      3.017462      0.235246      4.054406
      0.607843      0.729956      0.039827     -0.140554      0.000000        -10.282333          6.812137      9.729691      3.084092      0.235246      4.054406
      0.617647      0.728258      0.045731     -0.156838      0.000000        -10.606802          6.939162      9.911791      3.150418      0.235246      4.054406
      0.627451      0.726312      0.052322     -0.175146      0.000000        -10.947531          7.062560     10.093436      3.216395      0.235246      4.054406
      0.637255      0.724090      0.059684     -0.195647      0.000000        -11.305979          7.181906     10.274562      3.281971      0.235246      4.054406
      0.647059      0.721559      0.067907     -0.218503      0.000000        -11.683539          7.296756     10.455095      3.347087      0.235246      4.054406
      0.656863      0.718683      0.077088     -0.243867      0.000000        -12.081486          7.406648     10.634953      3.411680      0.235246      4.054406
      0.666667      0.715423      0.087329     -0.271878      0.000000        -12.500924          7.511105     10.814047      3.475676      0.235246      4.054406
      0.676471      0.711734      0.098738     -0.302656      0.000000        -12.942722          7.609644     10.992273      3.538994      0.235246      4.054406
      0.686275      0.707570      0.111427     -0.336299      0.000000        -13.407436          7.701780     11.169519      3.601543      0.235246      4.054406
      0.696078      0.702876      0.125512     -0.372873      0.000000        -13.895239          7.787038     11.345661      3.663222      0.235246      4.054406
      0.705882      0.697598      0.141109     -0.412406      0.000000        -14.405842          7.864962     11.520559      3.723919      0.235246      4.054406
      0.715686      0.691675      0.158337     -0.454888      0.000000        -14.938426          7.935129     11.694059      3.783511      0.235246      4.054406
      0.725490      0.685041      0.177310     -0.500256      0.000000        -15.491577          7.997156     11.865992      3.841862      0.235246      4.054406
      0.735294      0.677629      0.198143     -0.548398      0.000000        -16.063251          8.050721     12.036173      3.898826      0.235246      4.054406
      0.745098      0.669368      0.220941     -0.599143      0.000000        -16.650755          8.095566     12.204398      3.954245      0.235246      4.054406
      0.754902      0.660182      0.245805     -0.652267      0.000000        -17.250766          8.131515     12.370446      4.007950      0.235246      4.054406
      0.764706      0.649997      0.272823     -0.707491      0.000000        -17.859376          8.158479     12.534077      4.059764      0.235246      4.054406
      0.774510      0.638736      0.302073     -0.764486      0.000000        -18.472188          8.176460     12.695032      4.109504      0.235246      4.054406
      0.784314      0.626321      0.333617     -0.822883      0.000000        -19.084428          8.185557     12.853031      4.156982      0.235246      4.054406
      0.794118      0.612679      0.367504     -0.882280      0.000000        -19.691102          8.185961     13.007778      4.202012      0.235246      4.054406
      0.803922      0.597735      0.403764     -0.942260      0.000000        -20.287158          8.177948     13.158957      4.244413      0.235246      4.054406
      0.813725      0.581423      0.442414     -1.002400      0.000000        -20.867664          8.161871     13.306234      4.284016      0.235246      4.054406
      0.823529      0.563681      0.483450     -1.062288      0.000000        -21.427976          8.138146     13.449259      4.320666      0.235246      4.054406
      0.833333      0.544453      0.526855     -1.121535      0.000000        -21.963887          8.107236     13.587669      4.354238      0.235246      4.054406
      0.843137      0.523694      0.572597     -1.179791      0.000000        -22.471748          8.069634     13.721087      4.384634      0.235246      4.054406
      0.852941      0.501370      0.620629     -1.236751      0.000000        -22.948554          8.025847     13.849125      4.411796      0.235246      4.054406
      0.862745      0.477457      0.670896     -1.292165      0.000000        -23.391990          7.976375     13.971390      4.435710      0.235246      4.054406
      0.872549      0.451946      0.723331     -1.345843      0.000000        -23.800438          7.921701     14.087482      4.456411      0.235246      4.054406
      0.882353      0.424842      0.777863     -1.397658      0.000000        -24.172950          7.862273     14.197005      4.473988      0.235246      4.054406
      0.892157      0.396167      0.834417     -1.447542      0.000000        -24.509196          7.798493     14.299561      4.488581      0.235246      4.054406
      0.901961      0.365957      0.892914     -1.495487      0.000000        -24.809388          7.730712     14.394763      4.500387      0.235246      4.054406
      0.911765      0.334267      0.953280     -1.541540      0.000000        -25.074191          7.659220     14.482234      4.509647      0.235246      4.054406
      0.921569      0.301167      1.015440     -1.585800      0.000000        -25.304631          7.584244     14.561612      4.516645      0.235246      4.054406
      0.931373      0.266749      1.079326     -1.628409      0.000000        -25.502007          7.505945     14.632557      4.521700      0.235246      4.054406
      0.941176      0.231117      1.144876     -1.669554      0.000000        -25.667805          7.424421     14.694753      4.525146      0.235246      4.054406
      0.950980      0.194397      1.212036     -1.709456      0.000000        -25.803621          7.339705     14.747910      4.527325      0.235246      4.054406
      0.960784      0.156730      1.280762     -1.748376      0.000000        -25.911100          7.251773     14.791776      4.528566      0.235246      4.054406
      0.970588      0.118275      1.351020     -1.786617      0.000000        -25.991886          7.160545     14.826132      4.529174      0.235246      4.054406
      0.980392      0.079205      1.422791     -1.824568      0.000000        -26.047590          7.065891     14.850803      4.529405      0.235246      4.054406
      0.990196      0.039712      1.496077     -1.863201      0.000000        -26.079782          6.967641     14.865659      4.529460      0.235246      4.054406
      1.000000      0.000000      1.570796     -1.885680      0.000000        -26.087534          6.917275     14.870621      4.529463      0.235246      4.054406
