             t             r           psi            cs            qs                 p               sig             A             V            Q2             S
      0.000000      0.000000     -1.570796      0.800813      0.000000        -55.597227         34.712972     -0.000000     -0.000000     -0.208410      9.555085
      0.009804      0.093589     -1.495355      0.811978      0.000000        -55.628957         34.396137      0.027556      0.000049     -0.208410      9.555085
      0.019608      0.186638     -1.418610      0.826877      0.000000        -55.744116         34.008155      0.110066      0.000777     -0.208410      9.555085
      0.029412      0.278586     -1.340350      0.844552      0.000000        -55.972276         33.628058      0.247047      0.003925     -0.208410      9.555085
      0.039216      0.368837     -1.260241      0.866680      0.000000        -56.361249         33.247616      0.437679      0.012331     -0.208410      9.555085
      0.049020      0.456759     -1.177756      0.895832      0.000000        -56.987993         32.858491      0.680779      0.029818     -0.208410      9.555085
      0.058824      0.541663     -1.092056      0.936202      0.000000        -57.980924         32.452140      0.974777      0.061025     -0.208410      9.555085
      0.068627      0.622771     -1.001784      0.995024      0.000000        -59.563370         32.020052      1.317673      0.111194     -0.208410      9.555085
      0.078431      0.699153     -0.904659      1.085435      0.000000        -62.141582         31.555224      1.706968      0.185918     -0.208410      9.555085
      0.088235      0.769609     -0.796683      1.232273      0.000000        -66.483704         31.057949      2.139545      0.290847     -0.208410      9.555085
      0.098039      0.832427     -0.670615      1.481615      0.000000        -74.031921         30.556774      2.611446      0.431294     -0.208410      9.555085
      0.107843      0.884917     -0.513895      1.894409      0.000000        -86.881085         30.182799      3.117449      0.611425     -0.208410      9.555085
      0.117647      0.922821     -0.313291      2.353627      0.000000       -102.836672         30.384461      3.650303      0.831722     -0.208410      9.555085
      0.127451      0.941688     -0.098334      2.011076      0.000000        -98.129561         31.986232      4.199996      1.082677     -0.208410      9.555085
      0.137255      0.943829      0.032658      0.768403      0.000000        -63.387072         34.687951      4.755498      1.344555     -0.208410      9.555085
      0.147059      0.938821      0.061982     -0.024372      0.000000        -38.508536         37.072057      5.309683      1.605069     -0.208410      9.555085
      0.156863      0.933616      0.045577     -0.262170      0.000000        -31.357047         38.816798      5.860656      1.862547     -0.208410      9.555085
      0.166667      0.930533      0.020510     -0.249253      0.000000        -33.154941         40.179302      6.409151      2.117966     -0.208410      9.555085
      0.176471      0.929580      0.001334     -0.154859      0.000000        -38.115502         41.389627      6.956486      2.372435     -0.208410      9.555085
      0.186275      0.929984     -0.008434     -0.056906      0.000000        -43.366501         42.585346      7.503704      2.626807     -0.208410      9.555085
      0.196078      0.930911     -0.010306      0.010571      0.000000        -47.548648         43.834539      8.051349      2.881568     -0.208410      9.555085
      0.205882      0.931774     -0.007659      0.039999      0.000000        -50.265875         45.154830      8.599542      3.136841     -0.208410      9.555085
      0.215686      0.932307     -0.003726      0.040340      0.000000        -51.786726         46.531449      9.148152      3.392508     -0.208410      9.555085
      0.225490      0.932497     -0.000540      0.026511      0.000000        -52.678133         47.937119      9.696971      3.648375     -0.208410      9.555085
      0.235294      0.932455      0.001190      0.010831      0.000000        -53.457058         49.347939     10.245827      3.904276     -0.208410      9.555085
      0.245098      0.932315      0.001636     -0.000315      0.000000        -54.418771         50.750389     10.794623      4.160121     -0.208410      9.555085
      0.254902      0.932172      0.001317     -0.005583      0.000000        -55.643527         52.140742     11.343333      4.415885     -0.208410      9.555085
      0.264706      0.932076      0.000732     -0.006333      0.000000        -57.082522         53.521193     11.891971      4.671583     -0.208410      9.555085
      0.274510      0.932033      0.000205     -0.004677      0.000000        -58.642450         54.896036     12.440568      4.927243     -0.208410      9.555085
      0.284314      0.932031     -0.000125     -0.002382      0.000000        -60.238642         56.269193     12.989153      5.182892     -0.208410      9.555085
      0.294118      0.932050     -0.000254     -0.000492      0.000000        -61.817163         57.643172     13.537744      5.438546     -0.208410      9.555085
      0.303922      0.932074     -0.000243      0.000610      0.000000        -63.356027         59.018993     14.086348      5.694213     -0.208410      9.555085
      0.313725      0.932094     -0.000163      0.000983      0.000000        -64.856077         60.396615     14.634966      5.949892     -0.208410      9.555085
      0.323529      0.932105     -0.000073      0.000878      0.000000        -66.329489         61.775472     15.183592      6.205580     -0.208410      9.555085
      0.333333      0.932108     -0.000005      0.000564      0.000000        -67.790542         63.154903     15.732223      6.461271     -0.208410      9.555085
      0.343137      0.932107      0.000032      0.000238      0.000000        -69.250320         64.534392     16.280854      6.716962     -0.208410      9.555085
      0.352941      0.932103      0.000042     -0.000000      0.000000        -70.714986         65.913655     16.829483      6.972652     -0.208410      9.555085
      0.362745      0.932099      0.000036     -0.000124      0.000000        -72.186361         67.292607     17.378110      7.228340     -0.208410      9.555085
      0.372549      0.932097      0.000022     -0.000153      0.000000        -73.663491         68.671292     17.926735      7.484027     -0.208410      9.555085
      0.382353      0.932095      0.000009     -0.000126      0.000000        -75.144249         70.049809     18.475359      7.739712     -0.208410      9.555085
      0.392157      0.932095     -0.000001     -0.000077      0.000000        -76.626489         71.428257     19.023983      7.995396     -0.208410      9.555085
      0.401961      0.932095     -0.000006     -0.000030      0.000000        -78.108656         72.806709     19.572606      8.251081     -0.208410      9.555085
      0.411765      0.932096     -0.000007      0.000003      0.000000        -79.589935         74.185201     20.121230      8.506766     -0.208410      9.555085
      0.421569      0.932096     -0.000006      0.000020      0.000000        -81.070126         75.563745     20.669854      8.762451     -0.208410      9.555085
      0.431373      0.932097     -0.000003      0.000024      0.000000        -82.549411         76.942330     21.218479      9.018136     -0.208410      9.555085
      0.441176      0.932097     -0.000001      0.000020      0.000000        -84.028129         78.320941     21.767103      9.273822     -0.208410      9.555085
      0.450980      0.932097      0.000000      0.000012      0.000000        -85.506614         79.699564     22.315728      9.529508     -0.208410      9.555085
      0.460784      0.932097      0.000001      0.000005      0.000000        -86.985109         81.078185     22.864353      9.785194     -0.208410      9.555085
      0.470588      0.932097      0.000001     -0.000000      0.000000        -88.463745         82.456801     23.412977     10.040879     -0.208410      9.555085
      0.480392      0.932097      0.000001     -0.000003      0.000000        -89.942560         83.835408     23.961602     10.296565     -0.208410      9.555085
      0.490196      0.932097      0.000001     -0.000004      0.000000        -91.421527         85.214008     24.510227     10.552250     -0.208410      9.555085
      0.500000      0.932097      0.000000     -0.000003      0.000000        -92.900596         86.592603     25.058851     10.807936     -0.208410      9.555085
      0.509804      0.932097      0.000000     -0.000002      0.000000        -94.379713         87.971196     25.607476     11.063622     -0.208410      9.555085
      0.519608      0.932097     -0.000000     -0.000001      0.000000        -95.858835         89.349789     26.156100     11.319307     -0.208410      9.555085
      0.529412      0.932097     -0.000000     -0.000000      0.000000        -97.337939         90.728382     26.704725     11.574993     -0.208410      9.555085
      0.539216      0.932097     -0.000000      0.000000      0.000000        -98.817015         92.106977     27.253349     11.830678     -0.208410      9.555085
      0.549020      0.932097     -0.000000      0.000001      0.000000       -100.296066         93.485573     27.801974     12.086364     -0.208410      9.555085
      0.558824      0.932097     -0.000000      0.000001      0.000000       -101.775102         94.864170     28.350598     12.342049     -0.208410      9.555085
      0.568627      0.932097      0.000000      0.000001      0.000000       -103.254134         96.242767     28.899223     12.597735     -0.208410      9.555085
      0.578431      0.932097      0.000000      0.000001      0.000000       -104.733175         97.621363     29.447847     12.853421     -0.208410      9.555085
      0.588235      0.932097      0.000000      0.000001      0.000000       -106.212238         98.999959     29.996472     13.109106     -0.208410      9.555085
      0.598039      0.932097      0.000000      0.000002      0.000000       -107.691341        100.378553     30.545096     13.364792     -0.208410      9.555085
      0.607843      0.932097      0.000001      0.000003      0.000000       -109.170510        101.757143     31.093721     13.620477     -0.208410      9.555085
      0.617647      0.932097      0.000001      0.000006      0.000000       -110.649787        103.135729     31.642345     13.876163     -0.208410      9.555085
      0.627451      0.932096      0.000002      0.000010      0.000000       -112.129242        104.514306     32.190970     14.131848     -0.208410      9.555085
      0.637255      0.932096      0.000003      0.000017      0.000000       -113.608995        105.892869     32.739594     14.387533     -0.208410      9.555085
      0.647059      0.932096      0.000005      0.000028      0.000000       -115.089251        107.271410     33.288218     14.643219     -0.208410      9.555085
      0.656863      0.932095      0.000008      0.000047      0.000000       -116.570353        108.649911     33.836842     14.898904     -0.208410      9.555085
      0.666667      0.932094      0.000014      0.000079      0.000000       -118.052878        110.028346     34.385465     15.154588     -0.208410      9.555085
      0.676471      0.932092      0.000024      0.000131      0.000000       -119.537791        111.406670     34.934088     15.410272     -0.208410      9.555085
      0.686275      0.932090      0.000040      0.000218      0.000000       -121.026701        112.784809     35.482709     15.665954     -0.208410      9.555085
      0.696078      0.932085      0.000066      0.000362      0.000000       -122.522288        114.162638     36.031328     15.921635     -0.208410      9.555085
      0.705882      0.932077      0.000111      0.000600      0.000000       -124.029001        115.539951     36.579943     16.177312     -0.208410      9.555085
      0.715686      0.932063      0.000184      0.000991      0.000000       -125.554207        116.916406     37.128552     16.432983     -0.208410      9.555085
      0.725490      0.932041      0.000304      0.001636      0.000000       -127.110075        118.291437     37.677151     16.688644     -0.208410      9.555085
      0.735294      0.932004      0.000503      0.002692      0.000000       -128.716626        119.664112     38.225733     16.944290     -0.208410      9.555085
      0.745098      0.931943      0.000829      0.004421      0.000000       -130.406660        121.032902     38.774286     17.199909     -0.208410      9.555085
      0.754902      0.931842      0.001365      0.007239      0.000000       -132.233585        122.395305     39.322792     17.455484     -0.208410      9.555085
      0.764706      0.931676      0.002240      0.011813      0.000000       -134.283599        123.747257     39.871222     17.710988     -0.208410      9.555085
      0.774510      0.931405      0.003665      0.019194      0.000000       -136.694001        125.082213     40.419526     17.966373     -0.208410      9.555085
      0.784314      0.930962      0.005974      0.031007      0.000000       -139.679009        126.389772     40.967624     18.221565     -0.208410      9.555085
      0.794118      0.930242      0.009687      0.049682      0.000000       -143.561998        127.653738     41.515385     18.476440     -0.208410      9.555085
      0.803922      0.929079      0.015603      0.078672      0.000000       -148.805372        128.849690     42.062603     18.730796     -0.208410      9.555085
      0.813725      0.927214      0.024888      0.122458      0.000000       -156.012052        129.942619     42.608945     18.984307     -0.208410      9.555085
      0.823529      0.924261      0.039163      0.185983      0.000000       -165.845728        130.886247     43.153892     19.236449     -0.208410      9.555085
      0.833333      0.919660      0.060472      0.273033      0.000000       -178.802585        131.626986     43.696649     19.486388     -0.208410      9.555085
      0.843137      0.912651      0.091056      0.383532      0.000000       -194.831223        132.115637     44.236030     19.732830     -0.208410      9.555085
      0.852941      0.902278      0.132868      0.511097      0.000000       -212.996336        132.325901     44.770347     19.973849     -0.208410      9.555085
      0.862745      0.887459      0.186965      0.643474      0.000000       -231.559022        132.270310     45.297304     20.206749     -0.208410      9.555085
      0.872549      0.867102      0.253143      0.766937      0.000000       -248.615785        132.000317     45.813961     20.428068     -0.208410      9.555085
      0.882353      0.840251      0.330063      0.871718      0.000000       -262.859757        131.587960     46.316767     20.633805     -0.208410      9.555085
      0.892157      0.806189      0.415767      0.954368      0.000000       -273.885412        131.102156     46.801675     20.819879     -0.208410      9.555085
      0.901961      0.764489      0.508223      1.016429      0.000000       -281.974334        130.594019     47.264299     20.982713     -0.208410      9.555085
      0.911765      0.715019      0.605677      1.061768      0.000000       -287.710202        130.094294     47.700092     21.119781     -0.208410      9.555085
      0.921569      0.657907      0.706759      1.094558      0.000000       -291.698227        129.617653     48.104507     21.230017     -0.208410      9.555085
      0.931373      0.593507      0.810467      1.118343      0.000000       -294.440538        129.168377     48.473139     21.313991     -0.208410      9.555085
      0.941176      0.522355      0.916089      1.135811      0.000000       -296.311800        128.744827     48.801848     21.373866     -0.208410      9.555085
      0.950980      0.445145      1.023130      1.148897      0.000000       -297.576855        128.342271     49.086857     21.413128     -0.208410      9.555085
      0.960784      0.362694      1.131247      1.158968      0.000000       -298.418007        127.954428     49.324836     21.436150     -0.208410      9.555085
      0.970588      0.275922      1.240204      1.166983      0.000000       -298.959340        127.574215     49.512966     21.447646     -0.208410      9.555085
      0.980392      0.185830      1.349844      1.173630      0.000000       -299.285070        127.194064     49.648995     21.452087     -0.208410      9.555085
      0.990196      0.093486      1.460063      1.179421      0.000000       -299.452478        126.806038     49.731280     21.453139     -0.208410      9.555085
      1.000000     -0.000000      1.570796      1.183892      0.000000       -299.499164        126.489198     49.758821     21.453210     -0.208410      9.555085
