             t             r           psi            cs            qs                 p               sig             A             V            Q2             S
      0.000000      0.000000     -1.570796      0.956748      0.000000       -533.073947        278.586371     -0.000000      0.000000     -0.091747     10.662800
      0.009804      0.104363     -1.470692      0.958800      0.000000       -533.124390        278.191114      0.034303      0.000089     -0.091747     10.662800
      0.019608      0.207679     -1.370325      0.961485      0.000000       -533.308768        277.717318      0.136867      0.001419     -0.091747     10.662800
      0.029412      0.308903     -1.269651      0.964712      0.000000       -533.681716        277.247416      0.306663      0.007072     -0.091747     10.662800
      0.039216      0.407002     -1.168596      0.968856      0.000000       -534.334650        276.766981      0.541975      0.021857     -0.091747     10.662800
      0.049020      0.500958     -1.067036      0.974511      0.000000       -535.422209        276.260084      0.840416      0.051834     -0.091747     10.662800
      0.058824      0.589775     -0.964764      0.982691      0.000000       -537.217351        275.707980      1.198935      0.103700     -0.091747     10.662800
      0.068627      0.672476     -0.861429      0.995254      0.000000       -540.228051        275.087140      1.613837      0.184107     -0.091747     10.662800
      0.078431      0.748091     -0.756405      1.015866      0.000000       -545.463747        274.366618      2.080785      0.298938     -0.091747     10.662800
      0.088235      0.815624     -0.648494      1.052398      0.000000       -555.095823        273.505880      2.594802      0.452633     -0.091747     10.662800
      0.098039      0.873967     -0.535206      1.123335      0.000000       -574.223614        272.461497      3.150224      0.647589     -0.091747     10.662800
      0.107843      0.921686     -0.410908      1.274337      0.000000       -615.478154        271.256362      3.740572      0.883633     -0.091747     10.662800
      0.117647      0.956486     -0.263083      1.582141      0.000000       -700.925654        270.454100      4.358185      1.157281     -0.091747     10.662800
      0.127451      0.974710     -0.086276      1.631766      0.000000       -724.936776        273.159419      4.993421      1.459380     -0.091747     10.662800
      0.137255      0.976656      0.027815      0.476357      0.000000       -421.808556        281.231482      5.634932      1.772427     -0.091747     10.662800
      0.147059      0.972689      0.037438     -0.145495      0.000000       -253.559340        287.527239      6.275170      2.084235     -0.091747     10.662800
      0.156863      0.969814      0.016659     -0.204517      0.000000       -240.809290        291.372535      6.912993      2.393796     -0.091747     10.662800
      0.166667      0.969049     -0.000374     -0.112982      0.000000       -270.513992        294.370432      7.549644      2.702331     -0.091747     10.662800
      0.176471      0.969518     -0.006937     -0.018022      0.000000       -301.326755        297.344383      8.186258      3.010839     -0.091747     10.662800
      0.186275      0.970229     -0.005821      0.030435      0.000000       -318.969351        300.601843      8.823304      3.319762     -0.091747     10.662800
      0.196078      0.970650     -0.002204      0.032991      0.000000       -323.359351        304.130427      9.460735      3.629064     -0.091747     10.662800
      0.205882      0.970729      0.000390      0.015597      0.000000       -321.856504        307.775467     10.098325      3.938522     -0.091747     10.662800
      0.215686      0.970634      0.001154      0.000420      0.000000       -320.960683        311.408646     10.735899      4.247965     -0.091747     10.662800
      0.225490      0.970526      0.000811     -0.005499      0.000000       -322.821149        314.987671     11.373401      4.557337     -0.091747     10.662800
      0.235294      0.970472      0.000238     -0.004751      0.000000       -326.704910        318.526632     12.010847      4.866656     -0.091747     10.662800
      0.245098      0.970468     -0.000111     -0.001901      0.000000       -331.240511        322.052624     12.648276      5.175958     -0.091747     10.662800
      0.254902      0.970486     -0.000187      0.000217      0.000000       -335.555176        325.583016     13.285711      5.485265     -0.091747     10.662800
      0.264706      0.970502     -0.000117      0.000920      0.000000       -339.428431        329.122190     13.923158      5.794585     -0.091747     10.662800
      0.274510      0.970509     -0.000027      0.000703      0.000000       -343.009722        332.667166     14.560613      6.103912     -0.091747     10.662800
      0.284314      0.970509      0.000022      0.000247      0.000000       -346.513094        336.213689     15.198070      6.413241     -0.091747     10.662800
      0.294118      0.970506      0.000030     -0.000061      0.000000       -350.063786        339.759272     15.835526      6.722569     -0.091747     10.662800
      0.303922      0.970504      0.000017     -0.000150      0.000000       -353.686034        343.303434     16.472979      7.031895     -0.091747     10.662800
      0.313725      0.970503      0.000003     -0.000106      0.000000       -357.351877        346.846730     17.110432      7.341220     -0.091747     10.662800
      0.323529      0.970503     -0.000004     -0.000034      0.000000       -361.027534        350.389832     17.747884      7.650544     -0.091747     10.662800
      0.333333      0.970503     -0.000005      0.000012      0.000000       -364.694516        353.933105     18.385337      7.959869     -0.091747     10.662800
      0.343137      0.970504     -0.000003      0.000024      0.000000       -368.349940        357.476609     19.022790      8.269194     -0.091747     10.662800
      0.352941      0.970504     -0.000000      0.000017      0.000000       -371.998592        361.020246     19.660243      8.578520     -0.091747     10.662800
      0.362745      0.970504      0.000001      0.000005      0.000000       -375.645852        364.563912     20.297696      8.887845     -0.091747     10.662800
      0.372549      0.970504      0.000001     -0.000002      0.000000       -379.294589        368.107548     20.935149      9.197170     -0.091747     10.662800
      0.382353      0.970504      0.000000     -0.000004      0.000000       -382.945213        371.651147     21.572602      9.506496     -0.091747     10.662800
      0.392157      0.970504      0.000000     -0.000003      0.000000       -386.596937        375.194723     22.210055      9.815821     -0.091747     10.662800
      0.401961      0.970504     -0.000000     -0.000001      0.000000       -390.248891        378.738296     22.847508     10.125146     -0.091747     10.662800
      0.411765      0.970504     -0.000000      0.000000      0.000000       -393.900606        382.281873     23.484961     10.434471     -0.091747     10.662800
      0.421569      0.970504     -0.000000      0.000001      0.000000       -397.552010        385.825456     24.122414     10.743796     -0.091747     10.662800
      0.431373      0.970504     -0.000000      0.000000      0.000000       -401.203227        389.369043     24.759867     11.053122     -0.091747     10.662800
      0.441176      0.970504      0.000000      0.000000      0.000000       -404.854400        392.912630     25.397320     11.362447     -0.091747     10.662800
      0.450980      0.970504      0.000000     -0.000000      0.000000       -408.505610        396.456217     26.034773     11.671772     -0.091747     10.662800
      0.460784      0.970504      0.000000     -0.000000      0.000000       -412.156871        399.999803     26.672226     11.981097     -0.091747     10.662800
      0.470588      0.970504      0.000000     -0.000000      0.000000       -415.808165        403.543389     27.309679     12.290423     -0.091747     10.662800
      0.480392      0.970504     -0.000000     -0.000000      0.000000       -419.459469        407.086974     27.947132     12.599748     -0.091747     10.662800
      0.490196      0.970504     -0.000000      0.000000      0.000000       -423.110767        410.630559     28.584585     12.909073     -0.091747     10.662800
      0.500000      0.970504     -0.000000      0.000000      0.000000       -426.762057        414.174144     29.222038     13.218398     -0.091747     10.662800
      0.509804      0.970504     -0.000000      0.000000      0.000000       -430.413341        417.717730     29.859491     13.527724     -0.091747     10.662800
      0.519608      0.970504      0.000000      0.000000      0.000000       -434.064623        421.261315     30.496944     13.837049     -0.091747     10.662800
      0.529412      0.970504      0.000000      0.000000      0.000000       -437.715905        424.804901     31.134397     14.146374     -0.091747     10.662800
      0.539216      0.970504      0.000000     -0.000000      0.000000       -441.367189        428.348486     31.771850     14.455699     -0.091747     10.662800
      0.549020      0.970504      0.000000     -0.000000      0.000000       -445.018474        431.892072     32.409303     14.765024     -0.091747     10.662800
      0.558824      0.970504     -0.000000     -0.000000      0.000000       -448.669760        435.435657     33.046756     15.074350     -0.091747     10.662800
      0.568627      0.970504     -0.000000     -0.000000      0.000000       -452.321045        438.979243     33.684209     15.383675     -0.091747     10.662800
      0.578431      0.970504     -0.000000      0.000000      0.000000       -455.972330        442.522828     34.321662     15.693000     -0.091747     10.662800
      0.588235      0.970504     -0.000000      0.000000      0.000000       -459.623615        446.066414     34.959114     16.002325     -0.091747     10.662800
      0.598039      0.970504      0.000000      0.000000      0.000000       -463.274900        449.609999     35.596567     16.311651     -0.091747     10.662800
      0.607843      0.970504      0.000000      0.000000      0.000000       -466.926185        453.153585     36.234020     16.620976     -0.091747     10.662800
      0.617647      0.970504      0.000000      0.000000      0.000000       -470.577471        456.697170     36.871473     16.930301     -0.091747     10.662800
      0.627451      0.970504      0.000000      0.000000      0.000000       -474.228757        460.240756     37.508926     17.239626     -0.091747     10.662800
      0.637255      0.970504      0.000000      0.000000      0.000000       -477.880045        463.784341     38.146379     17.548952     -0.091747     10.662800
      0.647059      0.970504      0.000000      0.000000      0.000000       -481.531338        467.327927     38.783832     17.858277     -0.091747     10.662800
      0.656863      0.970504      0.000000      0.000000      0.000000       -485.182640        470.871512     39.421285     18.167602     -0.091747     10.662800
      0.666667      0.970504      0.000000      0.000000      0.000000       -488.833964        474.415096     40.058738     18.476927     -0.091747     10.662800
      0.676471      0.970504      0.000000      0.000000      0.000000       -492.485337        477.958680     40.696191     18.786253     -0.091747     10.662800
      0.686275      0.970504      0.000000      0.000001      0.000000       -496.136824        481.502262     41.333644     19.095578     -0.091747     10.662800
      0.696078      0.970504      0.000000      0.000002      0.000000       -499.788567        485.045838     41.971097     19.404903     -0.091747     10.662800
      0.705882      0.970504      0.000000      0.000004      0.000000       -503.440889        488.589403     42.608550     19.714228     -0.091747     10.662800
      0.715686      0.970504      0.000001      0.000009      0.000000       -507.094519        492.132942     43.246003     20.023553     -0.091747     10.662800
      0.725490      0.970503      0.000002      0.000019      0.000000       -510.751093        495.676422     43.883456     20.332878     -0.091747     10.662800
      0.735294      0.970503      0.000006      0.000043      0.000000       -514.414287        499.219771     44.520909     20.642203     -0.091747     10.662800
      0.745098      0.970502      0.000012      0.000096      0.000000       -518.092330        502.762825     45.158361     20.951528     -0.091747     10.662800
      0.754902      0.970500      0.000028      0.000214      0.000000       -521.803617        506.305219     45.795812     21.260852     -0.091747     10.662800
      0.764706      0.970496      0.000062      0.000477      0.000000       -525.589169        509.846136     46.433262     21.570173     -0.091747     10.662800
      0.774510      0.970486      0.000138      0.001059      0.000000       -529.540192        513.383765     47.070706     21.879491     -0.091747     10.662800
      0.784314      0.970463      0.000308      0.002345      0.000000       -533.858679        516.914081     47.708141     22.188798     -0.091747     10.662800
      0.794118      0.970414      0.000681      0.005177      0.000000       -538.989006        520.428206     48.345554     22.498084     -0.091747     10.662800
      0.803922      0.970306      0.001505      0.011371      0.000000       -545.896657        523.906710     48.982917     22.807322     -0.091747     10.662800
      0.813725      0.970066      0.003305      0.024749      0.000000       -556.626653        527.307772     49.620172     23.116454     -0.091747     10.662800
      0.823529      0.969543      0.007188      0.052937      0.000000       -575.281832        530.544381     50.257188     23.425351     -0.091747     10.662800
      0.833333      0.968416      0.015353      0.109448      0.000000       -609.165765        533.447991     50.893686     23.733732     -0.091747     10.662800
      0.843137      0.966051      0.031698      0.212427      0.000000       -668.090850        535.737548     51.529084     24.040984     -0.091747     10.662800
      0.852941      0.961313      0.061759      0.371455      0.000000       -757.119507        537.072385     52.162228     24.345817     -0.091747     10.662800
      0.862745      0.952493      0.110584      0.564483      0.000000       -863.916039        537.278896     52.791026     24.645700     -0.091747     10.662800
      0.872549      0.937562      0.179229      0.742426      0.000000       -961.508034        536.574617     53.412134     24.936311     -0.091747     10.662800
      0.882353      0.914702      0.264075      0.871965      0.000000      -1031.936390        535.425681     54.020916     25.211557     -0.091747     10.662800
      0.892157      0.882700      0.359839      0.953291      0.000000      -1075.699754        534.211427     54.611729     25.464483     -0.091747     10.662800
      0.901961      0.840989      0.462224      1.001253      0.000000      -1101.162240        533.108372     55.178349     25.688594     -0.091747     10.662800
      0.911765      0.789515      0.568490      1.029363      0.000000      -1115.802061        532.158871     55.714358     25.879015     -0.091747     10.662800
      0.921569      0.728582      0.677050      1.046222      0.000000      -1124.338907        531.350130     56.213426     26.033204     -0.091747     10.662800
      0.931373      0.658754      0.787008      1.056701      0.000000      -1129.430470        530.654643     56.669513     26.151232     -0.091747     10.662800
      0.941176      0.580785      0.897852      1.063487      0.000000      -1132.532692        530.044925     57.077017     26.235669     -0.091747     10.662800
      0.950980      0.495583      1.009280      1.068074      0.000000      -1134.450194        529.497302     57.430880     26.291157     -0.091747     10.662800
      0.960784      0.404175      1.121113      1.071319      0.000000      -1135.638137        528.991941     57.726682     26.323733     -0.091747     10.662800
      0.970588      0.307683      1.233237      1.073731      0.000000      -1136.361257        528.511887     57.960712     26.340008     -0.091747     10.662800
      0.980392      0.207310      1.345585      1.075627      0.000000      -1136.777815        528.042018     58.130021     26.346294     -0.091747     10.662800
      0.990196      0.104316      1.458113      1.077214      0.000000      -1136.984818        527.568207     58.232472     26.347783     -0.091747     10.662800
      1.000000      0.000000      1.570796      1.078433      0.000000      -1137.041616        527.172948     58.266767     26.347884     -0.091747     10.662800
