             t             r           psi            cs            qs                 p               sig             A             V            Q2             S
      0.000000      0.000000     -1.570796     -0.993384      0.000000      -5837.422436       2938.151140     -0.000000      0.000000      0.009583      4.999129
      0.004902      0.024503     -1.546452     -0.993436      0.000000      -5837.425149       2938.039791      0.001886      0.000000      0.009583      4.999129
      0.009804      0.048992     -1.522107     -0.993492      0.000000      -5837.433775       2937.918675      0.007545      0.000004      0.009583      4.999129
      0.014706      0.073451     -1.497760     -0.993550      0.000000      -5837.448818       2937.798920      0.016972      0.000023      0.009583      4.999129
      0.019608      0.097867     -1.473412     -0.993609      0.000000      -5837.470805       2937.680339      0.030162      0.000072      0.009583      4.999129
      0.024510      0.122225     -1.449062     -0.993670      0.000000      -5837.500299       2937.562743      0.047107      0.000175      0.009583      4.999129
      0.029412      0.146511     -1.424711     -0.993732      0.000000      -5837.537920       2937.445944      0.067797      0.000362      0.009583      4.999129
      0.034314      0.170710     -1.400358     -0.993796      0.000000      -5837.584350       2937.329752      0.092220      0.000669      0.009583      4.999129
      0.039216      0.194807     -1.376004     -0.993863      0.000000      -5837.640352       2937.213973      0.120361      0.001138      0.009583      4.999129
      0.044118      0.218789     -1.351648     -0.993933      0.000000      -5837.706775       2937.098415      0.152204      0.001817      0.009583      4.999129
      0.049020      0.242641     -1.327290     -0.994005      0.000000      -5837.784570       2936.982879      0.187729      0.002759      0.009583      4.999129
      0.053922      0.266349     -1.302931     -0.994082      0.000000      -5837.874806       2936.867167      0.226916      0.004023      0.009583      4.999129
      0.058824      0.289900     -1.278569     -0.994162      0.000000      -5837.978681       2936.751075      0.269742      0.005672      0.009583      4.999129
      0.063725      0.313278     -1.254206     -0.994247      0.000000      -5838.097544       2936.634393      0.316181      0.007774      0.009583      4.999129
      0.068627      0.336470     -1.229840     -0.994337      0.000000      -5838.232920       2936.516908      0.366205      0.010401      0.009583      4.999129
      0.073529      0.359463     -1.205472     -0.994433      0.000000      -5838.386528       2936.398401      0.419785      0.013629      0.009583      4.999129
      0.078431      0.382243     -1.181102     -0.994535      0.000000      -5838.560317       2936.278643      0.476889      0.017536      0.009583      4.999129
      0.083333      0.404795     -1.156729     -0.994645      0.000000      -5838.756500       2936.157399      0.537484      0.022203      0.009583      4.999129
      0.088235      0.427107     -1.132353     -0.994763      0.000000      -5838.977589       2936.034422      0.601532      0.027715      0.009583      4.999129
      0.093137      0.449166     -1.107975     -0.994890      0.000000      -5839.226454       2935.909454      0.668996      0.034156      0.009583      4.999129
      0.098039      0.470958     -1.083593     -0.995028      0.000000      -5839.506370       2935.782224      0.739837      0.041613      0.009583      4.999129
      0.102941      0.492470     -1.059207     -0.995177      0.000000      -5839.821091       2935.652445      0.814011      0.050173      0.009583      4.999129
      0.107843      0.513690     -1.034818     -0.995340      0.000000      -5840.174933       2935.519815      0.891476      0.059924      0.009583      4.999129
      0.112745      0.534604     -1.010424     -0.995517      0.000000      -5840.572866       2935.384009      0.972184      0.070951      0.009583      4.999129
      0.117647      0.555201     -0.986026     -0.995712      0.000000      -5841.020638       2935.244681      1.056089      0.083341      0.009583      4.999129
      0.122549      0.575467     -0.961623     -0.995925      0.000000      -5841.524914       2935.101457      1.143139      0.097178      0.009583      4.999129
      0.127451      0.595392     -0.937215     -0.996161      0.000000      -5842.093452       2934.953937      1.233284      0.112544      0.009583      4.999129
      0.132353      0.614962     -0.912800     -0.996422      0.000000      -5842.735311       2934.801683      1.326469      0.129519      0.009583      4.999129
      0.137255      0.634166     -0.888379     -0.996711      0.000000      -5843.461115       2934.644222      1.422640      0.148178      0.009583      4.999129
      0.142157      0.652993     -0.863950     -0.997033      0.000000      -5844.283370       2934.481033      1.521738      0.168595      0.009583      4.999129
      0.147059      0.671431     -0.839513     -0.997394      0.000000      -5845.216862       2934.311548      1.623706      0.190838      0.009583      4.999129
      0.151961      0.689469     -0.815066     -0.997798      0.000000      -5846.279152       2934.135138      1.728482      0.214972      0.009583      4.999129
      0.156863      0.707097     -0.790609     -0.998253      0.000000      -5847.491198       2933.951109      1.836004      0.241055      0.009583      4.999129
      0.161765      0.724302     -0.766140     -0.998769      0.000000      -5848.878136       2933.758691      1.946208      0.269140      0.009583      4.999129
      0.166667      0.741075     -0.741658     -0.999354      0.000000      -5850.470281       2933.557023      2.059028      0.299276      0.009583      4.999129
      0.171569      0.757406     -0.717160     -1.000022      0.000000      -5852.304401       2933.345143      2.174396      0.331504      0.009583      4.999129
      0.176471      0.773284     -0.692645     -1.000787      0.000000      -5854.425361       2933.121972      2.292244      0.365858      0.009583      4.999129
      0.181373      0.788700     -0.668110     -1.001670      0.000000      -5856.888267       2932.886293      2.412502      0.402366      0.009583      4.999129
      0.186275      0.803644     -0.643551     -1.002692      0.000000      -5859.761269       2932.636729      2.535097      0.441049      0.009583      4.999129
      0.191176      0.818106     -0.618965     -1.003882      0.000000      -5863.129273       2932.371718      2.659956      0.481920      0.009583      4.999129
      0.196078      0.832077     -0.594348     -1.005278      0.000000      -5867.098896       2932.089482      2.787004      0.524985      0.009583      4.999129
      0.200980      0.845547     -0.569694     -1.006924      0.000000      -5871.805149       2931.787989      2.916164      0.570240      0.009583      4.999129
      0.205882      0.858509     -0.544995     -1.008879      0.000000      -5877.420539       2931.464915      3.047360      0.617677      0.009583      4.999129
      0.210784      0.870952     -0.520244     -1.011219      0.000000      -5884.167611       2931.117596      3.180512      0.667276      0.009583      4.999129
      0.215686      0.882869     -0.495430     -1.014043      0.000000      -5892.336418       2930.742972      3.315539      0.719012      0.009583      4.999129
      0.220588      0.894250     -0.470540     -1.017480      0.000000      -5902.309146       2930.337540      3.452360      0.772848      0.009583      4.999129
      0.225490      0.905086     -0.445556     -1.021703      0.000000      -5914.595230       2929.897298      3.590891      0.828744      0.009583      4.999129
      0.230392      0.915368     -0.420457     -1.026947      0.000000      -5929.882014       2929.417717      3.731049      0.886648      0.009583      4.999129
      0.235294      0.925088     -0.395213     -1.033529      0.000000      -5949.108590       2928.893753      3.872746      0.946500      0.009583      4.999129
      0.240196      0.934235     -0.369788     -1.041892      0.000000      -5973.574319       2928.319971      4.015896      1.008235      0.009583      4.999129
      0.245098      0.942798     -0.344130     -1.052653      0.000000      -6005.098816       2927.690875      4.160410      1.071776      0.009583      4.999129
      0.250000      0.950766     -0.318170     -1.066688      0.000000      -6046.256259       2927.001701      4.306196      1.137043      0.009583      4.999129
      0.254902      0.958125     -0.291813     -1.085240      0.000000      -6100.709118       2926.250118      4.453162      1.203944      0.009583      4.999129
      0.259804      0.964860     -0.264930     -1.110071      0.000000      -6173.646901       2925.439820      4.601214      1.272381      0.009583      4.999129
      0.264706      0.970951     -0.237337     -1.143608      0.000000      -6272.232961       2924.587990      4.750254      1.342248      0.009583      4.999129
      0.269608      0.976374     -0.208784     -1.188930      0.000000      -6405.581562       2923.740681      4.900180      1.413429      0.009583      4.999129
      0.274510      0.981098     -0.178945     -1.248995      0.000000      -6582.561708       2923.003842      5.050888      1.485799      0.009583      4.999129
      0.279412      0.985083     -0.147449     -1.323369      0.000000      -6802.347133       2922.601829      5.202267      1.559221      0.009583      4.999129
      0.284314      0.988282     -0.114070     -1.398529      0.000000      -7026.258352       2922.967635      5.354199      1.633536      0.009583      4.999129
      0.289216      0.990648     -0.079258     -1.428969      0.000000      -7122.591780       2924.800895      5.506561      1.708563      0.009583      4.999129
      0.294118      0.992166     -0.045089     -1.331049      0.000000      -6847.396198       2928.840793      5.659222      1.784094      0.009583      4.999129
      0.299020      0.992895     -0.015540     -1.052713      0.000000      -6045.614480       2935.123504      5.812054      1.859907      0.009583      4.999129
      0.303922      0.992997      0.005651     -0.672066      0.000000      -4940.774700       2942.508365      5.964947      1.935816      0.009583      4.999129
      0.308824      0.992693      0.017721     -0.327645      0.000000      -3937.181820       2949.537302      6.117822      2.011702      0.009583      4.999129
      0.313725      0.992187      0.022571     -0.086142      0.000000      -3232.554769       2955.453833      6.270632      2.087514      0.009583      4.999129
      0.318627      0.991625      0.022739      0.058489      0.000000      -2811.286898       2960.196953      6.423359      2.163240      0.009583      4.999129
      0.323529      0.991094      0.020265      0.134257      0.000000      -2592.074630       2963.990285      6.576000      2.238883      0.009583      4.999129
      0.328431      0.990642      0.016517      0.165896      0.000000      -2502.483823       2967.092657      6.728566      2.314455      0.009583      4.999129
      0.333333      0.990288      0.012355      0.170360      0.000000      -2492.692389       2969.718986      6.881069      2.389971      0.009583      4.999129
      0.338235      0.990036      0.008300      0.158493      0.000000      -2530.795269       2972.031958      7.033526      2.465445      0.009583      4.999129
      0.343137      0.989878      0.004663      0.137226      0.000000      -2596.399776       2974.152175      7.185951      2.540890      0.009583      4.999129
      0.348039      0.989802      0.001614      0.111143      0.000000      -2676.047915       2976.169459      7.338359      2.616319      0.009583      4.999129
      0.352941      0.989793     -0.000771      0.083419      0.000000      -2760.426819       2978.151281      7.490760      2.691742      0.009583      4.999129
      0.357843      0.989835     -0.002480      0.056355      0.000000      -2842.797846       2980.148213      7.643164      2.767167      0.009583      4.999129
      0.362745      0.989910     -0.003553      0.031651      0.000000      -2918.186170       2982.197138      7.795577      2.842601      0.009583      4.999129
      0.367647      0.990004     -0.004061      0.010523      0.000000      -2983.025347       2984.323057      7.948003      2.918048      0.009583      4.999129
      0.372549      0.990105     -0.004104     -0.006256      0.000000      -3035.047198       2986.540197      8.100444      2.993510      0.009583      4.999129
      0.377451      0.990202     -0.003793     -0.018353      0.000000      -3073.260377       2988.853021      8.252901      3.068988      0.009583      4.999129
      0.382353      0.990289     -0.003242     -0.025850      0.000000      -3097.900337       2991.257517      8.405372      3.144479      0.009583      4.999129
      0.387255      0.990360     -0.002560     -0.029196      0.000000      -3110.279147       2993.742969      8.557856      3.219983      0.009583      4.999129
      0.392157      0.990414     -0.001839     -0.029112      0.000000      -3112.518713       2996.294136      8.710348      3.295496      0.009583      4.999129
      0.397059      0.990451     -0.001154     -0.026475      0.000000      -3107.202737       2998.893590      8.862848      3.371017      0.009583      4.999129
      0.401961      0.990471     -0.000555     -0.022194      0.000000      -3097.013720       3001.523891      9.015353      3.446541      0.009583      4.999129
      0.406863      0.990479     -0.000073     -0.017101      0.000000      -3084.422517       3004.169314      9.167859      3.522068      0.009583      4.999129
      0.411765      0.990476      0.000282     -0.011888      0.000000      -3071.474957       3006.816976      9.320366      3.597596      0.009583      4.999129
      0.416667      0.990466      0.000513     -0.007065      0.000000      -3059.687894       3009.457343      9.472871      3.673122      0.009583      4.999129
      0.421569      0.990452      0.000634     -0.002961      0.000000      -3050.040320       3012.084232      9.625375      3.748646      0.009583      4.999129
      0.426471      0.990436      0.000666      0.000257      0.000000      -3043.031046       3014.694439      9.777876      3.824168      0.009583      4.999129
      0.431373      0.990420      0.000629      0.002552      0.000000      -3038.772519       3017.287184      9.930375      3.899688      0.009583      4.999129
      0.436275      0.990405      0.000548      0.003981      0.000000      -3037.095900       3019.863471     10.082872      3.975205      0.009583      4.999129
      0.441176      0.990393      0.000440      0.004663      0.000000      -3037.650760       3022.425482     10.235366      4.050720      0.009583      4.999129
      0.446078      0.990384      0.000324      0.004746      0.000000      -3039.990348       3024.976039     10.387859      4.126234      0.009583      4.999129
      0.450980      0.990377      0.000211      0.004392      0.000000      -3043.638907       3027.518175     10.540351      4.201746      0.009583      4.999129
      0.455882      0.990373      0.000111      0.003752      0.000000      -3048.140965       3030.054810     10.692841      4.277257      0.009583      4.999129
      0.460784      0.990371      0.000029      0.002960      0.000000      -3053.094297       3032.588533     10.845332      4.352768      0.009583      4.999129
      0.465686      0.990372     -0.000034      0.002128      0.000000      -3058.169005       3035.121473     10.997822      4.428279      0.009583      4.999129
      0.470588      0.990373     -0.000076      0.001339      0.000000      -3063.115353       3037.655242     11.150312      4.503791      0.009583      4.999129
      0.475490      0.990375     -0.000100      0.000649      0.000000      -3067.762933       3040.190938     11.302803      4.579302      0.009583      4.999129
      0.480392      0.990378     -0.000109      0.000091      0.000000      -3072.013574       3042.729194     11.455294      4.654814      0.009583      4.999129
      0.485294      0.990380     -0.000106     -0.000322      0.000000      -3075.830175       3045.270248     11.607786      4.730326      0.009583      4.999129
      0.490196      0.990383     -0.000094     -0.000595      0.000000      -3079.223421       3047.814028     11.760277      4.805838      0.009583      4.999129
      0.495098      0.990385     -0.000078     -0.000742      0.000000      -3082.237985       3050.360245     11.912770      4.881351      0.009583      4.999129
      0.500000      0.990387     -0.000059     -0.000785      0.000000      -3084.939526       3052.908475     12.065262      4.956865      0.009583      4.999129
      0.504902      0.990388     -0.000040     -0.000750      0.000000      -3087.403358       3055.458235     12.217755      5.032378      0.009583      4.999129
      0.509804      0.990389     -0.000023     -0.000660      0.000000      -3089.705377       3058.009034     12.370248      5.107891      0.009583      4.999129
      0.514706      0.990389     -0.000008     -0.000541      0.000000      -3091.915419       3060.560424     12.522740      5.183405      0.009583      4.999129
      0.519608      0.990389      0.000004     -0.000410      0.000000      -3094.093020       3063.112023     12.675233      5.258919      0.009583      4.999129
      0.524510      0.990389      0.000012     -0.000284      0.000000      -3096.285320       3065.663527     12.827726      5.334432      0.009583      4.999129
      0.529412      0.990388      0.000018     -0.000174      0.000000      -3098.526736       3068.214716     12.980219      5.409946      0.009583      4.999129
      0.534314      0.990388      0.000021     -0.000088      0.000000      -3100.839996       3070.765443     13.132712      5.485460      0.009583      4.999129
      0.539216      0.990387      0.000023     -0.000030      0.000000      -3103.238107       3073.315625     13.285205      5.560973      0.009583      4.999129
      0.544118      0.990387      0.000023     -0.000002      0.000000      -3105.726924       3075.865223     13.437698      5.636486      0.009583      4.999129
      0.549020      0.990386      0.000023     -0.000004      0.000000      -3108.308008       3078.414229     13.590190      5.712000      0.009583      4.999129
      0.553922      0.990386      0.000023     -0.000036      0.000000      -3110.981602       3080.962639     13.742683      5.787513      0.009583      4.999129
      0.558824      0.990385      0.000025     -0.000098      0.000000      -3113.749625       3083.510442     13.895175      5.863026      0.009583      4.999129
      0.563725      0.990384      0.000028     -0.000194      0.000000      -3116.618681       3086.057596     14.047667      5.938539      0.009583      4.999129
      0.568627      0.990384      0.000035     -0.000327      0.000000      -3119.603199       3088.604006     14.200160      6.014052      0.009583      4.999129
      0.573529      0.990383      0.000045     -0.000505      0.000000      -3122.728882       3091.149508     14.352652      6.089565      0.009583      4.999129
      0.578431      0.990381      0.000060     -0.000742      0.000000      -3126.036767       3093.693838     14.505144      6.165077      0.009583      4.999129
      0.583333      0.990380      0.000082     -0.001058      0.000000      -3129.588316       3096.236599     14.657635      6.240590      0.009583      4.999129
      0.588235      0.990377      0.000113     -0.001480      0.000000      -3133.472050       3098.777219     14.810127      6.316102      0.009583      4.999129
      0.593137      0.990374      0.000156     -0.002049      0.000000      -3137.812449       3101.314897     14.962618      6.391614      0.009583      4.999129
      0.598039      0.990370      0.000215     -0.002820      0.000000      -3142.781976       3103.848516     15.115108      6.467125      0.009583      4.999129
      0.602941      0.990363      0.000296     -0.003868      0.000000      -3148.617368       3106.376542     15.267597      6.542635      0.009583      4.999129
      0.607843      0.990355      0.000407     -0.005297      0.000000      -3155.641553       3108.896877     15.420086      6.618144      0.009583      4.999129
      0.612745      0.990343      0.000560     -0.007247      0.000000      -3164.292862       3111.406661     15.572573      6.693652      0.009583      4.999129
      0.617647      0.990327      0.000768     -0.009906      0.000000      -3175.163352       3113.902009     15.725057      6.769157      0.009583      4.999129
      0.622549      0.990305      0.001053     -0.013529      0.000000      -3189.048039       3116.377664     15.877539      6.844660      0.009583      4.999129
      0.627451      0.990274      0.001442     -0.018453      0.000000      -3207.006193       3118.826546     16.030017      6.920158      0.009583      4.999129
      0.632353      0.990233      0.001972     -0.025123      0.000000      -3230.434139       3121.239183     16.182489      6.995652      0.009583      4.999129
      0.637255      0.990176      0.002692     -0.034116      0.000000      -3261.145202       3123.603012     16.334954      7.071137      0.009583      4.999129
      0.642157      0.990099      0.003669     -0.046165      0.000000      -3301.445324       3125.901579     16.487409      7.146612      0.009583      4.999129
      0.647059      0.989994      0.004987     -0.062175      0.000000      -3354.180924       3128.113694     16.639849      7.222074      0.009583      4.999129
      0.651961      0.989851      0.006757     -0.083216      0.000000      -3422.718038       3130.212696     16.792271      7.297515      0.009583      4.999129
      0.656863      0.989658      0.009116     -0.110474      0.000000      -3510.790998       3132.166096     16.944667      7.372931      0.009583      4.999129
      0.661765      0.989398      0.012232     -0.145141      0.000000      -3622.144242       3133.936021     17.097028      7.448310      0.009583      4.999129
      0.666667      0.989050      0.016299     -0.188211      0.000000      -3759.903239       3135.480974     17.249343      7.523640      0.009583      4.999129
      0.671569      0.988590      0.021530     -0.240201      0.000000      -3925.680538       3136.759404     17.401596      7.598902      0.009583      4.999129
      0.676471      0.987984      0.028142     -0.300832      0.000000      -4118.570758       3137.735194     17.553768      7.674075      0.009583      4.999129
      0.681373      0.987198      0.036334     -0.368786      0.000000      -4334.378923       3138.384359     17.705832      7.749126      0.009583      4.999129
      0.686275      0.986190      0.046257     -0.441674      0.000000      -4565.531995       3138.701296     17.857759      7.824017      0.009583      4.999129
      0.691176      0.984917      0.057995     -0.516316      0.000000      -4801.974915       3138.702271     18.009511      7.898697      0.009583      4.999129
      0.696078      0.983334      0.071549     -0.589298      0.000000      -5032.917763       3138.424395     18.161044      7.973106      0.009583      4.999129
      0.700980      0.981399      0.086839     -0.657595      0.000000      -5248.826859       3137.920007     18.312307      8.047174      0.009583      4.999129
      0.705882      0.979071      0.103722     -0.719044      0.000000      -5442.911295       3137.248336     18.463241      8.120817      0.009583      4.999129
      0.710784      0.976313      0.122014     -0.772522      0.000000      -5611.667338       3136.467199     18.613785      8.193944      0.009583      4.999129
      0.715686      0.973096      0.141517     -0.817837      0.000000      -5754.540638       3135.626943     18.763869      8.266456      0.009583      4.999129
      0.720588      0.969393      0.162035     -0.855472      0.000000      -5873.091483       3134.767421     18.913421      8.338250      0.009583      4.999129
      0.725490      0.965183      0.183389     -0.886289      0.000000      -5970.075489       3133.917605     19.062363      8.409216      0.009583      4.999129
      0.730392      0.960450      0.205425     -0.911294      0.000000      -6048.696442       3133.096836     19.210618      8.479246      0.009583      4.999129
      0.735294      0.955182      0.228013     -0.931483      0.000000      -6112.113309       3132.316788     19.358102      8.548228      0.009583      4.999129
      0.740196      0.949369      0.251046     -0.947757      0.000000      -6163.174390       3131.583489     19.504734      8.616054      0.009583      4.999129
      0.745098      0.943005      0.274438     -0.960883      0.000000      -6204.311972       3130.899059     19.650428      8.682619      0.009583      4.999129
      0.750000      0.936086      0.298120     -0.971497      0.000000      -6237.532770       3130.263081     19.795100      8.747818      0.009583      4.999129
      0.754902      0.928609      0.322036     -0.980112      0.000000      -6264.456528       3129.673588     19.938663      8.811555      0.009583      4.999129
      0.759804      0.920574      0.346143     -0.987136      0.000000      -6286.373067       3129.127752     20.081032      8.873736      0.009583      4.999129
      0.764706      0.911981      0.370406     -0.992892      0.000000      -6304.301517       3128.622343     20.222121      8.934273      0.009583      4.999129
      0.769608      0.902833      0.394797     -0.997635      0.000000      -6319.044093       3128.154021     20.361844      8.993085      0.009583      4.999129
      0.774510      0.893131      0.419295     -1.001565      0.000000      -6331.231675       3127.719511     20.500116      9.050099      0.009583      4.999129
      0.779412      0.882881      0.443880     -1.004840      0.000000      -6341.360924       3127.315705     20.636852      9.105246      0.009583      4.999129
      0.784314      0.872085      0.468539     -1.007585      0.000000      -6349.823799       3126.939717     20.771967      9.158468      0.009583      4.999129
      0.789216      0.860750      0.493259     -1.009897      0.000000      -6356.930695       3126.588899     20.905379      9.209712      0.009583      4.999129
      0.794118      0.848881      0.518032     -1.011856      0.000000      -6362.928419       3126.260847     21.037004      9.258933      0.009583      4.999129
      0.799020      0.836483      0.542849     -1.013524      0.000000      -6368.014109       3125.953389     21.166761      9.306096      0.009583      4.999129
      0.803922      0.823565      0.567704     -1.014951      0.000000      -6372.345983       3125.664568     21.294569      9.351173      0.009583      4.999129
      0.808824      0.810133      0.592591     -1.016179      0.000000      -6376.051648       3125.392630     21.420348      9.394143      0.009583      4.999129
      0.813725      0.796194      0.617506     -1.017239      0.000000      -6379.234537       3125.135998     21.544019      9.434994      0.009583      4.999129
      0.818627      0.781758      0.642446     -1.018159      0.000000      -6381.978905       3124.893258     21.665507      9.473724      0.009583      4.999129
      0.823529      0.766832      0.667407     -1.018961      0.000000      -6384.353723       3124.663142     21.784733      9.510337      0.009583      4.999129
      0.828431      0.751426      0.692386     -1.019663      0.000000      -6386.415719       3124.444508     21.901625      9.544843      0.009583      4.999129
      0.833333      0.735548      0.717381     -1.020280      0.000000      -6388.211778       3124.236328     22.016107      9.577264      0.009583      4.999129
      0.838235      0.719208      0.742390     -1.020824      0.000000      -6389.780819       3124.037678     22.128110      9.607625      0.009583      4.999129
      0.843137      0.702417      0.767412     -1.021305      0.000000      -6391.155296       3123.847719     22.237561      9.635962      0.009583      4.999129
      0.848039      0.685185      0.792445     -1.021733      0.000000      -6392.362387       3123.665693     22.344393      9.662315      0.009583      4.999129
      0.852941      0.667521      0.817488     -1.022114      0.000000      -6393.424948       3123.490911     22.448539      9.686732      0.009583      4.999129
      0.857843      0.649438      0.842539     -1.022455      0.000000      -6394.362270       3123.322747     22.549932      9.709266      0.009583      4.999129
      0.862745      0.630946      0.867599     -1.022762      0.000000      -6395.190707       3123.160628     22.648509      9.729976      0.009583      4.999129
      0.867647      0.612058      0.892666     -1.023037      0.000000      -6395.924166       3123.004030     22.744209      9.748926      0.009583      4.999129
      0.872549      0.592783      0.917739     -1.023287      0.000000      -6396.574519       3122.852470     22.836970      9.766184      0.009583      4.999129
      0.877451      0.573136      0.942818     -1.023512      0.000000      -6397.151936       3122.705505     22.926735      9.781826      0.009583      4.999129
      0.882353      0.553127      0.967902     -1.023717      0.000000      -6397.665154       3122.562724     23.013446      9.795925      0.009583      4.999129
      0.887255      0.532769      0.992991     -1.023904      0.000000      -6398.121705       3122.423746     23.097050      9.808564      0.009583      4.999129
      0.892157      0.512076      1.018085     -1.024075      0.000000      -6398.528101       3122.288214     23.177493      9.819824      0.009583      4.999129
      0.897059      0.491060      1.043182     -1.024232      0.000000      -6398.889990       3122.155797     23.254725      9.829789      0.009583      4.999129
      0.901961      0.469735      1.068283     -1.024376      0.000000      -6399.212279       3122.026184     23.328697      9.838546      0.009583      4.999129
      0.906863      0.448113      1.093388     -1.024509      0.000000      -6399.499248       3121.899079     23.399362      9.846181      0.009583      4.999129
      0.911765      0.426208      1.118495     -1.024632      0.000000      -6399.754638       3121.774204     23.466676      9.852782      0.009583      4.999129
      0.916667      0.404035      1.143606     -1.024746      0.000000      -6399.981723       3121.651296     23.530597      9.858434      0.009583      4.999129
      0.921569      0.381606      1.168719     -1.024852      0.000000      -6400.183382       3121.530102     23.591084      9.863224      0.009583      4.999129
      0.926471      0.358937      1.193835     -1.024952      0.000000      -6400.362145       3121.410379     23.648099      9.867236      0.009583      4.999129
      0.931373      0.336041      1.218953     -1.025045      0.000000      -6400.520243       3121.291895     23.701605      9.870553      0.009583      4.999129
      0.936275      0.312933      1.244074     -1.025132      0.000000      -6400.659649       3121.174426     23.751570      9.873254      0.009583      4.999129
      0.941176      0.289628      1.269196     -1.025215      0.000000      -6400.782109       3121.057753     23.797962      9.875417      0.009583      4.999129
      0.946078      0.266139      1.294320     -1.025293      0.000000      -6400.889169       3120.941666     23.840750      9.877115      0.009583      4.999129
      0.950980      0.242483      1.319447     -1.025367      0.000000      -6400.982204       3120.825956     23.879910      9.878417      0.009583      4.999129
      0.955882      0.218673      1.344575     -1.025437      0.000000      -6401.062438       3120.710421     23.915414      9.879387      0.009583      4.999129
      0.960784      0.194726      1.369704     -1.025505      0.000000      -6401.130961       3120.594862     23.947242      9.880087      0.009583      4.999129
      0.965686      0.170655      1.394836     -1.025570      0.000000      -6401.188747       3120.479082     23.975373      9.880571      0.009583      4.999129
      0.970588      0.146476      1.419969     -1.025632      0.000000      -6401.236666       3120.362889     23.999789      9.880888      0.009583      4.999129
      0.975490      0.122205      1.445103     -1.025693      0.000000      -6401.275499       3120.246089     24.020475      9.881081      0.009583      4.999129
      0.980392      0.097857      1.470239     -1.025752      0.000000      -6401.305948       3120.128493     24.037417      9.881187      0.009583      4.999129
      0.985294      0.073447      1.495376     -1.025809      0.000000      -6401.328650       3120.009912     24.050606      9.881238      0.009583      4.999129
      0.990196      0.048990      1.520515     -1.025865      0.000000      -6401.344184       3119.890157     24.060033      9.881257      0.009583      4.999129
      0.995098      0.024503      1.545655     -1.025920      0.000000      -6401.353092       3119.769041     24.065691      9.881261      0.009583      4.999129
      1.000000      0.000000      1.570796     -1.025971      0.000000      -6401.355894       3119.657691     24.067577      9.881261      0.009583      4.999129
