             t             r           psi            cs            qs                 p               sig             A             V            Q2             S
      0.000000      0.000000     -1.570796      0.943153      0.000000        -92.346456         48.956250      0.000000      0.000000     -0.312227      4.226412
      0.009804      0.041425     -1.531686      0.945842      0.000000        -92.351748         48.870437      0.005393      0.000002     -0.312227      4.226412
      0.019608      0.082786     -1.492399      0.950465      0.000000        -92.373665         48.707905      0.021564      0.000035     -0.312227      4.226412
      0.029412      0.124020     -1.452918      0.955221      0.000000        -92.412748         48.548832      0.048488      0.000177     -0.312227      4.226412
      0.039216      0.165060     -1.413235      0.960234      0.000000        -92.471327         48.392608      0.086123      0.000558     -0.312227      4.226412
      0.049020      0.205842     -1.373338      0.965581      0.000000        -92.552146         48.238642      0.134411      0.001358     -0.312227      4.226412
      0.058824      0.246298     -1.333211      0.971344      0.000000        -92.658472         48.086362      0.193276      0.002805     -0.312227      4.226412
      0.068627      0.286362     -1.292835      0.977614      0.000000        -92.794224         47.935220      0.262623      0.005173     -0.312227      4.226412
      0.078431      0.325965     -1.252187      0.984499      0.000000        -92.964113         47.784691      0.342342      0.008775     -0.312227      4.226412
      0.088235      0.365039     -1.211239      0.992127      0.000000        -93.173828         47.634282      0.432305      0.013961     -0.312227      4.226412
      0.098039      0.403513     -1.169956      1.000648      0.000000        -93.430251         47.483538      0.532364      0.021113     -0.312227      4.226412
      0.107843      0.441317     -1.128299      1.010242      0.000000        -93.741741         47.332048      0.642353      0.030641     -0.312227      4.226412
      0.117647      0.478378     -1.086219      1.021125      0.000000        -94.118466         47.179465      0.762090      0.042971     -0.312227      4.226412
      0.127451      0.514622     -1.043657      1.033556      0.000000        -94.572825         47.025523      0.891370      0.058543     -0.312227      4.226412
      0.137255      0.549974     -1.000542      1.047852      0.000000        -95.119953         46.870075      1.029972      0.077805     -0.312227      4.226412
      0.147059      0.584353     -0.956789      1.064394      0.000000        -95.778320         46.713132      1.177653      0.101202     -0.312227      4.226412
      0.156863      0.617680     -0.912297      1.083640      0.000000        -96.570411         46.554942      1.334149      0.129168     -0.312227      4.226412
      0.166667      0.649867     -0.866942      1.106140      0.000000        -97.523431         46.396082      1.499176      0.162120     -0.312227      4.226412
      0.176471      0.680825     -0.820576      1.132544      0.000000        -98.669924         46.237616      1.672424      0.200449     -0.312227      4.226412
      0.186275      0.710457     -0.773023      1.163595      0.000000       -100.047989         46.081303      1.853562      0.244508     -0.312227      4.226412
      0.196078      0.738658     -0.724073      1.200100      0.000000       -101.700553         45.929922      2.042230      0.294606     -0.312227      4.226412
      0.205882      0.765315     -0.673483      1.242851      0.000000       -103.672552         45.787715      2.238041      0.350991     -0.312227      4.226412
      0.215686      0.790302     -0.620982      1.292433      0.000000       -106.003995         45.661025      2.440579      0.413844     -0.312227      4.226412
      0.225490      0.813484     -0.566283      1.348858      0.000000       -108.715452         45.559141      2.649389      0.483255     -0.312227      4.226412
      0.235294      0.834711     -0.509123      1.410894      0.000000       -111.780797         45.495341      2.863984      0.559212     -0.312227      4.226412
      0.245098      0.853821     -0.449331      1.474980      0.000000       -115.081315         45.487971      3.083834      0.641572     -0.312227      4.226412
      0.254902      0.870652     -0.386961      1.533744      0.000000       -118.339603         45.561068      3.308365      0.730040     -0.312227      4.226412
      0.264706      0.885047     -0.322473      1.574614      0.000000       -121.049131         45.743515      3.536964      0.824141     -0.312227      4.226412
      0.274510      0.896883     -0.256962      1.579888      0.000000       -122.452962         46.065209      3.768980      0.923204     -0.312227      4.226412
      0.284314      0.906104     -0.192306      1.530415      0.000000       -121.665157         46.549062      4.003737      1.026376     -0.312227      4.226412
      0.294118      0.912757     -0.131071      1.413725      0.000000       -117.996152         47.200165      4.240558      1.132674     -0.312227      4.226412
      0.303922      0.917014     -0.076045      1.232843      0.000000       -111.363522         47.997632      4.478795      1.241086     -0.312227      4.226412
      0.313725      0.919167     -0.029513      1.008235      0.000000       -102.471718         48.896117      4.717858      1.350688     -0.312227      4.226412
      0.323529      0.919593      0.007317      0.769670      0.000000        -92.553599         49.838283      4.957248      1.460737     -0.312227      4.226412
      0.333333      0.918695      0.034456      0.544227      0.000000        -82.862192         50.770867      5.196569      1.570703     -0.312227      4.226412
      0.343137      0.916859      0.052840      0.348959      0.000000        -74.286488         51.655403      5.435525      1.680256     -0.312227      4.226412
      0.352941      0.914420      0.063886      0.190420      0.000000        -67.255718         52.470603      5.673918      1.789212     -0.312227      4.226412
      0.362745      0.911649      0.069120      0.067942      0.000000        -61.841618         53.209160      5.911628      1.897490     -0.312227      4.226412
      0.372549      0.908757      0.069955     -0.022760      0.000000        -57.910779         53.872869      6.148597      2.005072     -0.312227      4.226412
      0.382353      0.905900      0.067598     -0.087096      0.000000        -55.244998         54.468415      6.384814      2.111980     -0.312227      4.226412
      0.392157      0.903190      0.063029     -0.130291      0.000000        -53.612745         55.004504      6.620305      2.218256     -0.312227      4.226412
      0.401961      0.900700      0.057029     -0.156867      0.000000        -52.803084         55.490186      6.855118      2.323956     -0.312227      4.226412
      0.411765      0.898477      0.050207     -0.170529      0.000000        -52.637374         55.934009      7.089317      2.429142     -0.312227      4.226412
      0.421569      0.896546      0.043035     -0.174236      0.000000        -52.969963         56.343648      7.322974      2.533881     -0.312227      4.226412
      0.431373      0.894912      0.035873     -0.170326      0.000000        -53.684364         56.725813      7.556167      2.638235     -0.312227      4.226412
      0.441176      0.893570      0.028999     -0.160644      0.000000        -54.688215         57.086269      7.788973      2.742270     -0.312227      4.226412
      0.450980      0.892502      0.022620     -0.146651      0.000000        -55.908475         57.429922      8.021466      2.846045     -0.312227      4.226412
      0.460784      0.891686      0.016890     -0.129509      0.000000        -57.287377         57.760903      8.253715      2.949616     -0.312227      4.226412
      0.470588      0.891092      0.011918     -0.110145      0.000000        -58.779273         58.082660      8.485780      3.053034     -0.312227      4.226412
      0.480392      0.890687      0.007782     -0.089299      0.000000        -60.348269         58.398017      8.717716      3.156342     -0.312227      4.226412
      0.490196      0.890435      0.004530     -0.067553      0.000000        -61.966560         58.709237      8.949568      3.259578     -0.312227      4.226412
      0.500000      0.890299      0.002190     -0.045354      0.000000        -63.613305         59.018050      9.181370      3.362771     -0.312227      4.226412
      0.509804      0.890241      0.000773     -0.023027      0.000000        -65.273932         59.325684      9.413147      3.465942     -0.312227      4.226412
      0.519608      0.890222      0.000281     -0.000784      0.000000        -66.939745         59.632877      9.644915      3.569105     -0.312227      4.226412
      0.529412      0.890205      0.000706      0.021272      0.000000        -68.607731         59.939885      9.876679      3.672265     -0.312227      4.226412
      0.539216      0.890151      0.002041      0.043146      0.000000        -70.280464         60.246488     10.108435      3.775418     -0.312227      4.226412
      0.549020      0.890023      0.004280      0.064943      0.000000        -71.965999         60.551997     10.340168      3.878550     -0.312227      4.226412
      0.558824      0.889784      0.007425      0.086866      0.000000        -73.677660         60.855264     10.571854      3.981638     -0.312227      4.226412
      0.568627      0.889395      0.011485      0.109204      0.000000        -75.433641         61.154701     10.803459      4.084652     -0.312227      4.226412
      0.578431      0.888819      0.016485      0.132322      0.000000        -77.256318         61.448308     11.034939      4.187549     -0.312227      4.226412
      0.588235      0.888016      0.022467      0.156641      0.000000        -79.171227         61.733714     11.266241      4.290278     -0.312227      4.226412
      0.598039      0.886943      0.029489      0.182617      0.000000        -81.205656         62.008237     11.497299      4.392776     -0.312227      4.226412
      0.607843      0.885557      0.037630      0.210706      0.000000        -83.386844         62.268959     11.728039      4.494969     -0.312227      4.226412
      0.617647      0.883809      0.046986      0.241338      0.000000        -85.739824         62.512823     11.958371      4.596767     -0.312227      4.226412
      0.627451      0.881646      0.057670      0.274874      0.000000        -88.285022         62.736746     12.188196      4.698069     -0.312227      4.226412
      0.637255      0.879012      0.069808      0.311572      0.000000        -91.035777         62.937756     12.417397      4.798755     -0.312227      4.226412
      0.647059      0.875844      0.083535      0.351552      0.000000        -93.996030         63.113133     12.645845      4.898690     -0.312227      4.226412
      0.656863      0.872074      0.098987      0.394768      0.000000        -97.158491         63.260563     12.873391      4.997716     -0.312227      4.226412
      0.666667      0.867629      0.116292      0.440993      0.000000       -100.503611         63.378280     13.099869      5.095654     -0.312227      4.226412
      0.676471      0.862432      0.135568      0.489816      0.000000       -103.999640         63.465187     13.325094      5.192305     -0.312227      4.226412
      0.686275      0.856402      0.156911      0.540660      0.000000       -107.603923         63.520936     13.548859      5.287441     -0.312227      4.226412
      0.696078      0.849454      0.180391      0.592820      0.000000       -111.265426         63.545968     13.770936      5.380816     -0.312227      4.226412
      0.705882      0.841505      0.206046      0.645502      0.000000       -114.928222         63.541485     13.991076      5.472158     -0.312227      4.226412
      0.715686      0.832472      0.233880      0.697888      0.000000       -118.535513         63.509375     14.209008      5.561176     -0.312227      4.226412
      0.725490      0.822274      0.263865      0.749192      0.000000       -122.033624         63.452080     14.424438      5.647564     -0.312227      4.226412
      0.735294      0.810834      0.295942      0.798706      0.000000       -125.375444         63.372439     14.637052      5.731006     -0.312227      4.226412
      0.745098      0.798083      0.330022      0.845843      0.000000       -128.522908         63.273516     14.846519      5.811182     -0.312227      4.226412
      0.754902      0.783959      0.365998      0.890156      0.000000       -131.448318         63.158429     15.052489      5.887779     -0.312227      4.226412
      0.764706      0.768409      0.403747      0.931347      0.000000       -134.134537         63.030206     15.254597      5.960495     -0.312227      4.226412
      0.774510      0.751389      0.443134      0.969256      0.000000       -136.574239         62.891671     15.452466      6.029053     -0.312227      4.226412
      0.784314      0.732867      0.484024      1.003851      0.000000       -138.768511         62.745363     15.645709      6.093210     -0.312227      4.226412
      0.794118      0.712820      0.526279      1.035195      0.000000       -140.725123         62.593488     15.833932      6.152761     -0.312227      4.226412
      0.803922      0.691237      0.569769      1.063431      0.000000       -142.456722         62.437907     16.016736      6.207552     -0.312227      4.226412
      0.813725      0.668118      0.614367      1.088754      0.000000       -143.979156         62.280137     16.193721      6.257482     -0.312227      4.226412
      0.823529      0.643472      0.659957      1.111388      0.000000       -145.310041         62.121376     16.364488      6.302511     -0.312227      4.226412
      0.833333      0.617320      0.706434      1.131577      0.000000       -146.467622         61.962533     16.528642      6.342662     -0.312227      4.226412
      0.843137      0.589690      0.753702      1.149565      0.000000       -147.469923         61.804259     16.685794      6.378021     -0.312227      4.226412
      0.852941      0.560622      0.801673      1.165590      0.000000       -148.334156         61.646989     16.835564      6.408734     -0.312227      4.226412
      0.862745      0.530163      0.850271      1.179877      0.000000       -149.076359         61.490970     16.977585      6.435010     -0.312227      4.226412
      0.872549      0.498368      0.899429      1.192636      0.000000       -149.711188         61.336295     17.111500      6.457110     -0.312227      4.226412
      0.882353      0.465299      0.949087      1.204059      0.000000       -150.251841         61.182927     17.236971      6.475344     -0.312227      4.226412
      0.892157      0.431028      0.999194      1.214319      0.000000       -150.710067         61.030721     17.353674      6.490061     -0.312227      4.226412
      0.901961      0.395628      1.049705      1.223573      0.000000       -151.096231         60.879446     17.461306      6.501641     -0.312227      4.226412
      0.911765      0.359184      1.100581      1.231960      0.000000       -151.419411         60.728794     17.559584      6.510483     -0.312227      4.226412
      0.921569      0.321782      1.151788      1.239606      0.000000       -151.687511         60.578398     17.648247      6.516995     -0.312227      4.226412
      0.931373      0.283514      1.203299      1.246621      0.000000       -151.907386         60.427837     17.727058      6.521584     -0.312227      4.226412
      0.941176      0.244477      1.255090      1.253106      0.000000       -152.084955         60.276644     17.795804      6.524641     -0.312227      4.226412
      0.950980      0.204773      1.307139      1.259149      0.000000       -152.225320         60.124315     17.854298      6.526532     -0.312227      4.226412
      0.960784      0.164505      1.359431      1.264832      0.000000       -152.332865         59.970312     17.902379      6.527589     -0.312227      4.226412
      0.970588      0.123783      1.411953      1.270230      0.000000       -152.411358         59.814064     17.939915      6.528097     -0.312227      4.226412
      0.980392      0.082715      1.464693      1.275418      0.000000       -152.464043         59.654981     17.966802      6.528288     -0.312227      4.226412
      0.990196      0.041416      1.517646      1.280529      0.000000       -152.493742         59.492446     17.982964      6.528332     -0.312227      4.226412
      1.000000     -0.000000      1.570796      1.283535      0.000000       -152.500938         59.406632     17.988356      6.528335     -0.312227      4.226412
