             t             r           psi            cs            qs                 p               sig             A             V            Q2             S
      0.000000      0.000000     -1.570796     -0.591178      0.000000         -9.173468          7.758639      0.000000      0.000000      0.135695      6.212393
      0.009804      0.060892     -1.534415     -0.608857      0.000000         -9.181602          7.612051      0.011653      0.000006      0.135695      6.212393
      0.019608      0.121702     -1.496545     -0.635178      0.000000         -9.211752          7.400624      0.046594      0.000104      0.135695      6.212393
      0.029412      0.182336     -1.456971     -0.665033      0.000000         -9.268053          7.195978      0.104777      0.000536      0.135695      6.212393
      0.039216      0.242688     -1.415437     -0.699769      0.000000         -9.357076          6.996693      0.186112      0.001719      0.135695      6.212393
      0.049020      0.302636     -1.371598     -0.741065      0.000000         -9.487649          6.801523      0.290470      0.004258      0.135695      6.212393
      0.058824      0.362039     -1.324988     -0.791193      0.000000         -9.671809          6.609446      0.417670      0.008958      0.135695      6.212393
      0.068627      0.420724     -1.274980     -0.853287      0.000000         -9.926174          6.419760      0.567470      0.016842      0.135695      6.212393
      0.078431      0.478482     -1.220718     -0.931717      0.000000        -10.273930          6.232256      0.739559      0.029165      0.135695      6.212393
      0.088235      0.535048     -1.161031     -1.032608      0.000000        -10.747676          6.047522      0.933532      0.047439      0.135695      6.212393
      0.098039      0.590078     -1.094307     -1.164467      0.000000        -11.393238          5.867488      1.148870      0.073456      0.135695      6.212393
      0.107843      0.643113     -1.018328     -1.338657      0.000000        -12.273908          5.696416      1.384903      0.109301      0.135695      6.212393
      0.117647      0.693522     -0.930108     -1.568694      0.000000        -13.472043          5.542694      1.640752      0.157354      0.135695      6.212393
      0.127451      0.740424     -0.825882     -1.865172      0.000000        -15.076998          5.421936      1.915254      0.220201      0.135695      6.212393
      0.137255      0.782603     -0.701713     -2.218625      0.000000        -17.128398          5.361808      2.206846      0.300351      0.135695      6.212393
      0.147059      0.818478     -0.555791     -2.560327      0.000000        -19.455739          5.407062      2.513428      0.399554      0.135695      6.212393
      0.156863      0.846327     -0.393464     -2.721300      0.000000        -21.414109          5.616684      2.832254      0.517571      0.135695      6.212393
      0.166667      0.864985     -0.232165     -2.502631      0.000000        -21.899049          6.036616      3.159998      0.651039      0.135695      6.212393
      0.176471      0.874757     -0.096469     -1.907348      0.000000        -20.255018          6.651441      3.493142      0.794065      0.135695      6.212393
      0.186275      0.877539     -0.002285     -1.189521      0.000000        -17.174970          7.374182      3.828612      0.940897      0.135695      6.212393
      0.196078      0.875873      0.050904     -0.587247      0.000000        -13.998981          8.103668      4.164215      1.087983      0.135695      6.212393
      0.205882      0.871969      0.073191     -0.175956      0.000000        -11.583996          8.777651      4.498692      1.233852      0.135695      6.212393
      0.215686      0.867363      0.075725      0.069051      0.000000        -10.132221          9.376786      4.831502      1.378157      0.135695      6.212393
      0.225490      0.862977      0.067174      0.195817      0.000000         -9.513274          9.906053      5.162571      1.520993      0.135695      6.212393
      0.235294      0.859291      0.053429      0.245486      0.000000         -9.513743         10.379339      5.492085      1.662598      0.135695      6.212393
      0.245098      0.856500      0.038233      0.247461      0.000000         -9.938452         10.811742      5.820357      1.803247      0.135695      6.212393
      0.254902      0.854618      0.023844      0.221713      0.000000        -10.634181         11.216683      6.147737      1.943214      0.135695      6.212393
      0.264706      0.853554      0.011512      0.181702      0.000000        -11.486714         11.605168      6.474556      2.082747      0.135695      6.212393
      0.274510      0.853162      0.001813      0.136522      0.000000        -12.412352         11.985819      6.801103      2.222066      0.135695      6.212393
      0.284314      0.853277     -0.005137      0.092248      0.000000        -13.350490         12.365120      7.127601      2.361347      0.135695      6.212393
      0.294118      0.853735     -0.009522      0.052756      0.000000        -14.258452         12.747679      7.454215      2.500723      0.135695      6.212393
      0.303922      0.854392     -0.011706      0.020252      0.000000        -15.108146         13.136482      7.781046      2.640280      0.135695      6.212393
      0.313725      0.855126     -0.012150     -0.004364      0.000000        -15.883774         13.533129      8.108146      2.780066      0.135695      6.212393
      0.323529      0.855846     -0.011334     -0.021179      0.000000        -16.579880         13.938088      8.435527      2.920092      0.135695      6.212393
      0.333333      0.856490     -0.009712     -0.030981      0.000000        -17.199344         14.350952      8.763171      3.060344      0.135695      6.212393
      0.343137      0.857021     -0.007678     -0.034984      0.000000        -17.751174         14.770710      9.091040      3.200793      0.135695      6.212393
      0.352941      0.857424     -0.005540     -0.034588      0.000000        -18.248194         15.196001      9.419088      3.341397      0.135695      6.212393
      0.362745      0.857699     -0.003526     -0.031182      0.000000        -18.704859         15.625336      9.747266      3.482113      0.135695      6.212393
      0.372549      0.857858     -0.001778     -0.026007      0.000000        -19.135424         16.057272     10.075526      3.622901      0.135695      6.212393
      0.382353      0.857922     -0.000373     -0.020079      0.000000        -19.552605         16.490537     10.403828      3.763726      0.135695      6.212393
      0.392157      0.857911      0.000668     -0.014163      0.000000        -19.966790         16.924101     10.732140      3.904559      0.135695      6.212393
      0.401961      0.857848      0.001363     -0.008776      0.000000        -20.385726         17.357192     11.060437      4.045379      0.135695      6.212393
      0.411765      0.857751      0.001755     -0.004224      0.000000        -20.814577         17.789299     11.388703      4.186172      0.135695      6.212393
      0.421569      0.857639      0.001898     -0.000644      0.000000        -21.256227         18.220131     11.716928      4.326930      0.135695      6.212393
      0.431373      0.857524      0.001853      0.001954      0.000000        -21.711707         18.649585     12.045109      4.467651      0.135695      6.212393
      0.441176      0.857416      0.001678      0.003645      0.000000        -22.180658         19.077693     12.373247      4.608335      0.135695      6.212393
      0.450980      0.857321      0.001425      0.004553      0.000000        -22.661778         19.504582     12.701347      4.748986      0.135695      6.212393
      0.460784      0.857243      0.001136      0.004828      0.000000        -23.153210         19.930436     13.029413      4.889608      0.135695      6.212393
      0.470588      0.857183      0.000847      0.004622      0.000000        -23.652854         20.355466     13.357453      5.030208      0.135695      6.212393
      0.480392      0.857139      0.000580      0.004075      0.000000        -24.158615         20.779881     13.685473      5.170791      0.135695      6.212393
      0.490196      0.857111      0.000355      0.003310      0.000000        -24.668577         21.203873     14.013479      5.311362      0.135695      6.212393
      0.500000      0.857095      0.000180      0.002427      0.000000        -25.181117         21.627606     14.341477      5.451926      0.135695      6.212393
      0.509804      0.857088      0.000060      0.001500      0.000000        -25.694980         22.051205     14.669471      5.592486      0.135695      6.212393
      0.519608      0.857087     -0.000003      0.000577      0.000000        -26.209308         22.474758     14.997463      5.733045      0.135695      6.212393
      0.529412      0.857087     -0.000011     -0.000315      0.000000        -26.723645         22.898309     15.325456      5.873604      0.135695      6.212393
      0.539216      0.857087      0.000034     -0.001171      0.000000        -27.237935         23.321865     15.653448      6.014163      0.135695      6.212393
      0.549020      0.857082      0.000131     -0.002004      0.000000        -27.752503         23.745393     15.981439      6.154721      0.135695      6.212393
      0.558824      0.857070      0.000279     -0.002842      0.000000        -28.268044         24.168824     16.309428      6.295277      0.135695      6.212393
      0.568627      0.857047      0.000478     -0.003728      0.000000        -28.785614         24.592049     16.637409      6.435827      0.135695      6.212393
      0.578431      0.857011      0.000735     -0.004720      0.000000        -29.306645         25.014926     16.965380      6.576367      0.135695      6.212393
      0.588235      0.856956      0.001057     -0.005886      0.000000        -29.832971         25.437269     17.293333      6.716892      0.135695      6.212393
      0.598039      0.856880      0.001457     -0.007310      0.000000        -30.366886         25.858845     17.621261      6.857397      0.135695      6.212393
      0.607843      0.856777      0.001955     -0.009092      0.000000        -30.911223         26.279367     17.949156      6.997871      0.135695      6.212393
      0.617647      0.856640      0.002574     -0.011351      0.000000        -31.469470         26.698479     18.277004      7.138307      0.135695      6.212393
      0.627451      0.856460      0.003350     -0.014230      0.000000        -32.045928         27.115740     18.604792      7.278690      0.135695      6.212393
      0.637255      0.856228      0.004324     -0.017901      0.000000        -32.645898         27.530605     18.932502      7.419006      0.135695      6.212393
      0.647059      0.855928      0.005551     -0.022571      0.000000        -33.275909         27.942393     19.260110      7.559235      0.135695      6.212393
      0.656863      0.855545      0.007099     -0.028492      0.000000        -33.943988         28.350261     19.587589      7.699351      0.135695      6.212393
      0.666667      0.855055      0.009053     -0.035964      0.000000        -34.659949         28.753160     19.914901      7.839323      0.135695      6.212393
      0.676471      0.854432      0.011518     -0.045350      0.000000        -35.435688         29.149799     20.242001      7.979111      0.135695      6.212393
      0.686275      0.853639      0.014624     -0.057079      0.000000        -36.285453         29.538590     20.568832      8.118664      0.135695      6.212393
      0.696078      0.852634      0.018529     -0.071651      0.000000        -37.226025         29.917604     20.895320      8.257918      0.135695      6.212393
      0.705882      0.851363      0.023422     -0.089638      0.000000        -38.276717         30.284526     21.221374      8.396791      0.135695      6.212393
      0.715686      0.849757      0.029530     -0.111678      0.000000        -39.459088         30.636613     21.546880      8.535179      0.135695      6.212393
      0.725490      0.847736      0.037121     -0.138452      0.000000        -40.796201         30.970690     21.871696      8.672951      0.135695      6.212393
      0.735294      0.845200      0.046505     -0.170652      0.000000        -42.311257         31.283163     22.195642      8.809945      0.135695      6.212393
      0.745098      0.842030      0.058032     -0.208923      0.000000        -44.025471         31.570097     22.518501      8.945954      0.135695      6.212393
      0.754902      0.838084      0.072088     -0.253789      0.000000        -45.955128         31.827362     22.840004      9.080721      0.135695      6.212393
      0.764706      0.833197      0.089087     -0.305552      0.000000        -48.107973         32.050851     23.159821      9.213929      0.135695      6.212393
      0.774510      0.827179      0.109448     -0.364199      0.000000        -50.479368         32.236787     23.477559      9.345189      0.135695      6.212393
      0.784314      0.819816      0.133582     -0.429303      0.000000        -53.049002         32.382080     23.792744      9.474032      0.135695      6.212393
      0.794118      0.810874      0.161856     -0.499972      0.000000        -55.779160         32.484701     24.104816      9.599896      0.135695      6.212393
      0.803922      0.800101      0.194570     -0.574857      0.000000        -58.615521         32.543985     24.413125      9.722130      0.135695      6.212393
      0.813725      0.787235      0.231931     -0.652239      0.000000        -61.490984         32.560820     24.716919      9.839991      0.135695      6.212393
      0.823529      0.772015      0.274032     -0.730182      0.000000        -64.332184         32.537638     25.015347      9.952660      0.135695      6.212393
      0.833333      0.754189      0.320847     -0.806736      0.000000        -67.067451         32.478207     25.307459     10.059267      0.135695      6.212393
      0.843137      0.733527      0.372237     -0.880142      0.000000        -69.634434         32.387256     25.592215     10.158930      0.135695      6.212393
      0.852941      0.709826      0.427966     -0.948991      0.000000        -71.985717         32.270015     25.868487     10.250801      0.135695      6.212393
      0.862745      0.682926      0.487723     -1.012310      0.000000        -74.091470         32.131750     26.135082     10.334126      0.135695      6.212393
      0.872549      0.652713      0.551154     -1.069578      0.000000        -75.939125         31.977370     26.390752     10.408300      0.135695      6.212393
      0.882353      0.619125      0.617884     -1.120675      0.000000        -77.530812         31.811159     26.634215     10.472927      0.135695      6.212393
      0.892157      0.582153      0.687544     -1.165802      0.000000        -78.879634         31.636624     26.864176     10.527864      0.135695      6.212393
      0.901961      0.541843      0.759780     -1.205377      0.000000        -80.005740         31.456457     27.079348     10.573248      0.135695      6.212393
      0.911765      0.498296      0.834271     -1.239953      0.000000        -80.932882         31.272563     27.278471     10.609509      0.135695      6.212393
      0.921569      0.451663      0.910731     -1.270143      0.000000        -81.685752         31.086138     27.460333     10.637353      0.135695      6.212393
      0.931373      0.402145      0.988913     -1.296572      0.000000        -82.288173         30.897766     27.623789     10.657729      0.135695      6.212393
      0.941176      0.349987      1.068605     -1.319840      0.000000        -82.762001         30.707509     27.767783     10.671768      0.135695      6.212393
      0.950980      0.295475      1.149632     -1.340509      0.000000        -83.126591         30.515001     27.891357     10.680717      0.135695      6.212393
      0.960784      0.238933      1.231852     -1.359092      0.000000        -83.398641         30.319514     27.993670     10.685847      0.135695      6.212393
      0.970588      0.180718      1.315152     -1.376060      0.000000        -83.592281         30.120030     28.074014     10.688364      0.135695      6.212393
      0.980392      0.121213      1.399448     -1.391843      0.000000        -83.719296         29.915288     28.131821     10.689325      0.135695      6.212393
      0.990196      0.060830      1.484680     -1.406900      0.000000        -83.789454         29.703833     28.166675     10.689551      0.135695      6.212393
      1.000000     -0.000000      1.570796     -1.417737      0.000000        -83.808816         29.557243     28.178321     10.689566      0.135695      6.212393
