             t             r           psi            cs            qs                 p               sig             A             V            Q2             S
      0.000000      0.000000     -1.570796     -0.994111      0.000000      -6608.107820       3323.627725      0.000000      0.000000      0.009059      3.837933
      0.004902      0.018812     -1.552093     -0.994136      0.000000      -6608.109399       3323.543581      0.001112      0.000000      0.009059      3.837933
      0.009804      0.037618     -1.533390     -0.994184      0.000000      -6608.114398       3323.450097      0.004447      0.000002      0.009059      3.837933
      0.014706      0.056411     -1.514685     -0.994223      0.000000      -6608.123043       3323.357466      0.010005      0.000008      0.009059      3.837933
      0.019608      0.075183     -1.495980     -0.994262      0.000000      -6608.135567       3323.265604      0.017783      0.000025      0.009059      3.837933
      0.024510      0.093930     -1.477275     -0.994302      0.000000      -6608.152212       3323.174426      0.027778      0.000061      0.009059      3.837933
      0.029412      0.112644     -1.458568     -0.994343      0.000000      -6608.173232       3323.083846      0.039988      0.000126      0.009059      3.837933
      0.034314      0.131318     -1.439861     -0.994385      0.000000      -6608.198899       3322.993778      0.054408      0.000234      0.009059      3.837933
      0.039216      0.149946     -1.421152     -0.994427      0.000000      -6608.229506       3322.904138      0.071032      0.000398      0.009059      3.837933
      0.044118      0.168522     -1.402444     -0.994471      0.000000      -6608.265374       3322.814838      0.089855      0.000636      0.009059      3.837933
      0.049020      0.187039     -1.383734     -0.994516      0.000000      -6608.306846       3322.725792      0.110871      0.000967      0.009059      3.837933
      0.053922      0.205490     -1.365023     -0.994563      0.000000      -6608.354300       3322.636910      0.134072      0.001412      0.009059      3.837933
      0.058824      0.223870     -1.346311     -0.994611      0.000000      -6608.408146       3322.548106      0.159449      0.001995      0.009059      3.837933
      0.063725      0.242171     -1.327599     -0.994660      0.000000      -6608.468831       3322.459289      0.186995      0.002740      0.009059      3.837933
      0.068627      0.260387     -1.308886     -0.994712      0.000000      -6608.536843       3322.370367      0.216699      0.003673      0.009059      3.837933
      0.073529      0.278512     -1.290171     -0.994765      0.000000      -6608.612718       3322.281250      0.248551      0.004825      0.009059      3.837933
      0.078431      0.296540     -1.271456     -0.994821      0.000000      -6608.697040       3322.191843      0.282540      0.006223      0.009059      3.837933
      0.083333      0.314464     -1.252739     -0.994880      0.000000      -6608.790451       3322.102052      0.318654      0.007901      0.009059      3.837933
      0.088235      0.332277     -1.234022     -0.994941      0.000000      -6608.893655       3322.011777      0.356880      0.009890      0.009059      3.837933
      0.093137      0.349975     -1.215303     -0.995005      0.000000      -6609.007426       3321.920920      0.397205      0.012225      0.009059      3.837933
      0.098039      0.367550     -1.196583     -0.995072      0.000000      -6609.132612       3321.829379      0.439615      0.014941      0.009059      3.837933
      0.102941      0.384996     -1.177861     -0.995143      0.000000      -6609.270152       3321.737048      0.484094      0.018074      0.009059      3.837933
      0.107843      0.402307     -1.159139     -0.995217      0.000000      -6609.421077       3321.643820      0.530629      0.021662      0.009059      3.837933
      0.112745      0.419477     -1.140415     -0.995296      0.000000      -6609.586527       3321.549581      0.579201      0.025742      0.009059      3.837933
      0.117647      0.436500     -1.121689     -0.995380      0.000000      -6609.767763       3321.454218      0.629794      0.030353      0.009059      3.837933
      0.122549      0.453370     -1.102962     -0.995468      0.000000      -6609.966180       3321.357609      0.682390      0.035534      0.009059      3.837933
      0.127451      0.470082     -1.084233     -0.995562      0.000000      -6610.183324       3321.259629      0.736972      0.041323      0.009059      3.837933
      0.132353      0.486629     -1.065502     -0.995663      0.000000      -6610.420915       3321.160147      0.793519      0.047761      0.009059      3.837933
      0.137255      0.503005     -1.046769     -0.995769      0.000000      -6610.680864       3321.059027      0.852012      0.054887      0.009059      3.837933
      0.142157      0.519204     -1.028034     -0.995884      0.000000      -6610.965300       3320.956126      0.912430      0.062739      0.009059      3.837933
      0.147059      0.535222     -1.009297     -0.996006      0.000000      -6611.276601       3320.851293      0.974753      0.071358      0.009059      3.837933
      0.151961      0.551052     -0.990557     -0.996137      0.000000      -6611.617427       3320.744367      1.038958      0.080782      0.009059      3.837933
      0.156863      0.566689     -0.971815     -0.996278      0.000000      -6611.990758       3320.635182      1.105023      0.091049      0.009059      3.837933
      0.161765      0.582126     -0.953071     -0.996430      0.000000      -6612.399939       3320.523559      1.172924      0.102197      0.009059      3.837933
      0.166667      0.597360     -0.934323     -0.996593      0.000000      -6612.848735       3320.409308      1.242639      0.114262      0.009059      3.837933
      0.171569      0.612384     -0.915572     -0.996770      0.000000      -6613.341392       3320.292226      1.314142      0.127280      0.009059      3.837933
      0.176471      0.627193     -0.896818     -0.996962      0.000000      -6613.882707       3320.172099      1.387408      0.141285      0.009059      3.837933
      0.181373      0.641782     -0.878059     -0.997170      0.000000      -6614.478117       3320.048696      1.462412      0.156311      0.009059      3.837933
      0.186275      0.656145     -0.859297     -0.997396      0.000000      -6615.133795       3319.921767      1.539127      0.172390      0.009059      3.837933
      0.191176      0.670278     -0.840530     -0.997643      0.000000      -6615.856771       3319.791048      1.617526      0.189552      0.009059      3.837933
      0.196078      0.684175     -0.821759     -0.997912      0.000000      -6616.655073       3319.656250      1.697582      0.207826      0.009059      3.837933
      0.200980      0.697832     -0.802982     -0.998207      0.000000      -6617.537891       3319.517062      1.779266      0.227238      0.009059      3.837933
      0.205882      0.711244     -0.784199     -0.998531      0.000000      -6618.515781       3319.373147      1.862551      0.247815      0.009059      3.837933
      0.210784      0.724405     -0.765410     -0.998886      0.000000      -6619.600901       3319.224141      1.947406      0.269580      0.009059      3.837933
      0.215686      0.737311     -0.746614     -0.999279      0.000000      -6620.807304       3319.069646      2.033802      0.292553      0.009059      3.837933
      0.220588      0.749958     -0.727810     -0.999713      0.000000      -6622.151286       3318.909227      2.121708      0.316753      0.009059      3.837933
      0.225490      0.762340     -0.708998     -1.000194      0.000000      -6623.651812       3318.742411      2.211094      0.342197      0.009059      3.837933
      0.230392      0.774454     -0.690176     -1.000729      0.000000      -6625.331037       3318.568678      2.301927      0.368900      0.009059      3.837933
      0.235294      0.786295     -0.671343     -1.001326      0.000000      -6627.214940       3318.387458      2.394176      0.396873      0.009059      3.837933
      0.240196      0.797858     -0.652499     -1.001994      0.000000      -6629.334115       3318.198124      2.487809      0.426126      0.009059      3.837933
      0.245098      0.809139     -0.633641     -1.002743      0.000000      -6631.724747       3317.999984      2.582792      0.456665      0.009059      3.837933
      0.250000      0.820135     -0.614768     -1.003587      0.000000      -6634.429824       3317.792274      2.679091      0.488495      0.009059      3.837933
      0.254902      0.830840     -0.595879     -1.004542      0.000000      -6637.500665       3317.574147      2.776673      0.521617      0.009059      3.837933
      0.259804      0.841251     -0.576970     -1.005624      0.000000      -6640.998849       3317.344666      2.875504      0.556030      0.009059      3.837933
      0.264706      0.851364     -0.558039     -1.006858      0.000000      -6644.998651       3317.102789      2.975547      0.591729      0.009059      3.837933
      0.269608      0.861174     -0.539084     -1.008270      0.000000      -6649.590172       3316.847355      3.076768      0.628708      0.009059      3.837933
      0.274510      0.870678     -0.520100     -1.009892      0.000000      -6654.883355       3316.577072      3.179130      0.666958      0.009059      3.837933
      0.279412      0.879872     -0.501083     -1.011766      0.000000      -6661.013192       3316.290501      3.282598      0.706466      0.009059      3.837933
      0.284314      0.888752     -0.482028     -1.013942      0.000000      -6668.146515       3315.986038      3.387134      0.747216      0.009059      3.837933
      0.289216      0.897313     -0.462930     -1.016481      0.000000      -6676.490930       3315.661895      3.492700      0.789190      0.009059      3.837933
      0.294118      0.905553     -0.443779     -1.019463      0.000000      -6686.306636       3315.316089      3.599260      0.832368      0.009059      3.837933
      0.299020      0.913467     -0.424567     -1.022985      0.000000      -6697.922192       3314.946427      3.706775      0.876726      0.009059      3.837933
      0.303922      0.921051     -0.405283     -1.027174      0.000000      -6711.755676       3314.550503      3.815206      0.922238      0.009059      3.837933
      0.308824      0.928301     -0.385913     -1.032190      0.000000      -6728.343257       3314.125715      3.924513      0.968873      0.009059      3.837933
      0.313725      0.935213     -0.366438     -1.038242      0.000000      -6748.377927       3313.669307      4.034658      1.016600      0.009059      3.837933
      0.318627      0.941781     -0.346839     -1.045600      0.000000      -6772.762110       3313.178474      4.145599      1.065384      0.009059      3.837933
      0.323529      0.948002     -0.327085     -1.054620      0.000000      -6802.678867       3312.650560      4.257296      1.115188      0.009059      3.837933
      0.328431      0.953868     -0.307143     -1.065770      0.000000      -6839.687161       3312.083433      4.369708      1.165973      0.009059      3.837933
      0.333333      0.959375     -0.286967     -1.079668      0.000000      -6885.845808       3311.476163      4.482792      1.217694      0.009059      3.837933
      0.338235      0.964516     -0.266497     -1.097128      0.000000      -6943.864863       3310.830238      4.596505      1.270307      0.009059      3.837933
      0.343137      0.969282     -0.245656     -1.119204      0.000000      -7017.263610       3310.151723      4.710804      1.323763      0.009059      3.837933
      0.348039      0.973663     -0.224347     -1.147217      0.000000      -7110.458857       3309.455089      4.825644      1.378012      0.009059      3.837933
      0.352941      0.977648     -0.202444     -1.182694      0.000000      -7228.564114       3308.769940      4.940978      1.433000      0.009059      3.837933
      0.357843      0.981223     -0.179791     -1.227036      0.000000      -7376.336298       3308.152609      5.056760      1.488668      0.009059      3.837933
      0.362745      0.984370     -0.156216     -1.280543      0.000000      -7554.965190       3307.705260      5.172939      1.544954      0.009059      3.837933
      0.367647      0.987070     -0.131569     -1.339995      0.000000      -7754.145526       3307.604037      5.289463      1.601791      0.009059      3.837933
      0.372549      0.989299     -0.105828     -1.393827      0.000000      -7936.163691       3308.129781      5.406279      1.659103      0.009059      3.837933
      0.377451      0.991039     -0.079321     -1.415593      0.000000      -8014.239459       3309.669403      5.523330      1.716806      0.009059      3.837933
      0.382353      0.992281     -0.053027     -1.363559      0.000000      -7850.636338       3312.614890      5.640557      1.774804      0.009059      3.837933
      0.387255      0.993045     -0.028710     -1.202244      0.000000      -7326.934252       3317.107207      5.757903      1.832999      0.009059      3.837933
      0.392157      0.993387     -0.008427     -0.941416      0.000000      -6472.912352       3322.786925      5.875312      1.891297      0.009059      3.837933
      0.397059      0.993397      0.006471     -0.642227      0.000000      -5488.861210       3328.896943      5.992742      1.949625      0.009059      3.837933
      0.401961      0.993178      0.015923     -0.371260      0.000000      -4595.236154       3334.710211      6.110158      2.007936      0.009059      3.837933
      0.406863      0.992826      0.020834     -0.162065      0.000000      -3904.498057       3339.825825      6.227540      2.066206      0.009059      3.837933
      0.411765      0.992415      0.022425     -0.016849      0.000000      -3425.212028       3344.153297      6.344876      2.124427      0.009059      3.837933
      0.416667      0.991996      0.021796      0.076173      0.000000      -3118.968347       3347.769610      6.462163      2.182599      0.009059      3.837933
      0.421569      0.991603      0.019798      0.130876      0.000000      -2939.978411       3350.806468      6.579401      2.240725      0.009059      3.837933
      0.426471      0.991256      0.017039      0.158763      0.000000      -2850.089794       3353.395241      6.696596      2.298809      0.009059      3.837933
      0.431373      0.990964      0.013939      0.168294      0.000000      -2821.179459       3355.648201      6.813752      2.356860      0.009059      3.837933
      0.436275      0.990732      0.010784      0.165425      0.000000      -2833.429432       3357.655853      6.930878      2.414882      0.009059      3.837933
      0.441176      0.990558      0.007766      0.154313      0.000000      -2872.996899       3359.489740      7.047979      2.472882      0.009059      3.837933
      0.446078      0.990438      0.005011      0.137900      0.000000      -2930.103110       3361.206303      7.165064      2.530867      0.009059      3.837933
      0.450980      0.990367      0.002597      0.118314      0.000000      -2997.677199       3362.850307      7.282137      2.588841      0.009059      3.837933
      0.455882      0.990338      0.000569      0.097141      0.000000      -3070.453964       3364.457459      7.399204      2.646809      0.009059      3.837933
      0.460784      0.990343     -0.001056      0.075601      0.000000      -3144.398698       3366.056261      7.516270      2.704777      0.009059      3.837933
      0.465686      0.990375     -0.002279      0.054646      0.000000      -3216.357841       3367.669246      7.633338      2.762746      0.009059      3.837933
      0.470588      0.990426     -0.003120      0.035023      0.000000      -3283.863019       3369.313759      7.750411      2.820721      0.009059      3.837933
      0.475490      0.990490     -0.003609      0.017297      0.000000      -3345.036742       3371.002435      7.867492      2.878702      0.009059      3.837933
      0.480392      0.990560     -0.003786      0.001868      0.000000      -3398.560770       3372.743501      7.984580      2.936691      0.009059      3.837933
      0.485294      0.990631     -0.003695     -0.011036      0.000000      -3443.675827       3374.541018      8.101676      2.994688      0.009059      3.837933
      0.490196      0.990698     -0.003387     -0.021357      0.000000      -3480.186979       3376.395148      8.218781      3.052693      0.009059      3.837933
      0.495098      0.990757     -0.002907     -0.029201      0.000000      -3508.455103       3378.302507      8.335893      3.110706      0.009059      3.837933
      0.500000      0.990807     -0.002302     -0.034835      0.000000      -3529.362464       3380.256615      8.453011      3.168725      0.009059      3.837933
      0.504902      0.990843     -0.001608     -0.038657      0.000000      -3544.249310       3382.248441      8.570135      3.226750      0.009059      3.837933
      0.509804      0.990867     -0.000855     -0.041181      0.000000      -3554.826941       3384.266992      8.687262      3.284778      0.009059      3.837933
      0.514706      0.990875     -0.000063     -0.042996      0.000000      -3563.079049       3386.299873      8.804391      3.342808      0.009059      3.837933
      0.519608      0.990869      0.000762     -0.044744      0.000000      -3571.165712       3388.333771      8.921520      3.400838      0.009059      3.837933
      0.524510      0.990846      0.001624     -0.047096      0.000000      -3581.342885       3390.354794      9.038648      3.458866      0.009059      3.837933
      0.529412      0.990807      0.002542     -0.050730      0.000000      -3595.905341       3392.348638      9.155772      3.516891      0.009059      3.837933
      0.534314      0.990750      0.003546     -0.056325      0.000000      -3617.154220       3394.300584      9.272890      3.574910      0.009059      3.837933
      0.539216      0.990673      0.004678     -0.064558      0.000000      -3647.383078       3396.195345      9.390000      3.632921      0.009059      3.837933
      0.544118      0.990573      0.005995     -0.076096      0.000000      -3688.869661       3398.016822      9.507100      3.690921      0.009059      3.837933
      0.549020      0.990446      0.007566     -0.091598      0.000000      -3743.855251       3399.747843      9.624187      3.748908      0.009059      3.837933
      0.553922      0.990286      0.009471     -0.111693      0.000000      -3814.490073       3401.370006      9.741256      3.806877      0.009059      3.837933
      0.558824      0.990087      0.011801     -0.136952      0.000000      -3902.723282       3402.863726      9.858305      3.864823      0.009059      3.837933
      0.563725      0.989839      0.014659     -0.167833      0.000000      -4010.121957       3404.208640      9.975327      3.922742      0.009059      3.837933
      0.568627      0.989531      0.018153     -0.204610      0.000000      -4137.618327       3405.384463     10.092316      3.980626      0.009059      3.837933
      0.573529      0.989151      0.022395     -0.247284      0.000000      -4285.209952       3406.372366     10.209265      4.038466      0.009059      3.837933
      0.578431      0.988683      0.027493     -0.295501      0.000000      -4451.670853       3407.156792     10.326164      4.096250      0.009059      3.837933
      0.583333      0.988111      0.033544     -0.348494      0.000000      -4634.361511       3407.727498     10.443002      4.153965      0.009059      3.837933
      0.588235      0.987415      0.040628     -0.405085      0.000000      -4829.233438       3408.081434     10.559765      4.211593      0.009059      3.837933
      0.593137      0.986576      0.048799     -0.463762      0.000000      -5031.091756       3408.223976     10.676437      4.269114      0.009059      3.837933
      0.598039      0.985573      0.058080     -0.522825      0.000000      -5234.105785       3408.169127     10.793001      4.326503      0.009059      3.837933
      0.602941      0.984385      0.068463     -0.580580      0.000000      -5432.468965       3407.938504     10.909435      4.383732      0.009059      3.837933
      0.607843      0.982992      0.079908     -0.635526      0.000000      -5621.049953       3407.559271     11.025717      4.440768      0.009059      3.837933
      0.612745      0.981375      0.092351     -0.686502      0.000000      -5795.880302       3407.061482     11.141821      4.497576      0.009059      3.837933
      0.617647      0.979517      0.105709     -0.732749      0.000000      -5954.388469       3406.475384     11.257720      4.554115      0.009059      3.837933
      0.622549      0.977400      0.119890     -0.773912      0.000000      -6095.378302       3405.829181     11.373385      4.610343      0.009059      3.837933
      0.627451      0.975012      0.134797     -0.809975      0.000000      -6218.819352       3405.147519     11.488783      4.666215      0.009059      3.837933
      0.632353      0.972340      0.150336     -0.841175      0.000000      -6325.543453       3404.450732     11.603882      4.721682      0.009059      3.837933
      0.637255      0.969373      0.166419     -0.867909      0.000000      -6416.931349       3403.754736     11.718648      4.776697      0.009059      3.837933
      0.642157      0.966104      0.182968     -0.890658      0.000000      -6494.643263       3403.071358     11.833046      4.831209      0.009059      3.837933
      0.647059      0.962525      0.199910     -0.909925      0.000000      -6560.416390       3402.408906     11.947038      4.885169      0.009059      3.837933
      0.651961      0.958631      0.217186     -0.926199      0.000000      -6615.929949       3401.772821     12.060590      4.938526      0.009059      3.837933
      0.656863      0.954416      0.234744     -0.939928      0.000000      -6662.726675       3401.166315     12.173662      4.991230      0.009059      3.837933
      0.661765      0.949878      0.252539     -0.951511      0.000000      -6702.175855       3400.590930     12.286216      5.043233      0.009059      3.837933
      0.666667      0.945014      0.270535     -0.961294      0.000000      -6735.463990       3400.047006     12.398215      5.094487      0.009059      3.837933
      0.671569      0.939822      0.288700     -0.969571      0.000000      -6763.602039       3399.534045     12.509620      5.144944      0.009059      3.837933
      0.676471      0.934301      0.307009     -0.976591      0.000000      -6787.441361       3399.050997     12.620391      5.194560      0.009059      3.837933
      0.681373      0.928450      0.325440     -0.982561      0.000000      -6807.693248       3398.596463     12.730491      5.243291      0.009059      3.837933
      0.686275      0.922271      0.343974     -0.987654      0.000000      -6824.948919       3398.168854     12.839879      5.291096      0.009059      3.837933
      0.691176      0.915762      0.362598     -0.992014      0.000000      -6839.698310       3397.766491     12.948517      5.337934      0.009059      3.837933
      0.696078      0.908925      0.381297     -0.995758      0.000000      -6852.346849       3397.387680     13.056367      5.383770      0.009059      3.837933
      0.700980      0.901760      0.400061     -0.998985      0.000000      -6863.229964       3397.030764     13.163389      5.428567      0.009059      3.837933
      0.705882      0.894270      0.418883     -1.001775      0.000000      -6872.625369       3396.694151     13.269545      5.472292      0.009059      3.837933
      0.710784      0.886457      0.437753     -1.004197      0.000000      -6880.763320       3396.376330     13.374796      5.514917      0.009059      3.837933
      0.715686      0.878321      0.456665     -1.006307      0.000000      -6887.835098       3396.075888     13.479105      5.556413      0.009059      3.837933
      0.720588      0.869866      0.475615     -1.008150      0.000000      -6893.999973       3395.791505     13.582433      5.596756      0.009059      3.837933
      0.725490      0.861093      0.494597     -1.009766      0.000000      -6899.390914       3395.521962     13.684742      5.635923      0.009059      3.837933
      0.730392      0.852006      0.513608     -1.011188      0.000000      -6904.119241       3395.266131     13.785996      5.673895      0.009059      3.837933
      0.735294      0.842607      0.532644     -1.012442      0.000000      -6908.278423       3395.022973     13.886158      5.710656      0.009059      3.837933
      0.740196      0.832900      0.551702     -1.013552      0.000000      -6911.947185       3394.791534     13.985190      5.746191      0.009059      3.837933
      0.745098      0.822887      0.570780     -1.014538      0.000000      -6915.192034       3394.570939     14.083057      5.780490      0.009059      3.837933
      0.750000      0.812571      0.589875     -1.015415      0.000000      -6918.069332       3394.360383     14.179722      5.813544      0.009059      3.837933
      0.754902      0.801958      0.608986     -1.016199      0.000000      -6920.626990       3394.159127     14.275150      5.845348      0.009059      3.837933
      0.759804      0.791049      0.628111     -1.016900      0.000000      -6922.905860       3393.966494     14.369306      5.875900      0.009059      3.837933
      0.764706      0.779849      0.647249     -1.017529      0.000000      -6924.940882       3393.781862     14.462155      5.905200      0.009059      3.837933
      0.769608      0.768361      0.666397     -1.018096      0.000000      -6926.762028       3393.604659     14.553663      5.933252      0.009059      3.837933
      0.774510      0.756591      0.685556     -1.018607      0.000000      -6928.395082       3393.434359     14.643797      5.960060      0.009059      3.837933
      0.779412      0.744541      0.704724     -1.019069      0.000000      -6929.862291       3393.270476     14.732523      5.985633      0.009059      3.837933
      0.784314      0.732217      0.723900     -1.019488      0.000000      -6931.182904       3393.112564     14.819808      6.009982      0.009059      3.837933
      0.789216      0.719622      0.743084     -1.019868      0.000000      -6932.373616       3392.960212     14.905620      6.033121      0.009059      3.837933
      0.794118      0.706761      0.762274     -1.020215      0.000000      -6933.448954       3392.813036     14.989927      6.055065      0.009059      3.837933
      0.799020      0.693640      0.781471     -1.020531      0.000000      -6934.421581       3392.670685     15.072699      6.075834      0.009059      3.837933
      0.803922      0.680261      0.800673     -1.020820      0.000000      -6935.302572       3392.532831     15.153905      6.095446      0.009059      3.837933
      0.808824      0.666632      0.819881     -1.021085      0.000000      -6936.101630       3392.399170     15.233514      6.113926      0.009059      3.837933
      0.813725      0.652756      0.839093     -1.021328      0.000000      -6936.827280       3392.269418     15.311498      6.131297      0.009059      3.837933
      0.818627      0.638638      0.858310     -1.021551      0.000000      -6937.487027       3392.143313     15.387827      6.147587      0.009059      3.837933
      0.823529      0.624284      0.877531     -1.021757      0.000000      -6938.087492       3392.020608     15.462473      6.162824      0.009059      3.837933
      0.828431      0.609698      0.896755     -1.021948      0.000000      -6938.634531       3391.901073     15.535408      6.177038      0.009059      3.837933
      0.833333      0.594887      0.915983     -1.022123      0.000000      -6939.133334       3391.784492     15.606606      6.190261      0.009059      3.837933
      0.838235      0.579856      0.935215     -1.022287      0.000000      -6939.588507       3391.670663     15.676040      6.202526      0.009059      3.837933
      0.843137      0.564610      0.954449     -1.022438      0.000000      -6940.004148       3391.559394     15.743685      6.213868      0.009059      3.837933
      0.848039      0.549155      0.973686     -1.022579      0.000000      -6940.383910       3391.450506     15.809515      6.224321      0.009059      3.837933
      0.852941      0.533496      0.992925     -1.022710      0.000000      -6940.731056       3391.343828     15.873506      6.233923      0.009059      3.837933
      0.857843      0.517639      1.012167     -1.022832      0.000000      -6941.048501       3391.239200     15.935634      6.242712      0.009059      3.837933
      0.862745      0.501591      1.031411     -1.022947      0.000000      -6941.338861       3391.136469     15.995877      6.250724      0.009059      3.837933
      0.867647      0.485357      1.050657     -1.023054      0.000000      -6941.604482       3391.035489     16.054211      6.258000      0.009059      3.837933
      0.872549      0.468942      1.069905     -1.023155      0.000000      -6941.847471       3390.936121     16.110616      6.264577      0.009059      3.837933
      0.877451      0.452354      1.089155     -1.023249      0.000000      -6942.069729       3390.838233     16.165070      6.270496      0.009059      3.837933
      0.882353      0.435598      1.108407     -1.023338      0.000000      -6942.272966       3390.741698     16.217553      6.275795      0.009059      3.837933
      0.887255      0.418681      1.127660     -1.023422      0.000000      -6942.458728       3390.646394     16.268046      6.280514      0.009059      3.837933
      0.892157      0.401608      1.146915     -1.023502      0.000000      -6942.628412       3390.552202     16.316530      6.284693      0.009059      3.837933
      0.897059      0.384386      1.166171     -1.023577      0.000000      -6942.783284       3390.459009     16.362987      6.288369      0.009059      3.837933
      0.901961      0.367022      1.185428     -1.023648      0.000000      -6942.924491       3390.366706     16.407399      6.291581      0.009059      3.837933
      0.906863      0.349521      1.204687     -1.023716      0.000000      -6943.053073       3390.275185     16.449751      6.294367      0.009059      3.837933
      0.911765      0.331891      1.223948     -1.023780      0.000000      -6943.169976       3390.184343     16.490026      6.296763      0.009059      3.837933
      0.916667      0.314137      1.243209     -1.023842      0.000000      -6943.276061       3390.094080     16.528210      6.298805      0.009059      3.837933
      0.921569      0.296267      1.262471     -1.023901      0.000000      -6943.372112       3390.004295     16.564289      6.300527      0.009059      3.837933
      0.926471      0.278287      1.281735     -1.023957      0.000000      -6943.458843       3389.914893     16.598248      6.301964      0.009059      3.837933
      0.931373      0.260203      1.301000     -1.024011      0.000000      -6943.536906       3389.825778     16.630076      6.303147      0.009059      3.837933
      0.936275      0.242023      1.320265     -1.024063      0.000000      -6943.606897       3389.736858     16.659761      6.304107      0.009059      3.837933
      0.941176      0.223753      1.339532     -1.024113      0.000000      -6943.669361       3389.648042     16.687291      6.304873      0.009059      3.837933
      0.946078      0.205401      1.358799     -1.024162      0.000000      -6943.724796       3389.559237     16.712657      6.305473      0.009059      3.837933
      0.950980      0.186971      1.378068     -1.024209      0.000000      -6943.773659       3389.470355     16.735848      6.305931      0.009059      3.837933
      0.955882      0.168473      1.397337     -1.024254      0.000000      -6943.816370       3389.381308     16.756857      6.306272      0.009059      3.837933
      0.960784      0.149911      1.416607     -1.024298      0.000000      -6943.853314       3389.292007     16.775675      6.306517      0.009059      3.837933
      0.965686      0.131295      1.435878     -1.024341      0.000000      -6943.884844       3389.202367     16.792296      6.306686      0.009059      3.837933
      0.970588      0.112629      1.455150     -1.024384      0.000000      -6943.911287       3389.112299     16.806713      6.306796      0.009059      3.837933
      0.975490      0.093921      1.474422     -1.024425      0.000000      -6943.932944       3389.021719     16.818922      6.306864      0.009059      3.837933
      0.980392      0.075179      1.493696     -1.024465      0.000000      -6943.950095       3388.930540     16.828917      6.306901      0.009059      3.837933
      0.985294      0.056409      1.512970     -1.024505      0.000000      -6943.963002       3388.838678     16.836694      6.306918      0.009059      3.837933
      0.990196      0.037617      1.532245     -1.024544      0.000000      -6943.971911       3388.746047     16.842252      6.306925      0.009059      3.837933
      0.995098      0.018812      1.551520     -1.024593      0.000000      -6943.977063       3388.652563     16.845587      6.306926      0.009059      3.837933
      1.000000      0.000000      1.570796     -1.024618      0.000000      -6943.978690       3388.568419     16.846699      6.306927      0.009059      3.837933
