             t             r           psi            cs            qs                 p               sig             A             V            Q2             S
      0.000000     -0.000000     -1.570796     -0.952953      0.000000       -138.822031         72.837830      0.000000      0.000000      0.082002      4.322689
      0.009804      0.042368     -1.530388     -0.954935      0.000000       -138.827830         72.744228      0.005642      0.000002      0.082002      4.322689
      0.019608      0.084666     -1.489847     -0.958286      0.000000       -138.851600         72.570222      0.022557      0.000039      0.082002      4.322689
      0.029412      0.126825     -1.449163     -0.961736      0.000000       -138.894076         72.399741      0.050719      0.000195      0.082002      4.322689
      0.039216      0.168775     -1.408329     -0.965373      0.000000       -138.957884         72.232068      0.090080      0.000615      0.082002      4.322689
      0.049020      0.210444     -1.367336     -0.969257      0.000000       -139.046138         72.066505      0.140575      0.001497      0.082002      4.322689
      0.058824      0.251762     -1.326172     -0.973448      0.000000       -139.162573         71.902363      0.202121      0.003090      0.082002      4.322689
      0.068627      0.292655     -1.284822     -0.978020      0.000000       -139.311699         71.738970      0.274615      0.005691      0.082002      4.322689
      0.078431      0.333054     -1.243270     -0.983056      0.000000       -139.498984         71.575671      0.357932      0.009644      0.082002      4.322689
      0.088235      0.372884     -1.201492     -0.988654      0.000000       -139.731087         71.411826      0.451933      0.015326      0.082002      4.322689
      0.098039      0.412073     -1.159463     -0.994934      0.000000       -140.016149         71.246816      0.556456      0.023150      0.082002      4.322689
      0.107843      0.450548     -1.117151     -1.002041      0.000000       -140.364158         71.080050      0.671321      0.033554      0.082002      4.322689
      0.117647      0.488234     -1.074517     -1.010148      0.000000       -140.787426         70.910972      0.796328      0.046992      0.082002      4.322689
      0.127451      0.525056     -1.031515     -1.019471      0.000000       -141.301179         70.739076      0.931256      0.063933      0.082002      4.322689
      0.137255      0.560938     -0.988088     -1.030274      0.000000       -141.924319         70.563938      1.075865      0.084845      0.082002      4.322689
      0.147059      0.595801     -0.944165     -1.042882      0.000000       -142.680376         70.385244      1.229895      0.110191      0.082002      4.322689
      0.156863      0.629566     -0.899663     -1.057700      0.000000       -143.598687         70.202863      1.393064      0.140422      0.082002      4.322689
      0.166667      0.662149     -0.854478     -1.075230      0.000000       -144.715811         70.016931      1.565068      0.175961      0.082002      4.322689
      0.176471      0.693464     -0.808481     -1.096089      0.000000       -146.077128         69.828005      1.745582      0.217204      0.082002      4.322689
      0.186275      0.723418     -0.761517     -1.121029      0.000000       -147.738429         69.637277      1.934254      0.264502      0.082002      4.322689
      0.196078      0.751915     -0.713394     -1.150942      0.000000       -149.766983         69.446924      2.130712      0.318156      0.082002      4.322689
      0.205882      0.778848     -0.663880     -1.186841      0.000000       -152.240897         69.260623      2.334551      0.378405      0.082002      4.322689
      0.215686      0.804101     -0.612700     -1.229762      0.000000       -155.244251         69.084342      2.545341      0.445416      0.082002      4.322689
      0.225490      0.827546     -0.559536     -1.280525      0.000000       -158.852993         68.927497      2.762618      0.519267      0.082002      4.322689
      0.235294      0.849040     -0.504052     -1.339195      0.000000       -163.102372         68.804585      2.985881      0.599935      0.082002      4.322689
      0.245098      0.868428     -0.445939     -1.404045      0.000000       -167.921120         68.737280      3.214591      0.687274      0.082002      4.322689
      0.254902      0.885540     -0.385032     -1.469765      0.000000       -173.015215         68.756607      3.448164      0.780988      0.082002      4.322689
      0.264706      0.900207     -0.321508     -1.525027      0.000000       -177.700576         68.903891      3.685971      0.880606      0.082002      4.322689
      0.274510      0.912280     -0.256189     -1.550601      0.000000       -180.752165         69.227720      3.927342      0.985456      0.082002      4.322689
      0.284314      0.921668     -0.190858     -1.521272      0.000000       -180.472236         69.773084      4.171571      1.094659      0.082002      4.322689
      0.294118      0.928387     -0.128339     -1.415382      0.000000       -175.251265         70.561682      4.417943      1.207178      0.082002      4.322689
      0.303922      0.932597     -0.072032     -1.229760      0.000000       -164.561857         71.571861      4.665764      1.321916      0.082002      4.322689
      0.313725      0.934614     -0.024916     -0.987388      0.000000       -149.617882         72.735376      4.914406      1.437861      0.082002      4.322689
      0.323529      0.934861      0.011411     -0.727364      0.000000       -132.902675         73.959255      5.163339      1.554212      0.082002      4.322689
      0.333333      0.933799      0.037000     -0.485582      0.000000       -116.926672         75.158094      5.412154      1.670421      0.082002      4.322689
      0.343137      0.931860      0.053127     -0.282873      0.000000       -103.312672         76.274719      5.660560      1.786166      0.082002      4.322689
      0.352941      0.929406      0.061616     -0.125154      0.000000        -92.667065         77.282552      5.908374      1.901288      0.082002      4.322689
      0.362745      0.926722      0.064327     -0.009246      0.000000        -84.907438         78.177405      6.155499      2.015733      0.082002      4.322689
      0.372549      0.924016      0.062894      0.071696      0.000000        -79.630745         78.967710      6.401902      2.129507      0.082002      4.322689
      0.382353      0.921434      0.058640      0.124994      0.000000        -76.353555         79.667315      6.647599      2.242649      0.082002      4.322689
      0.392157      0.919074      0.052598      0.157089      0.000000        -74.627385         80.291287      6.892636      2.355220      0.082002      4.322689
      0.401961      0.916992      0.045551      0.173196      0.000000        -74.077890         80.853869      7.137080      2.467285      0.082002      4.322689
      0.411765      0.915220      0.038086      0.177377      0.000000        -74.407807         81.367684      7.381011      2.578917      0.082002      4.322689
      0.421569      0.913765      0.030641      0.172757      0.000000        -75.386328         81.843565      7.624512      2.690188      0.082002      4.322689
      0.431373      0.912619      0.023534      0.161735      0.000000        -76.835540         82.290654      7.867668      2.801168      0.082002      4.322689
      0.441176      0.911762      0.016996      0.146168      0.000000        -78.618079         82.716605      8.110557      2.911923      0.082002      4.322689
      0.450980      0.911168      0.011189      0.127505      0.000000        -80.627254         83.127781      8.353254      3.022514      0.082002      4.322689
      0.460784      0.910802      0.006217      0.106888      0.000000        -82.779668         83.529434      8.595823      3.132997      0.082002      4.322689
      0.470588      0.910628      0.002144      0.085223      0.000000        -85.009993         83.925844      8.838322      3.243417      0.082002      4.322689
      0.480392      0.910607     -0.001002      0.063217      0.000000        -87.267456         84.320415      9.080796      3.353816      0.082002      4.322689
      0.490196      0.910700     -0.003218      0.041416      0.000000        -89.513655         84.715750      9.323280      3.464225      0.082002      4.322689
      0.500000      0.910867     -0.004521      0.020211      0.000000        -91.721342         85.113690      9.565799      3.574665      0.082002      4.322689
      0.509804      0.911071     -0.004943     -0.000147      0.000000        -93.873893         85.515341      9.808369      3.685150      0.082002      4.322689
      0.519608      0.911274     -0.004522     -0.019546      0.000000        -95.965195         85.921087     10.050993      3.795685      0.082002      4.322689
      0.529412      0.911443     -0.003299     -0.038012      0.000000        -97.999709         86.330608     10.293668      3.906267      0.082002      4.322689
      0.539216      0.911543     -0.001311     -0.055706      0.000000        -99.992509         86.742887     10.536380      4.016882      0.082002      4.322689
      0.549020      0.911543      0.001416     -0.072918      0.000000       -101.969093         87.156235     10.779105      4.127511      0.082002      4.322689
      0.558824      0.911413      0.004868     -0.090058      0.000000       -103.964817         87.568321     11.021814      4.238123      0.082002      4.322689
      0.568627      0.911120      0.009055     -0.107637      0.000000       -106.023829         87.976213     11.264468      4.348683      0.082002      4.322689
      0.578431      0.910634      0.014006     -0.126251      0.000000       -108.197388         88.376438     11.507018      4.459145      0.082002      4.322689
      0.588235      0.909922      0.019779     -0.146546      0.000000       -110.541527         88.765058     11.749409      4.569453      0.082002      4.322689
      0.598039      0.908945      0.026460     -0.169189      0.000000       -113.114000         89.137758     11.991577      4.679545      0.082002      4.322689
      0.607843      0.907665      0.034162     -0.194820      0.000000       -115.970536         89.489971     12.233445      4.789342      0.082002      4.322689
      0.617647      0.906034      0.043023     -0.224013      0.000000       -119.160469         89.817019     12.474926      4.898758      0.082002      4.322689
      0.627451      0.904001      0.053206     -0.257219      0.000000       -122.721931         90.114292     12.715921      5.007689      0.082002      4.322689
      0.637255      0.901505      0.064886     -0.294722      0.000000       -126.676966         90.377454     12.956315      5.116013      0.082002      4.322689
      0.647059      0.898481      0.078248     -0.336589      0.000000       -131.027087         90.602675     13.195975      5.223589      0.082002      4.322689
      0.656863      0.894854      0.093474     -0.382638      0.000000       -135.750012         90.786873     13.434751      5.330254      0.082002      4.322689
      0.666667      0.890542      0.110732     -0.432426      0.000000       -140.798344         90.927940     13.672472      5.435816      0.082002      4.322689
      0.676471      0.885458      0.130169     -0.485259      0.000000       -146.100849         91.024931     13.908944      5.540058      0.082002      4.322689
      0.686275      0.879509      0.151893     -0.540231      0.000000       -151.566632         91.078166     14.143949      5.642733      0.082002      4.322689
      0.696078      0.872601      0.175973     -0.596293      0.000000       -157.091939         91.089242     14.377245      5.743564      0.082002      4.322689
      0.705882      0.864639      0.202433     -0.652338      0.000000       -162.568701         91.060927     14.608563      5.842248      0.082002      4.322689
      0.715686      0.855530      0.231249     -0.707293      0.000000       -167.893486         90.996959     14.837610      5.938455      0.082002      4.322689
      0.725490      0.845184      0.262353     -0.760195      0.000000       -172.975436         90.901764     15.064069      6.031838      0.082002      4.322689
      0.735294      0.833521      0.295642     -0.810260      0.000000       -177.742016         90.780144     15.287599      6.122037      0.082002      4.322689
      0.745098      0.820467      0.330982     -0.856911      0.000000       -182.141982         90.636972     15.507840      6.208689      0.082002      4.322689
      0.754902      0.805958      0.368219     -0.899790      0.000000       -186.145602         90.476930     15.724413      6.291440      0.082002      4.322689
      0.764706      0.789942      0.407191     -0.938737      0.000000       -189.742678         90.304311     15.936923      6.369952      0.082002      4.322689
      0.774510      0.772379      0.447730     -0.973760      0.000000       -192.939150         90.122890     16.144962      6.443917      0.082002      4.322689
      0.784314      0.753241      0.489672     -1.004998      0.000000       -195.753096         89.935865     16.348116      6.513065      0.082002      4.322689
      0.794118      0.732511      0.532862     -1.032682      0.000000       -198.210800         89.745848     16.545962      6.577177      0.082002      4.322689
      0.803922      0.710184      0.577154     -1.057098      0.000000       -200.343280         89.554895     16.738076      6.636088      0.082002      4.322689
      0.813725      0.686267      0.622418     -1.078558      0.000000       -202.183518         89.364563     16.924032      6.689700      0.082002      4.322689
      0.823529      0.660777      0.668534     -1.097381      0.000000       -203.764410         89.175976     17.103410      6.737978      0.082002      4.322689
      0.833333      0.633741      0.715398     -1.113877      0.000000       -205.117374         88.989893     17.275795      6.780959      0.082002      4.322689
      0.843137      0.605196      0.762916     -1.128336      0.000000       -206.271502         88.806770     17.440778      6.818750      0.082002      4.322689
      0.852941      0.575186      0.811009     -1.141024      0.000000       -207.253126         88.626821     17.597964      6.851523      0.082002      4.322689
      0.862745      0.543766      0.859606     -1.152180      0.000000       -208.085674         88.450069     17.746970      6.879515      0.082002      4.322689
      0.872549      0.510996      0.908647     -1.162016      0.000000       -208.789722         88.276381     17.887429      6.903022      0.082002      4.322689
      0.882353      0.476943      0.958081     -1.170719      0.000000       -209.383163         88.105505     18.018989      6.922385      0.082002      4.322689
      0.892157      0.441681      1.007862     -1.178454      0.000000       -209.881445         87.937096     18.141320      6.937989      0.082002      4.322689
      0.901961      0.405291      1.057953     -1.185362      0.000000       -210.297826         87.770734     18.254108      6.950249      0.082002      4.322689
      0.911765      0.367856      1.108322     -1.191568      0.000000       -210.643640         87.605940     18.357066      6.959596      0.082002      4.322689
      0.921569      0.329467      1.158941     -1.197180      0.000000       -210.928547         87.442186     18.449927      6.966472      0.082002      4.322689
      0.931373      0.290217      1.209786     -1.202292      0.000000       -211.160756         87.278903     18.532449      6.971310      0.082002      4.322689
      0.941176      0.250205      1.260839     -1.206986      0.000000       -211.347240         87.115491     18.604415      6.974529      0.082002      4.322689
      0.950980      0.209532      1.312084     -1.211335      0.000000       -211.493910         86.951318     18.665637      6.976518      0.082002      4.322689
      0.960784      0.168302      1.363507     -1.215405      0.000000       -211.605777         86.785726     18.715953      6.977629      0.082002      4.322689
      0.970588      0.126624      1.415097     -1.219253      0.000000       -211.687091         86.618035     18.755228      6.978162      0.082002      4.322689
      0.980392      0.084606      1.466846     -1.222937      0.000000       -211.741469         86.447544     18.783357      6.978362      0.082002      4.322689
      0.990196      0.042360      1.518750     -1.226551      0.000000       -211.772019         86.273536     18.800265      6.978409      0.082002      4.322689
      1.000000     -0.000000      1.570796     -1.228705      0.000000       -211.779491         86.179933     18.805906      6.978412      0.082002      4.322689
