             t             r           psi            cs            qs                 p               sig             A             V            Q2             S
      0.000000      0.000000     -1.570796     -0.833229      0.000000        -26.656101         15.995663     -0.000000      0.000000      0.136082      4.948483
      0.009804      0.048501     -1.530245     -0.841772      0.000000        -26.662754         15.893082      0.007393      0.000004      0.136082      4.948483
      0.019608      0.096922     -1.489082     -0.855260      0.000000        -26.688522         15.722998      0.029561      0.000058      0.136082      4.948483
      0.029412      0.145178     -1.447246     -0.869592      0.000000        -26.735065         15.557601      0.066465      0.000296      0.136082      4.948483
      0.039216      0.193181     -1.404686     -0.885159      0.000000        -26.805866         15.396134      0.118043      0.000939      0.136082      4.948483
      0.049020      0.240840     -1.361334     -0.902305      0.000000        -26.905184         15.237901      0.184203      0.002295      0.136082      4.948483
      0.058824      0.288056     -1.317104     -0.921432      0.000000        -27.038284         15.082281      0.264827      0.004761      0.136082      4.948483
      0.068627      0.334728     -1.271889     -0.943024      0.000000        -27.211706         14.928743      0.359762      0.008816      0.136082      4.948483
      0.078431      0.380745     -1.225554     -0.967675      0.000000        -27.433602         14.776872      0.468828      0.015017      0.136082      4.948483
      0.088235      0.425991     -1.177935     -0.996114      0.000000        -27.714155         14.626410      0.591806      0.023992      0.136082      4.948483
      0.098039      0.470338     -1.128826     -1.029237      0.000000        -28.066092         14.477307      0.728443      0.036434      0.136082      4.948483
      0.107843      0.513648     -1.077975     -1.068147      0.000000        -28.505287         14.329810      0.878443      0.053091      0.136082      4.948483
      0.117647      0.555767     -1.025070     -1.114183      0.000000        -29.051414         14.184583      1.041468      0.074753      0.136082      4.948483
      0.127451      0.596523     -0.969726     -1.168943      0.000000        -29.728521         14.042902      1.217129      0.102237      0.136082      4.948483
      0.137255      0.635721     -0.911478     -1.234243      0.000000        -30.565199         13.906933      1.404981      0.136370      0.136082      4.948483
      0.147059      0.673136     -0.849768     -1.311973      0.000000        -31.593654         13.780153      1.604516      0.177968      0.136082      4.948483
      0.156863      0.708509     -0.783952     -1.403692      0.000000        -32.846220         13.667951      1.815152      0.227795      0.136082      4.948483
      0.166667      0.741538     -0.713336     -1.509742      0.000000        -34.346595         13.578459      2.036222      0.286528      0.136082      4.948483
      0.176471      0.771877     -0.637270     -1.627512      0.000000        -36.091323         13.523583      2.266959      0.354683      0.136082      4.948483
      0.186275      0.799135     -0.555361     -1.748552      0.000000        -38.016099         13.520012      2.506485      0.432534      0.136082      4.948483
      0.196078      0.822897     -0.467842     -1.854839      0.000000        -39.946022         13.589511      2.753798      0.519992      0.136082      4.948483
      0.205882      0.842771     -0.376105     -1.916518      0.000000        -41.548450         13.757116      3.007770      0.616488      0.136082      4.948483
      0.215686      0.858467     -0.283210     -1.896462      0.000000        -42.345974         14.045448      3.267169      0.720894      0.136082      4.948483
      0.225490      0.869902     -0.193891     -1.766294      0.000000        -41.866105         14.464974      3.530702      0.831569      0.136082      4.948483
      0.235294      0.877283     -0.113608     -1.527333      0.000000        -39.910247         15.004598      3.797094      0.946587      0.136082      4.948483
      0.245098      0.881110     -0.046865     -1.216606      0.000000        -36.736444         15.630585      4.065177      1.064083      0.136082      4.948483
      0.254902      0.882081      0.004159     -0.888268      0.000000        -32.951667         16.297050      4.333973      1.182559      0.136082      4.948483
      0.264706      0.880956      0.039783     -0.587645      0.000000        -29.204785         16.961019      4.602727      1.300996      0.136082      4.948483
      0.274510      0.878439      0.062026     -0.338821      0.000000        -25.948913         17.592301      4.870909      1.418806      0.136082      4.948483
      0.284314      0.875114      0.073591     -0.147296      0.000000        -23.389831         18.175181      5.138187      1.535708      0.136082      4.948483
      0.294118      0.871434      0.077165     -0.008035      0.000000        -21.551211         18.705142      5.404388      1.651608      0.136082      4.948483
      0.303922      0.867726      0.075071      0.087913      0.000000        -20.360134         19.184516      5.669456      1.766519      0.136082      4.948483
      0.313725      0.864217      0.069185      0.149784      0.000000        -19.708563         19.619026      5.933419      1.880509      0.136082      4.948483
      0.323529      0.861056      0.060958      0.185638      0.000000        -19.486590         20.015613      6.196363      1.993676      0.136082      4.948483
      0.333333      0.858326      0.051487      0.202016      0.000000        -19.596536         20.381253      6.458407      2.106131      0.136082      4.948483
      0.343137      0.856069      0.041587      0.204065      0.000000        -19.956804         20.722401      6.719691      2.217990      0.136082      4.948483
      0.352941      0.854290      0.031853      0.195800      0.000000        -20.501181         21.044789      6.980360      2.329368      0.136082      4.948483
      0.362745      0.852970      0.022705      0.180354      0.000000        -21.176542         21.353386      7.240557      2.440378      0.136082      4.948483
      0.372549      0.852073      0.014429      0.160191      0.000000        -21.940326         21.652439      7.500417      2.551123      0.136082      4.948483
      0.382353      0.851552      0.007206      0.137258      0.000000        -22.758340         21.945538      7.760063      2.661697      0.136082      4.948483
      0.392157      0.851355      0.001131      0.113104      0.000000        -23.603016         22.235677      8.019601      2.772185      0.136082      4.948483
      0.401961      0.851424     -0.003768      0.088955      0.000000        -24.452140         22.525321      8.279120      2.882658      0.136082      4.948483
      0.411765      0.851702     -0.007516      0.065765      0.000000        -25.287952         22.816448      8.538694      2.993176      0.136082      4.948483
      0.421569      0.852135     -0.010177      0.044259      0.000000        -26.096550         23.110590      8.798377      3.103785      0.136082      4.948483
      0.431373      0.852673     -0.011846      0.024951      0.000000        -26.867494         23.408873      9.058210      3.214518      0.136082      4.948483
      0.441176      0.853271     -0.012639      0.008175      0.000000        -27.593537         23.712044      9.318217      3.325399      0.136082      4.948483
      0.450980      0.853888     -0.012683     -0.005908      0.000000        -28.270411         24.020510      9.578410      3.436438      0.136082      4.948483
      0.460784      0.854491     -0.012110     -0.017280      0.000000        -28.896614         24.334369      9.838790      3.547636      0.136082      4.948483
      0.470588      0.855055     -0.011048     -0.026054      0.000000        -29.473165         24.653456     10.099348      3.658988      0.136082      4.948483
      0.480392      0.855557     -0.009620     -0.032444      0.000000        -30.003303         24.977378     10.360069      3.770481      0.136082      4.948483
      0.490196      0.855984     -0.007934     -0.036749      0.000000        -30.492142         25.305561     10.620932      3.882097      0.136082      4.948483
      0.500000      0.856324     -0.006083     -0.039321      0.000000        -30.946286         25.637298     10.881912      3.993815      0.136082      4.948483
      0.509804      0.856573     -0.004141     -0.040548      0.000000        -31.373433         25.971781     11.142982      4.105611      0.136082      4.948483
      0.519608      0.856726     -0.002163     -0.040835      0.000000        -31.781998         26.308147     11.404114      4.217460      0.136082      4.948483
      0.529412      0.856783     -0.000187     -0.040581      0.000000        -32.180783         26.645500     11.665277      4.329338      0.136082      4.948483
      0.539216      0.856744      0.001772     -0.040174      0.000000        -32.578714         26.982939     11.926443      4.441217      0.136082      4.948483
      0.549020      0.856611      0.003714     -0.039980      0.000000        -32.984652         27.319570     12.187583      4.553074      0.136082      4.948483
      0.558824      0.856384      0.005660     -0.040341      0.000000        -33.407299         27.654510     12.448668      4.664883      0.136082      4.948483
      0.568627      0.856061      0.007643     -0.041573      0.000000        -33.855174         27.986886     12.709669      4.776619      0.136082      4.948483
      0.578431      0.855641      0.009713     -0.043972      0.000000        -34.336664         28.315824     12.970557      4.888257      0.136082      4.948483
      0.588235      0.855116      0.011933     -0.047817      0.000000        -34.860129         28.640436     13.231301      4.999769      0.136082      4.948483
      0.598039      0.854479      0.014380     -0.053377      0.000000        -35.434036         28.959797     13.491868      5.111127      0.136082      4.948483
      0.607843      0.853716      0.017144     -0.060920      0.000000        -36.067111         29.272925     13.752223      5.222299      0.136082      4.948483
      0.617647      0.852809      0.020327     -0.070717      0.000000        -36.768469         29.578751     14.012323      5.333248      0.136082      4.948483
      0.627451      0.851735      0.024046     -0.083046      0.000000        -37.547707         29.876103     14.272122      5.443932      0.136082      4.948483
      0.637255      0.850465      0.028431     -0.098197      0.000000        -38.414917         30.163678     14.531565      5.554303      0.136082      4.948483
      0.647059      0.848964      0.033625     -0.116470      0.000000        -39.380587         30.440030     14.790587      5.664300      0.136082      4.948483
      0.656863      0.847188      0.039787     -0.138169      0.000000        -40.455353         30.703561     15.049110      5.773853      0.136082      4.948483
      0.666667      0.845086      0.047092     -0.163595      0.000000        -41.649566         30.952527     15.307043      5.882878      0.136082      4.948483
      0.676471      0.842599      0.055726     -0.193026      0.000000        -42.972647         31.185058     15.564279      5.991272      0.136082      4.948483
      0.686275      0.839657      0.065889     -0.226697      0.000000        -44.432220         31.399197     15.820689      6.098916      0.136082      4.948483
      0.696078      0.836182      0.077793     -0.264772      0.000000        -46.033059         31.592962     16.076123      6.205663      0.136082      4.948483
      0.705882      0.832085      0.091652     -0.307314      0.000000        -47.775908         31.764426     16.330405      6.311344      0.136082      4.948483
      0.715686      0.827267      0.107683     -0.354250      0.000000        -49.656316         31.911821     16.583332      6.415756      0.136082      4.948483
      0.725490      0.821619      0.126092     -0.405347      0.000000        -51.663651         32.033655     16.834666      6.518665      0.136082      4.948483
      0.735294      0.815024      0.147074     -0.460192      0.000000        -53.780525         32.128826     17.084137      6.619801      0.136082      4.948483
      0.745098      0.807358      0.170795     -0.518187      0.000000        -55.982818         32.196733     17.331438      6.718855      0.136082      4.948483
      0.754902      0.798489      0.197392     -0.578567      0.000000        -58.240451         32.237354     17.576222      6.815482      0.136082      4.948483
      0.764706      0.788284      0.226957     -0.640435      0.000000        -60.518922         32.251284     17.818102      6.909301      0.136082      4.948483
      0.774510      0.776612      0.259541     -0.702814      0.000000        -62.781475         32.239729     18.056652      6.999900      0.136082      4.948483
      0.784314      0.763341      0.295143     -0.764709      0.000000        -64.991619         32.204440     18.291403      7.086844      0.136082      4.948483
      0.794118      0.748349      0.333717     -0.825178      0.000000        -67.115632         32.147607     18.521849      7.169689      0.136082      4.948483
      0.803922      0.731523      0.375172     -0.883388      0.000000        -69.124697         32.071722     18.747448      7.247991      0.136082      4.948483
      0.813725      0.712764      0.419383     -0.938657      0.000000        -70.996368         31.979429     18.967627      7.321327      0.136082      4.948483
      0.823529      0.691988      0.466194     -0.990482      0.000000        -72.715262         31.873373     19.181781      7.389312      0.136082      4.948483
      0.833333      0.669132      0.515428     -1.038544      0.000000        -74.272995         31.756080     19.389287      7.451618      0.136082      4.948483
      0.843137      0.644151      0.566899     -1.082695      0.000000        -75.667503         31.629858     19.589502      7.507993      0.136082      4.948483
      0.852941      0.617021      0.620417     -1.122935      0.000000        -76.901976         31.496731     19.781776      7.558278      0.136082      4.948483
      0.862745      0.587744      0.675795     -1.159383      0.000000        -77.983603         31.358403     19.965452      7.602418      0.136082      4.948483
      0.872549      0.556339      0.732853     -1.192245      0.000000        -78.922337         31.216254     20.139879      7.640473      0.136082      4.948483
      0.882353      0.522850      0.791424     -1.221788      0.000000        -79.729773         31.071342     20.304413      7.672622      0.136082      4.948483
      0.892157      0.487342      0.851353     -1.248312      0.000000        -80.418230         30.924433     20.458430      7.699157      0.136082      4.948483
      0.901961      0.449899      0.912503     -1.272131      0.000000        -81.000055         30.776019     20.601325      7.720479      0.136082      4.948483
      0.911765      0.410626      0.974749     -1.293563      0.000000        -81.487118         30.626360     20.732525      7.737081      0.136082      4.948483
      0.921569      0.369645      1.037982     -1.312911      0.000000        -81.890496         30.475506     20.851491      7.749532      0.136082      4.948483
      0.931373      0.327096      1.102110     -1.330469      0.000000        -82.220289         30.323327     20.957721      7.758450      0.136082      4.948483
      0.941176      0.283134      1.167052     -1.346509      0.000000        -82.485543         30.169540     21.050762      7.764480      0.136082      4.948483
      0.950980      0.237927      1.232740     -1.361284      0.000000        -82.694244         30.013729     21.130207      7.768260      0.136082      4.948483
      0.960784      0.191659      1.299119     -1.375031      0.000000        -82.853366         29.855365     21.195706      7.770396      0.136082      4.948483
      0.970588      0.144523      1.366145     -1.387970      0.000000        -82.968944         29.693821     21.246964      7.771433      0.136082      4.948483
      0.980392      0.096725      1.433783     -1.400319      0.000000        -83.046174         29.528389     21.283748      7.771825      0.136082      4.948483
      0.990196      0.048476      1.502012     -1.412374      0.000000        -83.089540         29.358295     21.305887      7.771917      0.136082      4.948483
      1.000000     -0.000000      1.570796     -1.420250      0.000000        -83.100848         29.255714     21.313278      7.771923      0.136082      4.948483
