             t             r           psi            cs            qs                 p               sig             A             V            Q2             S
      0.000000      0.000000     -1.570796      0.545954      0.000000        -13.019118         11.923277     -0.000000     -0.000000     -0.260914      9.321012
      0.009804      0.091344     -1.520142      0.566913      0.000000        -13.039251         11.629460      0.026229      0.000030     -0.260914      9.321012
      0.019608      0.182445     -1.467040      0.596143      0.000000        -13.113118         11.267302      0.104848      0.000491     -0.260914      9.321012
      0.029412      0.273026     -1.410981      0.632188      0.000000        -13.261088         10.914056      0.235640      0.002525     -0.260914      9.321012
      0.039216      0.362762     -1.351170      0.679086      0.000000        -13.516850         10.562867      0.418215      0.008104     -0.260914      9.321012
      0.049020      0.451253     -1.286340      0.743477      0.000000        -13.936429         10.206996      0.651979      0.020102     -0.260914      9.321012
      0.058824      0.537986     -1.214411      0.837019      0.000000        -14.617564          9.839970      0.936075      0.042383     -0.260914      9.321012
      0.068627      0.622252     -1.131831      0.981507      0.000000        -15.740416          9.456457      1.269303      0.079967     -0.260914      9.321012
      0.078431      0.702978     -1.032200      1.220192      0.000000        -17.657054          9.055609      1.649962      0.139288     -0.260914      9.321012
      0.088235      0.778356     -0.903351      1.641080      0.000000        -21.082110          8.653254      2.075551      0.228625     -0.260914      9.321012
      0.098039      0.844983     -0.722112      2.393242      0.000000        -27.323298          8.326920      2.542130      0.358408     -0.260914      9.321012
      0.107843      0.896226     -0.457018      3.379516      0.000000        -36.634887          8.362613      3.042967      0.538861     -0.260914      9.321012
      0.117647      0.923037     -0.146718      2.991835      0.000000        -38.044375          9.362289      3.566562      0.766192     -0.260914      9.321012
      0.127451      0.926648      0.036657      1.023110      0.000000        -23.522167         11.192805      4.098382      1.011946     -0.260914      9.321012
      0.137255      0.920978      0.070829     -0.081977      0.000000        -12.868359         12.854178      4.628952      1.256601     -0.260914      9.321012
      0.147059      0.915408      0.047242     -0.346502      0.000000        -10.511470         14.115268      5.156047      1.498085     -0.260914      9.321012
      0.156863      0.912515      0.017073     -0.286604      0.000000        -12.255913         15.147420      5.680686      1.737645     -0.260914      9.321012
      0.166667      0.911964     -0.002880     -0.148124      0.000000        -15.271088         16.101838      6.204382      1.976464     -0.260914      9.321012
      0.176471      0.912667     -0.010720     -0.031170      0.000000        -18.163868         17.063964      6.728175      2.215373     -0.260914      9.321012
      0.186275      0.913668     -0.010226      0.032820      0.000000        -20.368036         18.068756      7.252493      2.454755     -0.260914      9.321012
      0.196078      0.914429     -0.006187      0.049191      0.000000        -21.846320         19.117346      7.777333      2.694620     -0.260914      9.321012
      0.205882      0.914798     -0.002063      0.038338      0.000000        -22.848974         20.194013      8.302498      2.934787     -0.260914      9.321012
      0.215686      0.914853      0.000589      0.019600      0.000000        -23.678522         21.280780      8.827778      3.175062     -0.260914      9.321012
      0.225490      0.914741      0.001629      0.004204      0.000000        -24.544036         22.365455      9.353034      3.415315     -0.260914      9.321012
      0.235294      0.914588      0.001571     -0.004317      0.000000        -25.531105         23.443041      9.878209      3.655495     -0.260914      9.321012
      0.245098      0.914468      0.001023     -0.006865      0.000000        -26.638098         24.513604     10.403304      3.895600     -0.260914      9.321012
      0.254902      0.914403      0.000425     -0.005851      0.000000        -27.824345         25.579510     10.928345      4.135657     -0.260914      9.321012
      0.264706      0.914385     -0.000006     -0.003509      0.000000        -29.044566         26.643416     11.453364      4.375693     -0.260914      9.321012
      0.274510      0.914397     -0.000221     -0.001278      0.000000        -30.265719         27.707267     11.978382      4.615729     -0.260914      9.321012
      0.284314      0.914420     -0.000263      0.000213      0.000000        -31.470928         28.772057     12.503410      4.855774     -0.260914      9.321012
      0.294118      0.914442     -0.000207      0.000894      0.000000        -32.656419         29.838008     13.028452      5.095831     -0.260914      9.321012
      0.303922      0.914457     -0.000118      0.000977      0.000000        -33.826087         30.904890     13.553505      5.335899     -0.260914      9.321012
      0.313725      0.914464     -0.000038      0.000740      0.000000        -34.986545         31.972313     14.078564      5.575972     -0.260914      9.321012
      0.323529      0.914465      0.000015      0.000410      0.000000        -36.143872         33.039921     14.603625      5.816047     -0.260914      9.321012
      0.333333      0.914462      0.000038      0.000126      0.000000        -37.302140         34.107473     15.128685      6.056121     -0.260914      9.321012
      0.343137      0.914459      0.000041     -0.000056      0.000000        -38.463245         35.174859     15.653744      6.296194     -0.260914      9.321012
      0.352941      0.914455      0.000031     -0.000137      0.000000        -39.627433         36.242063     16.178800      6.536264     -0.260914      9.321012
      0.362745      0.914453      0.000018     -0.000144      0.000000        -40.794015         37.309126     16.703855      6.776333     -0.260914      9.321012
      0.372549      0.914452      0.000006     -0.000111      0.000000        -41.961996         38.376107     17.228909      7.016402     -0.260914      9.321012
      0.382353      0.914452     -0.000002     -0.000064      0.000000        -43.130471         39.443059     17.753962      7.256470     -0.260914      9.321012
      0.392157      0.914452     -0.000006     -0.000023      0.000000        -44.298824         40.510018     18.279016      7.496538     -0.260914      9.321012
      0.401961      0.914453     -0.000007      0.000005      0.000000        -45.466741         41.577003     18.804069      7.736606     -0.260914      9.321012
      0.411765      0.914453     -0.000005      0.000019      0.000000        -46.634159         42.644018     19.329124      7.976675     -0.260914      9.321012
      0.421569      0.914454     -0.000003      0.000022      0.000000        -47.801161         43.711056     19.854178      8.216744     -0.260914      9.321012
      0.431373      0.914454     -0.000002      0.000019      0.000000        -48.967894         44.778111     20.379233      8.456813     -0.260914      9.321012
      0.441176      0.914454     -0.000000      0.000013      0.000000        -50.134505         45.845172     20.904288      8.696882     -0.260914      9.321012
      0.450980      0.914454      0.000001      0.000006      0.000000        -51.301103         46.912235     21.429342      8.936952     -0.260914      9.321012
      0.460784      0.914454      0.000001      0.000001      0.000000        -52.467756         47.979294     21.954397      9.177021     -0.260914      9.321012
      0.470588      0.914454      0.000001     -0.000002      0.000000        -53.634488         49.046349     22.479452      9.417090     -0.260914      9.321012
      0.480392      0.914454      0.000001     -0.000003      0.000000        -54.801297         50.113399     23.004506      9.657159     -0.260914      9.321012
      0.490196      0.914454      0.000000     -0.000003      0.000000        -55.968164         51.180445     23.529561      9.897228     -0.260914      9.321012
      0.500000      0.914454      0.000000     -0.000003      0.000000        -57.135066         52.247490     24.054615     10.137297     -0.260914      9.321012
      0.509804      0.914454     -0.000000     -0.000002      0.000000        -58.301982         53.314533     24.579670     10.377366     -0.260914      9.321012
      0.519608      0.914454     -0.000000     -0.000001      0.000000        -59.468898         54.381577     25.104725     10.617435     -0.260914      9.321012
      0.529412      0.914454     -0.000000      0.000000      0.000000        -60.635806         55.448621     25.629779     10.857504     -0.260914      9.321012
      0.539216      0.914454     -0.000000      0.000001      0.000000        -61.802705         56.515666     26.154834     11.097573     -0.260914      9.321012
      0.549020      0.914454      0.000000      0.000001      0.000000        -62.969598         57.582711     26.679888     11.337642     -0.260914      9.321012
      0.558824      0.914454      0.000000      0.000002      0.000000        -64.136493         58.649756     27.204943     11.577711     -0.260914      9.321012
      0.568627      0.914454      0.000000      0.000002      0.000000        -65.303401         59.716800     27.729997     11.817780     -0.260914      9.321012
      0.578431      0.914454      0.000001      0.000003      0.000000        -66.470336         60.783843     28.255052     12.057849     -0.260914      9.321012
      0.588235      0.914453      0.000001      0.000005      0.000000        -67.637318         61.850883     28.780106     12.297918     -0.260914      9.321012
      0.598039      0.914453      0.000002      0.000008      0.000000        -68.804380         62.917918     29.305161     12.537987     -0.260914      9.321012
      0.607843      0.914453      0.000003      0.000013      0.000000        -69.971568         63.984946     29.830215     12.778056     -0.260914      9.321012
      0.617647      0.914453      0.000004      0.000021      0.000000        -71.138960         65.051962     30.355269     13.018125     -0.260914      9.321012
      0.627451      0.914452      0.000007      0.000034      0.000000        -72.306679         66.118958     30.880323     13.258193     -0.260914      9.321012
      0.637255      0.914452      0.000011      0.000054      0.000000        -73.474919         67.185924     31.405377     13.498261     -0.260914      9.321012
      0.647059      0.914450      0.000017      0.000086      0.000000        -74.643995         68.252841     31.930430     13.738329     -0.260914      9.321012
      0.656863      0.914448      0.000027      0.000137      0.000000        -75.814404         69.319679     32.455482     13.978396     -0.260914      9.321012
      0.666667      0.914445      0.000043      0.000217      0.000000        -76.986937         70.386392     32.980533     14.218461     -0.260914      9.321012
      0.676471      0.914440      0.000068      0.000342      0.000000        -78.162846         71.452907     33.505582     14.458525     -0.260914      9.321012
      0.686275      0.914432      0.000107      0.000539      0.000000        -79.344108         72.519107     34.030626     14.698585     -0.260914      9.321012
      0.696078      0.914420      0.000170      0.000846      0.000000        -80.533836         73.584808     34.555665     14.938640     -0.260914      9.321012
      0.705882      0.914400      0.000267      0.001326      0.000000        -81.736916         74.649724     35.080695     15.178686     -0.260914      9.321012
      0.715686      0.914369      0.000420      0.002074      0.000000        -82.960997         75.713402     35.605711     15.418720     -0.260914      9.321012
      0.725490      0.914321      0.000659      0.003236      0.000000        -84.218005         76.775139     36.130705     15.658733     -0.260914      9.321012
      0.735294      0.914245      0.001031      0.005036      0.000000        -85.526452         77.833838     36.655663     15.898714     -0.260914      9.321012
      0.745098      0.914126      0.001609      0.007814      0.000000        -86.914907         78.887800     37.180566     16.138644     -0.260914      9.321012
      0.754902      0.913941      0.002504      0.012087      0.000000        -88.427105         79.934408     37.705383     16.378496     -0.260914      9.321012
      0.764706      0.913654      0.003887      0.018625      0.000000        -90.129246         80.969662     38.230067     16.618225     -0.260914      9.321012
      0.774510      0.913208      0.006012      0.028564      0.000000        -92.119892         81.987512     38.754544     16.857763     -0.260914      9.321012
      0.784314      0.912521      0.009260      0.043533      0.000000        -94.542179         82.978946     39.278700     17.097004     -0.260914      9.321012
      0.794118      0.911465      0.014189      0.065792      0.000000        -97.596178         83.930855     39.802364     17.335787     -0.260914      9.321012
      0.803922      0.909853      0.021596      0.098294      0.000000       -101.545146         84.824798     40.325272     17.573859     -0.260914      9.321012
      0.813725      0.907410      0.032573      0.144546      0.000000       -106.702527         85.636145     40.847031     17.810839     -0.260914      9.321012
      0.823529      0.903749      0.048540      0.208058      0.000000       -113.379269         86.334482     41.367060     18.046143     -0.260914      9.321012
      0.833333      0.898339      0.071198      0.291176      0.000000       -121.773382         86.886600     41.884514     18.278899     -0.260914      9.321012
      0.843137      0.890491      0.102345      0.393439      0.000000       -131.814273         87.263076     42.398199     18.507828     -0.260914      9.321012
      0.852941      0.879366      0.143552      0.510223      0.000000       -143.038749         87.447535     42.906480     18.731118     -0.260914      9.321012
      0.862745      0.864022      0.195778      0.632945      0.000000       -154.620678         87.444558     43.407207     18.946343     -0.260914      9.321012
      0.872549      0.843500      0.259101      0.751419      0.000000       -165.605184         87.280849     43.897684     19.150468     -0.260914      9.321012
      0.882353      0.816929      0.332719      0.857165      0.000000       -175.224847         86.997801     44.374678     19.340031     -0.260914      9.321012
      0.892157      0.783612      0.415228      0.945579      0.000000       -183.093999         86.639704     44.834508     19.511493     -0.260914      9.321012
      0.901961      0.743091      0.504987      1.015986      0.000000       -189.197255         86.244066     45.273155     19.661707     -0.260914      9.321012
      0.911765      0.695167      0.600423      1.070292      0.000000       -193.751791         85.837363     45.686415     19.788399     -0.260914      9.321012
      0.921569      0.639886      0.700199      1.111479      0.000000       -197.061515         85.435351     46.070038     19.890544     -0.260914      9.321012
      0.931373      0.577524      0.803256      1.142578      0.000000       -199.422762         85.045505     46.419869     19.968575     -0.260914      9.321012
      0.941176      0.508551      0.908795      1.166190      0.000000       -201.083041         84.669704     46.731969     20.024375     -0.260914      9.321012
      0.950980      0.433603      1.016230      1.184370      0.000000       -202.232823         84.306325     47.002717     20.061069     -0.260914      9.321012
      0.960784      0.353457      1.125139      1.198673      0.000000       -203.012145         83.951624     47.228900     20.082644     -0.260914      9.321012
      0.970588      0.269004      1.235223      1.210263      0.000000       -203.521381         83.600546     47.407783     20.093444     -0.260914      9.321012
      0.980392      0.181228      1.346276      1.220011      0.000000       -203.831505         83.247168     47.537173     20.097624     -0.260914      9.321012
      0.990196      0.091189      1.458163      1.228596      0.000000       -203.992404         82.884939     47.615462     20.098617     -0.260914      9.321012
      1.000000      0.000000      1.570796      1.235226      0.000000       -204.037459         82.591114     47.641669     20.098684     -0.260914      9.321012
