             t             r           psi            cs            qs                 p               sig             A             V            Q2             S
      0.000000     -0.000000     -1.570796     -0.986422      0.000000      -1809.331433        917.118555      0.000000      0.000000      0.019203      5.719185
      0.009804      0.056042     -1.515482     -0.986713      0.000000      -1809.344380        916.944544      0.009874      0.000008      0.019203      5.719185
      0.019608      0.111912     -1.460145     -0.987136      0.000000      -1809.392855        916.678782      0.039467      0.000122      0.019203      5.719185
      0.029412      0.167440     -1.404783     -0.987584      0.000000      -1809.481735        916.417710      0.088688      0.000615      0.019203      5.719185
      0.039216      0.222455     -1.349395     -0.988071      0.000000      -1809.619254        916.159129      0.157385      0.001930      0.019203      5.719185
      0.049020      0.276787     -1.293979     -0.988611      0.000000      -1809.815980        915.900795      0.245350      0.004669      0.019203      5.719185
      0.058824      0.330271     -1.238530     -0.989221      0.000000      -1810.085648        915.640389      0.352311      0.009575      0.019203      5.719185
      0.068627      0.382740     -1.183045     -0.989922      0.000000      -1810.446294        915.375480      0.477940      0.017507      0.019203      5.719185
      0.078431      0.434033     -1.127517     -0.990743      0.000000      -1810.921842        915.103469      0.621852      0.029418      0.019203      5.719185
      0.088235      0.483990     -1.071939     -0.991721      0.000000      -1811.544375        914.821527      0.783604      0.046317      0.019203      5.719185
      0.098039      0.532456     -1.016301     -0.992903      0.000000      -1812.357481        914.526502      0.962697      0.069248      0.019203      5.719185
      0.107843      0.579279     -0.960589     -0.994358      0.000000      -1813.421217        914.214813      1.158580      0.099248      0.019203      5.719185
      0.117647      0.624310     -0.904786     -0.996177      0.000000      -1814.819690        913.882302      1.370648      0.137316      0.019203      5.719185
      0.127451      0.667407     -0.848868     -0.998492      0.000000      -1816.672822        913.524052      1.598243      0.184383      0.019203      5.719185
      0.137255      0.708430     -0.792801     -1.001495      0.000000      -1819.155126        913.134149      1.840661      0.241274      0.019203      5.719185
      0.147059      0.747243     -0.736541     -1.005467      0.000000      -1822.526394        912.705386      2.097145      0.308684      0.019203      5.719185
      0.156863      0.783715     -0.680021     -1.010842      0.000000      -1827.183380        912.228896      2.366895      0.387149      0.019203      5.719185
      0.166667      0.817715     -0.623146     -1.018298      0.000000      -1833.749468        911.693754      2.649062      0.477023      0.019203      5.719185
      0.176471      0.849116     -0.565770     -1.028935      0.000000      -1843.235217        911.086693      2.942753      0.578458      0.019203      5.719185
      0.186275      0.877786     -0.507667     -1.044595      0.000000      -1857.334133        910.392361      3.247030      0.691393      0.019203      5.719185
      0.196078      0.903584     -0.448476     -1.068466      0.000000      -1878.977051        909.595585      3.560906      0.815539      0.019203      5.719185
      0.205882      0.926352     -0.387592     -1.106185      0.000000      -1913.349421        908.690053      3.883341      0.950375      0.019203      5.719185
      0.215686      0.945894     -0.323989     -1.167517      0.000000      -1969.466659        907.707656      4.213236      1.095136      0.019203      5.719185
      0.225490      0.961948     -0.255959     -1.266451      0.000000      -2060.408109        906.813668      4.549411      1.248795      0.019203      5.719185
      0.235294      0.974140     -0.181218     -1.402284      0.000000      -2186.714001        906.589938      4.890574      1.410000      0.019203      5.719185
      0.245098      0.982012     -0.100042     -1.455815      0.000000      -2243.283520        908.564959      5.235283      1.576927      0.019203      5.719185
      0.254902      0.985444     -0.025728     -1.110426      0.000000      -1943.105362        914.462429      5.581975      1.747153      0.019203      5.719185
      0.264706      0.985470      0.018808     -0.480186      0.000000      -1378.841269        922.455896      5.929226      1.918275      0.019203      5.719185
      0.274510      0.983926      0.032277     -0.049666      0.000000       -989.954326        929.121226      6.276157      2.089031      0.019203      5.719185
      0.284314      0.982158      0.029106      0.131114      0.000000       -827.946290        933.822720      6.622478      2.259168      0.019203      5.719185
      0.294118      0.980768      0.020077      0.176031      0.000000       -790.422094        937.215517      6.968234      2.428781      0.019203      5.719185
      0.303922      0.979916      0.010495      0.159306      0.000000       -809.380661        939.901572      7.313594      2.598038      0.019203      5.719185
      0.313725      0.979558      0.002669      0.117603      0.000000       -851.114496        942.267010      7.658743      2.767106      0.019203      5.719185
      0.323529      0.979568     -0.002584      0.069817      0.000000       -898.303739        944.551318      8.003835      2.936121      0.019203      5.719185
      0.333333      0.979799     -0.005252      0.026768      0.000000       -941.064491        946.901781      8.348974      3.105181      0.019203      5.719185
      0.343137      0.980117     -0.005792     -0.005347      0.000000       -973.718824        949.399086      8.694213      3.274338      0.019203      5.719185
      0.352941      0.980422     -0.004905     -0.024073      0.000000       -993.988941        952.069276      9.039565      3.443605      0.019203      5.719185
      0.362745      0.980654     -0.003328     -0.030320      0.000000      -1002.679665        954.894993      9.385012      3.612966      0.019203      5.719185
      0.372549      0.980794     -0.001676     -0.027425      0.000000      -1002.855930        957.831725      9.730524      3.782394      0.019203      5.719185
      0.382353      0.980848     -0.000343     -0.019653      0.000000       -998.471362        960.826846     10.076071      3.951854      0.019203      5.719185
      0.392157      0.980841      0.000508     -0.010767      0.000000       -993.039836        963.835268     10.421624      4.121322      0.019203      5.719185
      0.401961      0.980800      0.000891     -0.003241      0.000000       -988.887004        966.827446     10.767169      4.290781      0.019203      5.719185
      0.411765      0.980748      0.000918      0.001824      0.000000       -987.057739        969.789973     11.112697      4.460223      0.019203      5.719185
      0.421569      0.980701      0.000734      0.004360      0.000000       -987.622664        972.721757     11.458207      4.629648      0.019203      5.719185
      0.431373      0.980667      0.000467      0.004888      0.000000       -990.093858        975.628920     11.803702      4.799059      0.019203      5.719185
      0.441176      0.980648      0.000210      0.004140      0.000000       -993.779024        978.520335     12.149188      4.968460      0.019203      5.719185
      0.450980      0.980642      0.000013      0.002811      0.000000       -998.018303        981.404544     12.494670      5.137858      0.019203      5.719185
      0.460784      0.980645     -0.000105      0.001428      0.000000      -1002.309167        984.288082     12.840152      5.307255      0.019203      5.719185
      0.470588      0.980653     -0.000152      0.000309      0.000000      -1006.345782        987.174928     13.185635      5.476654      0.019203      5.719185
      0.480392      0.980661     -0.000147     -0.000415      0.000000      -1010.002094        990.066719     13.531122      5.646056      0.019203      5.719185
      0.490196      0.980669     -0.000112     -0.000753      0.000000      -1013.284945        992.963361     13.876611      5.815460      0.019203      5.719185
      0.500000      0.980674     -0.000068     -0.000792      0.000000      -1016.278471        995.863757     14.222103      5.984867      0.019203      5.719185
      0.509804      0.980676     -0.000027     -0.000649      0.000000      -1019.094730        998.766452     14.567596      6.154275      0.019203      5.719185
      0.519608      0.980677      0.000003     -0.000431      0.000000      -1021.838566       1001.670086     14.913089      6.323684      0.019203      5.719185
      0.529412      0.980676      0.000022     -0.000219      0.000000      -1024.588650       1004.573639     15.258582      6.493093      0.019203      5.719185
      0.539216      0.980675      0.000029     -0.000062      0.000000      -1027.392354       1007.476497     15.604075      6.662501      0.019203      5.719185
      0.549020      0.980673      0.000030      0.000020      0.000000      -1030.270137       1010.378395     15.949568      6.831909      0.019203      5.719185
      0.558824      0.980672      0.000028      0.000025      0.000000      -1033.224991       1013.279293     16.295060      7.001316      0.019203      5.719185
      0.568627      0.980670      0.000028     -0.000044      0.000000      -1036.253569       1016.179234     16.640551      7.170722      0.019203      5.719185
      0.578431      0.980668      0.000035     -0.000186      0.000000      -1039.357184       1019.078202     16.986041      7.340128      0.019203      5.719185
      0.588235      0.980666      0.000051     -0.000419      0.000000      -1042.552527       1021.975980     17.331531      7.509534      0.019203      5.719185
      0.598039      0.980662      0.000084     -0.000782      0.000000      -1045.883493       1024.871998     17.677020      7.678938      0.019203      5.719185
      0.607843      0.980656      0.000143     -0.001361      0.000000      -1049.437060       1027.765124     18.022508      7.848341      0.019203      5.719185
      0.617647      0.980645      0.000243     -0.002302      0.000000      -1053.367931       1030.653345     18.367992      8.017740      0.019203      5.719185
      0.627451      0.980627      0.000412     -0.003859      0.000000      -1057.939050       1033.533232     18.713471      8.187135      0.019203      5.719185
      0.637255      0.980597      0.000695     -0.006448      0.000000      -1063.588416       1036.399046     19.058942      8.356522      0.019203      5.719185
      0.647059      0.980546      0.001167     -0.010756      0.000000      -1071.036868       1039.241280     19.404400      8.525895      0.019203      5.719185
      0.656863      0.980460      0.001954     -0.017893      0.000000      -1081.454933       1042.044314     19.749833      8.695245      0.019203      5.719185
      0.666667      0.980317      0.003259     -0.029622      0.000000      -1096.703298       1044.782818     20.095227      8.864556      0.019203      5.719185
      0.676471      0.980079      0.005411     -0.048637      0.000000      -1119.633832       1047.416606     20.440555      9.033801      0.019203      5.719185
      0.686275      0.979685      0.008921     -0.078806      0.000000      -1154.349454       1049.884234     20.785775      9.202937      0.019203      5.719185
      0.696078      0.979039      0.014550     -0.125095      0.000000      -1206.120954       1052.097348     21.130814      9.371889      0.019203      5.719185
      0.705882      0.977995      0.023347     -0.192617      0.000000      -1280.369195       1053.941248     21.475561      9.540537      0.019203      5.719185
      0.715686      0.976338      0.036604     -0.284240      0.000000      -1380.098178       1055.291000     21.819840      9.708681      0.019203      5.719185
      0.725490      0.973783      0.055626     -0.397196      0.000000      -1502.262663       1056.049930     22.163386      9.876009      0.019203      5.719185
      0.735294      0.969978      0.081358     -0.521320      0.000000      -1635.905419       1056.199270     22.505822     10.042046      0.019203      5.719185
      0.745098      0.964541      0.114022     -0.642032      0.000000      -1765.401801       1055.823310     22.846642     10.206119      0.019203      5.719185
      0.754902      0.957104      0.153054     -0.746851      0.000000      -1877.471827       1055.081686     23.185205     10.367353      0.019203      5.719185
      0.764706      0.947352      0.197364     -0.829941      0.000000      -1966.009318       1054.147583     23.520747     10.524699      0.019203      5.719185
      0.774510      0.935048      0.245725     -0.891764      0.000000      -2031.649053       1053.158001     23.852411     10.677001      0.019203      5.719185
      0.784314      0.920031      0.297040     -0.936083      0.000000      -2078.516024       1052.198232     24.179265     10.823076      0.019203      5.719185
      0.794118      0.902203      0.350454     -0.967327      0.000000      -2111.401974       1051.310433     24.500336     10.961783      0.019203      5.719185
      0.803922      0.881523      0.405344     -0.989297      0.000000      -2134.396014       1050.509014     24.814624     11.092086      0.019203      5.719185
      0.813725      0.857987      0.461275     -1.004845      0.000000      -2150.554450       1049.793416     25.121123     11.213100      0.019203      5.719185
      0.823529      0.831624      0.517946     -1.015975      0.000000      -2162.020861       1049.156266     25.418832     11.324124      0.019203      5.719185
      0.833333      0.802488      0.575151     -1.024058      0.000000      -2170.256020       1048.587855     25.706762     11.424664      0.019203      5.719185
      0.843137      0.770651      0.632746     -1.030019      0.000000      -2176.245890       1048.078320     25.983949     11.514444      0.019203      5.719185
      0.852941      0.736205      0.690630     -1.034485      0.000000      -2180.656793       1047.618589     26.249458     11.593409      0.019203      5.719185
      0.862745      0.699252      0.748734     -1.037884      0.000000      -2183.942363       1047.200686     26.502386     11.661723      0.019203      5.719185
      0.872549      0.659910      0.807005     -1.040510      0.000000      -2186.414742       1046.817741     26.741871     11.719753      0.019203      5.719185
      0.882353      0.618306      0.865407     -1.042570      0.000000      -2188.291366       1046.463882     26.967094     11.768052      0.019203      5.719185
      0.892157      0.574578      0.923912     -1.044210      0.000000      -2189.725665       1046.134088     27.177281     11.807336      0.019203      5.719185
      0.901961      0.528872      0.982500     -1.045534      0.000000      -2190.827311       1045.824033     27.371710     11.838453      0.019203      5.719185
      0.911765      0.481342      1.041155     -1.046618      0.000000      -2191.675680       1045.529954     27.549711     11.862349      0.019203      5.719185
      0.921569      0.432150      1.099865     -1.047519      0.000000      -2192.328916       1045.248529     27.710669     11.880035      0.019203      5.719185
      0.931373      0.381465      1.158622     -1.048279      0.000000      -2192.830084       1044.976779     27.854029     11.892547      0.019203      5.719185
      0.941176      0.329460      1.217418     -1.048931      0.000000      -2193.211415       1044.711984     27.979295     11.900908      0.019203      5.719185
      0.950980      0.276314      1.276248     -1.049498      0.000000      -2193.497260       1044.451618     28.086034     11.906094      0.019203      5.719185
      0.960784      0.222210      1.335108     -1.050002      0.000000      -2193.706179       1044.193291     28.173874     11.908996      0.019203      5.719185
      0.970588      0.167336      1.393995     -1.050456      0.000000      -2193.852426       1043.934706     28.242513     11.910393      0.019203      5.719185
      0.980392      0.111881      1.452907     -1.050875      0.000000      -2193.947045       1043.673631     28.291711     11.910917      0.019203      5.719185
      0.990196      0.056038      1.511841     -1.051271      0.000000      -2193.998690       1043.407867     28.321299     11.911039      0.019203      5.719185
      1.000000     -0.000000      1.570796     -1.051544      0.000000      -2194.012489       1043.233856     28.331173     11.911047      0.019203      5.719185
