             t             r           psi            cs            qs                 p               sig             A             V            Q2             S
      0.000000      0.000000     -1.570796     -0.729643      0.000000        -37.680611         25.821280      0.000000      0.000000      0.066029     10.196413
      0.009804      0.099875     -1.497252     -0.744492      0.000000        -37.713981         25.479176      0.031380      0.000057      0.066029     10.196413
      0.019608      0.199201     -1.421855     -0.764531      0.000000        -37.836227         25.066013      0.125348      0.000923      0.066029     10.196413
      0.029412      0.297388     -1.344253     -0.789014      0.000000        -38.083114         24.660544      0.281377      0.004680      0.066029     10.196413
      0.039216      0.393799     -1.263866     -0.820834      0.000000        -38.514793         24.252666      0.498554      0.014764      0.066029     10.196413
      0.049020      0.487722     -1.179744     -0.864755      0.000000        -39.233839         23.831978      0.775545      0.035872      0.066029     10.196413
      0.058824      0.578337     -1.090299     -0.929210      0.000000        -40.423994         23.387656      1.110536      0.073820      0.066029     10.196413
      0.068627      0.664633     -0.992767     -1.030209      0.000000        -42.434121         22.909131      1.501147      0.135367      0.066029     10.196413
      0.078431      0.745250     -0.882066     -1.200276      0.000000        -45.969193         22.390269      1.944260      0.228021      0.066029     10.196413
      0.088235      0.818129     -0.748291     -1.507680      0.000000        -52.510652         21.848064      2.435715      0.359799      0.066029     10.196413
      0.098039      0.879722     -0.572056     -2.070341      0.000000        -64.769080         21.403584      2.969647      0.538549      0.066029     10.196413
      0.107843      0.923645     -0.328287     -2.756556      0.000000        -81.596599         21.578385      3.537140      0.768402      0.066029     10.196413
      0.117647      0.942721     -0.068138     -2.083317      0.000000        -73.555205         23.413189      4.124622      1.037346      0.066029     10.196413
      0.127451      0.942041      0.053923     -0.453363      0.000000        -39.651062         26.200949      4.717163      1.316662      0.066029     10.196413
      0.137255      0.935918      0.057502      0.228292      0.000000        -23.792499         28.378073      5.306944      1.593043      0.066029     10.196413
      0.147059      0.931582      0.028161      0.302522      0.000000        -23.081916         29.957231      5.893274      1.866445      0.066029     10.196413
      0.156863      0.930119      0.003065      0.187302      0.000000        -27.777171         31.286782      6.477807      2.138404      0.066029     10.196413
      0.166667      0.930520     -0.008898      0.057158      0.000000        -33.151924         32.582770      7.062076      2.410150      0.066029     10.196413
      0.176471      0.931535     -0.010075     -0.023460      0.000000        -37.231769         33.942667      7.646846      2.682352      0.066029     10.196413
      0.186275      0.932365     -0.006127     -0.047432      0.000000        -39.627421         35.383083      8.232223      2.955123      0.066029     10.196413
      0.196078      0.932749     -0.001755     -0.036557      0.000000        -40.883235         36.876431      8.817983      3.228259      0.066029     10.196413
      0.205882      0.932776      0.000874     -0.016057      0.000000        -41.769526         38.386678      9.403863      3.501508      0.066029     10.196413
      0.215686      0.932638      0.001636     -0.000592      0.000000        -42.795329         39.890564      9.989697      3.774716      0.066029     10.196413
      0.225490      0.932486      0.001287      0.006220      0.000000        -44.119447         41.380796     10.575435      4.047833      0.066029     10.196413
      0.235294      0.932391      0.000608      0.006612      0.000000        -45.684381         42.859950     11.161094      4.320876      0.066029     10.196413
      0.245098      0.932359      0.000060      0.004134      0.000000        -47.366729         44.333683     11.746713      4.593884      0.066029     10.196413
      0.254902      0.932369     -0.000212      0.001407      0.000000        -49.064868         45.806686     12.332328      4.866886      0.066029     10.196413
      0.264706      0.932394     -0.000255     -0.000359      0.000000        -50.726632         47.281370     12.917954      5.139900      0.066029     10.196413
      0.274510      0.932416     -0.000178     -0.001022      0.000000        -52.342112         48.758192     13.503596      5.412927      0.066029     10.196413
      0.284314      0.932429     -0.000075     -0.000940      0.000000        -53.924321         50.236550     14.089249      5.685966      0.066029     10.196413
      0.294118      0.932432      0.000001     -0.000555      0.000000        -55.491813         51.715587     14.674907      5.959009      0.066029     10.196413
      0.303922      0.932430      0.000036     -0.000174      0.000000        -57.058749         53.194650     15.260565      6.232052      0.066029     10.196413
      0.313725      0.932426      0.000040      0.000066      0.000000        -58.632033         54.673420     15.846221      6.505093      0.066029     10.196413
      0.323529      0.932423      0.000028      0.000156      0.000000        -60.212682         56.151850     16.431874      6.778131      0.066029     10.196413
      0.333333      0.932421      0.000012      0.000144      0.000000        -61.798582         57.630037     17.017526      7.051168      0.066029     10.196413
      0.343137      0.932420      0.000001      0.000089      0.000000        -63.386883         59.108114     17.603177      7.324205      0.066029     10.196413
      0.352941      0.932420     -0.000005      0.000032      0.000000        -64.975375         60.586182     18.188827      7.597241      0.066029     10.196413
      0.362745      0.932421     -0.000007     -0.000006      0.000000        -66.562907         62.064295     18.774479      7.870278      0.066029     10.196413
      0.372549      0.932422     -0.000005     -0.000023      0.000000        -68.149236         63.542463     19.360130      8.143315      0.066029     10.196413
      0.382353      0.932422     -0.000003     -0.000024      0.000000        -69.734635         65.020673     19.945782      8.416352      0.066029     10.196413
      0.392157      0.932422     -0.000001     -0.000016      0.000000        -71.319546         66.498907     20.531434      8.689389      0.066029     10.196413
      0.401961      0.932422      0.000001     -0.000008      0.000000        -72.904347         67.977145     21.117086      8.962427      0.066029     10.196413
      0.411765      0.932422      0.000001     -0.000001      0.000000        -74.489263         69.455378     21.702738      9.235464      0.066029     10.196413
      0.421569      0.932422      0.000001      0.000003      0.000000        -76.074374         70.933602     22.288390      9.508502      0.066029     10.196413
      0.431373      0.932422      0.000001      0.000004      0.000000        -77.659658         72.411818     22.874042      9.781539      0.066029     10.196413
      0.441176      0.932422      0.000000      0.000003      0.000000        -79.245052         73.890029     23.459694     10.054576      0.066029     10.196413
      0.450980      0.932422     -0.000000      0.000002      0.000000        -80.830490         75.368238     24.045346     10.327613      0.066029     10.196413
      0.460784      0.932422     -0.000000      0.000001      0.000000        -82.415925         76.846448     24.630997     10.600651      0.066029     10.196413
      0.470588      0.932422     -0.000000     -0.000000      0.000000        -84.001331         78.324658     25.216649     10.873688      0.066029     10.196413
      0.480392      0.932422     -0.000000     -0.000001      0.000000        -85.586706         79.802870     25.802301     11.146725      0.066029     10.196413
      0.490196      0.932422     -0.000000     -0.000001      0.000000        -87.172057         81.281083     26.387953     11.419763      0.066029     10.196413
      0.500000      0.932422     -0.000000     -0.000000      0.000000        -88.757394         82.759297     26.973605     11.692800      0.066029     10.196413
      0.509804      0.932422      0.000000     -0.000000      0.000000        -90.342726         84.237511     27.559257     11.965837      0.066029     10.196413
      0.519608      0.932422      0.000000     -0.000000      0.000000        -91.928061         85.715724     28.144909     12.238874      0.066029     10.196413
      0.529412      0.932422      0.000000      0.000000      0.000000        -93.513401         87.193938     28.730560     12.511912      0.066029     10.196413
      0.539216      0.932422      0.000000      0.000000      0.000000        -95.098746         88.672151     29.316212     12.784949      0.066029     10.196413
      0.549020      0.932422      0.000000      0.000000      0.000000        -96.684095         90.150364     29.901864     13.057986      0.066029     10.196413
      0.558824      0.932422      0.000000      0.000000      0.000000        -98.269447         91.628577     30.487516     13.331024      0.066029     10.196413
      0.568627      0.932422      0.000000     -0.000000      0.000000        -99.854802         93.106790     31.073168     13.604061      0.066029     10.196413
      0.578431      0.932422      0.000000     -0.000000      0.000000       -101.440158         94.585003     31.658820     13.877098      0.066029     10.196413
      0.588235      0.932422      0.000000     -0.000000      0.000000       -103.025519         96.063216     32.244472     14.150135      0.066029     10.196413
      0.598039      0.932422      0.000000     -0.000000      0.000000       -104.610887         97.541428     32.830124     14.423173      0.066029     10.196413
      0.607843      0.932422      0.000000     -0.000001      0.000000       -106.196271         99.019639     33.415775     14.696210      0.066029     10.196413
      0.617647      0.932422      0.000000     -0.000001      0.000000       -107.781683        100.497850     34.001427     14.969247      0.066029     10.196413
      0.627451      0.932422      0.000000     -0.000003      0.000000       -109.367144        101.976058     34.587079     15.242284      0.066029     10.196413
      0.637255      0.932422      0.000001     -0.000004      0.000000       -110.952692        103.454261     35.172731     15.515322      0.066029     10.196413
      0.647059      0.932422      0.000001     -0.000008      0.000000       -112.538395        104.932458     35.758383     15.788359      0.066029     10.196413
      0.656863      0.932421      0.000002     -0.000014      0.000000       -114.124370        106.410642     36.344034     16.061396      0.066029     10.196413
      0.666667      0.932421      0.000004     -0.000024      0.000000       -115.710821        107.888805     36.929686     16.334433      0.066029     10.196413
      0.676471      0.932420      0.000007     -0.000041      0.000000       -117.298104        109.366929     37.515337     16.607470      0.066029     10.196413
      0.686275      0.932419      0.000013     -0.000072      0.000000       -118.886837        110.844986     38.100988     16.880506      0.066029     10.196413
      0.696078      0.932418      0.000023     -0.000124      0.000000       -120.478094        112.322926     38.686638     17.153541      0.066029     10.196413
      0.705882      0.932415      0.000039     -0.000214      0.000000       -122.073730        113.800665     39.272286     17.426575      0.066029     10.196413
      0.715686      0.932410      0.000067     -0.000368      0.000000       -123.676941        115.278053     39.857932     17.699607      0.066029     10.196413
      0.725490      0.932401      0.000116     -0.000631      0.000000       -125.293228        116.754838     40.443574     17.972635      0.066029     10.196413
      0.735294      0.932385      0.000200     -0.001079      0.000000       -126.932021        118.230584     41.029208     18.245656      0.066029     10.196413
      0.745098      0.932359      0.000342     -0.001842      0.000000       -128.609435        119.704545     41.614829     18.518664      0.066029     10.196413
      0.754902      0.932313      0.000585     -0.003136      0.000000       -130.352895        121.175451     42.200428     18.791653      0.066029     10.196413
      0.764706      0.932236      0.000999     -0.005324      0.000000       -132.208814        122.641145     42.785990     19.064606      0.066029     10.196413
      0.774510      0.932104      0.001699     -0.009008      0.000000       -134.255144        124.097986     43.371488     19.337499      0.066029     10.196413
      0.784314      0.931880      0.002882     -0.015175      0.000000       -136.621287        125.539878     43.956876     19.610290      0.066029     10.196413
      0.794118      0.931502      0.004868     -0.025420      0.000000       -139.518142        126.956735     44.542079     19.882907      0.066029     10.196413
      0.803922      0.930863      0.008182     -0.042237      0.000000       -143.279320        128.332182     45.126970     20.155229      0.066029     10.196413
      0.813725      0.929794      0.013654     -0.069350      0.000000       -148.406745        129.640424     45.711335     20.427053      0.066029     10.196413
      0.823529      0.928020      0.022559     -0.111869      0.000000       -155.592737        130.842778     46.294826     20.698035      0.066029     10.196413
      0.833333      0.925110      0.036734     -0.175792      0.000000       -165.650483        131.885738     46.876873     20.967605      0.066029     10.196413
      0.843137      0.920422      0.058590     -0.266135      0.000000       -179.248022        132.704646     47.456574     21.234823      0.066029     10.196413
      0.852941      0.913058      0.090849     -0.383395      0.000000       -196.406161        133.238098     48.032544     21.498181      0.066029     10.196413
      0.862745      0.901863      0.135898     -0.520050      0.000000       -216.012676        133.452932     48.602752     21.755363      0.066029     10.196413
      0.872549      0.885519      0.194969     -0.661055      0.000000       -235.917134        133.366378     49.164382     22.003060      0.066029     10.196413
      0.882353      0.862712      0.267653     -0.789992      0.000000       -253.830857        133.045067     49.713782     22.236980      0.066029     10.196413
      0.892157      0.832319      0.352146     -0.896254      0.000000       -268.336347        132.578079     50.246526     22.452205      0.066029     10.196413
      0.901961      0.793553      0.445995     -0.977334      0.000000       -279.173342        132.045384     50.757582     22.643861      0.066029     10.196413
      0.911765      0.746007      0.546805     -1.036288      0.000000       -286.845117        131.501646     51.241543     22.807925      0.066029     10.196413
      0.921569      0.689642      0.652611     -1.078165      0.000000       -292.105269        130.976336     51.692863     22.941943      0.066029     10.196413
      0.931373      0.624738      0.761955     -1.107781      0.000000       -295.649968        130.481015     52.106078     23.045476      0.066029     10.196413
      0.941176      0.551844      0.873809     -1.128920      0.000000       -298.015170        130.016702     52.475982     23.120208      0.066029     10.196413
      0.950980      0.471723      0.987469     -1.144300      0.000000       -299.579176        129.578920     52.797787     23.169728      0.066029     10.196413
      0.960784      0.385315      1.102460     -1.155806      0.000000       -300.598057        129.160536     53.067241     23.199018      0.066029     10.196413
      0.970588      0.293703      1.218463     -1.164729      0.000000       -301.242030        128.753140     53.280728     23.213747      0.066029     10.196413
      0.980392      0.198082      1.335267     -1.171966      0.000000       -301.623618        128.347630     53.435349     23.219466      0.066029     10.196413
      0.990196      0.099733      1.452739     -1.178166      0.000000       -301.817307        127.934407     53.528986     23.220826      0.066029     10.196413
      1.000000      0.000000      1.570796     -1.182952      0.000000       -301.871054        127.592296     53.560343     23.220918      0.066029     10.196413
