             t             r           psi            cs            qs                 p               sig             A             V            Q2             S
      0.000000      0.000000     -1.570796     -0.936116      0.000000       -114.151402         60.970779      0.000000     -0.000000      0.083308      5.009829
      0.009804      0.049099     -1.524773     -0.939057      0.000000       -114.159653         60.849938      0.007577      0.000004      0.083308      5.009829
      0.019608      0.098093     -1.478539     -0.943620      0.000000       -114.191538         60.649999      0.030293      0.000068      0.083308      5.009829
      0.029412      0.146877     -1.432076     -0.948400      0.000000       -114.249145         60.454496      0.068100      0.000346      0.083308      5.009829
      0.039216      0.195346     -1.385370     -0.953526      0.000000       -114.336788         60.262333      0.120915      0.001090      0.083308      5.009829
      0.049020      0.243389     -1.338402     -0.959108      0.000000       -114.459768         60.072439      0.188625      0.002648      0.083308      5.009829
      0.058824      0.290900     -1.291146     -0.965272      0.000000       -114.624672         59.883770      0.271082      0.005460      0.083308      5.009829
      0.068627      0.337768     -1.243569     -0.972171      0.000000       -114.839740         59.695312      0.368105      0.010042      0.083308      5.009829
      0.078431      0.383883     -1.195632     -0.979990      0.000000       -115.115341         59.506080      0.479479      0.016983      0.083308      5.009829
      0.088235      0.429130     -1.147284     -0.988960      0.000000       -115.464593         59.315133      0.604952      0.026930      0.083308      5.009829
      0.098039      0.473397     -1.098461     -0.999370      0.000000       -115.904187         59.121583      0.744241      0.040575      0.083308      5.009829
      0.107843      0.516567     -1.049085     -1.011584      0.000000       -116.455478         58.924623      0.897025      0.058640      0.083308      5.009829
      0.117647      0.558521     -0.999054     -1.026066      0.000000       -117.145933         58.723572      1.062946      0.081861      0.083308      5.009829
      0.127451      0.599135     -0.948245     -1.043411      0.000000       -118.011030         58.517956      1.241611      0.110973      0.083308      5.009829
      0.137255      0.638280     -0.896499     -1.064384      0.000000       -119.096705         58.307631      1.432587      0.146689      0.083308      5.009829
      0.147059      0.675822     -0.843613     -1.089969      0.000000       -120.462379         58.093001      1.635399      0.189687      0.083308      5.009829
      0.156863      0.711614     -0.789333     -1.121415      0.000000       -122.184361         57.875373      1.849531      0.240583      0.083308      5.009829
      0.166667      0.745500     -0.733333     -1.160277      0.000000       -124.358840         57.657542      2.074418      0.299920      0.083308      5.009829
      0.176471      0.777304     -0.675206     -1.208386      0.000000       -127.102147         57.444755      2.309446      0.368136      0.083308      5.009829
      0.186275      0.806831     -0.614449     -1.267650      0.000000       -130.542514         57.246277      2.553943      0.445547      0.083308      5.009829
      0.196078      0.833856     -0.550476     -1.339424      0.000000       -134.790150         57.077855      2.807172      0.532307      0.083308      5.009829
      0.205882      0.858125     -0.482679     -1.422960      0.000000       -139.858933         56.965340      3.068323      0.628373      0.083308      5.009829
      0.215686      0.879351     -0.410598     -1.512163      0.000000       -145.496333         56.949207      3.336502      0.733445      0.083308      5.009829
      0.225490      0.897235     -0.334309     -1.590245      0.000000       -150.887722         57.087907      3.610723      0.846900      0.083308      5.009829
      0.235294      0.911504     -0.255092     -1.624609      0.000000       -154.332606         57.453990      3.889912      0.967717      0.083308      5.009829
      0.245098      0.922000     -0.176167     -1.570987      0.000000       -153.348518         58.113002      4.172923      1.094461      0.083308      5.009829
      0.254902      0.928791     -0.102753     -1.397988      0.000000       -145.873982         59.082758      4.458597      1.225386      0.083308      5.009829
      0.264706      0.932252     -0.040589     -1.119916      0.000000       -132.158984         60.299663      4.745838      1.358711      0.083308      5.009829
      0.274510      0.933023      0.006518     -0.796741      0.000000       -115.164639         61.634713      5.033714      1.492952      0.083308      5.009829
      0.284314      0.931869      0.038029     -0.493991      0.000000        -98.607092         62.954331      5.321511      1.627105      0.083308      5.009829
      0.294118      0.929511      0.056010     -0.249240      0.000000        -84.921578         64.169828      5.608749      1.760625      0.083308      5.009829
      0.303922      0.926539      0.063600     -0.070424      0.000000        -74.870756         65.245313      5.895152      1.893280      0.083308      5.009829
      0.313725      0.923387      0.063877      0.050537      0.000000        -68.181074         66.180806      6.180600      2.025022      0.083308      5.009829
      0.323529      0.920347      0.059375      0.126315      0.000000        -64.201005         66.993495      6.465087      2.155898      0.083308      5.009829
      0.333333      0.917604      0.052013      0.168767      0.000000        -62.259141         67.705788      6.748677      2.285996      0.083308      5.009829
      0.343137      0.915263      0.043186      0.187356      0.000000        -61.793093         68.339561      7.031482      2.415429      0.083308      5.009829
      0.352941      0.913371      0.033882      0.189196      0.000000        -62.368672         68.914034      7.313633      2.544316      0.083308      5.009829
      0.362745      0.911932      0.024788      0.179532      0.000000        -63.660840         69.445347      7.595270      2.672773      0.083308      5.009829
      0.372549      0.910925      0.016370      0.162249      0.000000        -65.427482         69.946797      7.876531      2.800915      0.083308      5.009829
      0.382353      0.910308      0.008927      0.140267      0.000000        -67.486572         70.429248      8.157542      2.928847      0.083308      5.009829
      0.392157      0.910029      0.002632      0.115822      0.000000        -69.699066         70.901532      8.438416      3.056663      0.083308      5.009829
      0.401961      0.910030     -0.002439      0.090647      0.000000        -71.957086         71.370770      8.719249      3.184443      0.083308      5.009829
      0.411765      0.910249     -0.006283      0.066096      0.000000        -74.176261         71.842610      9.000118      3.312254      0.083308      5.009829
      0.421569      0.910628     -0.008959      0.043210      0.000000        -76.291098         72.321390      9.281080      3.440148      0.083308      5.009829
      0.431373      0.911111     -0.010568      0.022755      0.000000        -78.252429         72.810266      9.562176      3.568162      0.083308      5.009829
      0.441176      0.911650     -0.011243      0.005250      0.000000        -80.026095         73.311304      9.843432      3.696320      0.083308      5.009829
      0.450980      0.912203     -0.011136     -0.009023      0.000000        -81.592212         73.825572     10.124857      3.824631      0.083308      5.009829
      0.460784      0.912734     -0.010410     -0.019996      0.000000        -82.944473         74.353245     10.406450      3.953096      0.083308      5.009829
      0.470588      0.913218     -0.009224     -0.027797      0.000000        -84.089101         74.893725     10.688200      4.081706      0.083308      5.009829
      0.480392      0.913635     -0.007727     -0.032714      0.000000        -85.043283         75.445781     10.970090      4.210445      0.083308      5.009829
      0.490196      0.913974     -0.006051     -0.035165      0.000000        -85.833065         76.007705     11.252096      4.339293      0.083308      5.009829
      0.500000      0.914228     -0.004305     -0.035648      0.000000        -86.490890         76.577469     11.534194      4.468225      0.083308      5.009829
      0.509804      0.914397     -0.002573     -0.034705      0.000000        -87.053021         77.152875     11.816358      4.597218      0.083308      5.009829
      0.519608      0.914482     -0.000910     -0.032888      0.000000        -87.557167         77.731682     12.098560      4.726247      0.083308      5.009829
      0.529412      0.914488      0.000653     -0.030724      0.000000        -88.040532         78.311706     12.380777      4.855290      0.083308      5.009829
      0.539216      0.914420      0.002110     -0.028703      0.000000        -88.538468         78.890877     12.662984      4.984323      0.083308      5.009829
      0.549020      0.914282      0.003482     -0.027265      0.000000        -89.083787         79.467270     12.945158      5.113327      0.083308      5.009829
      0.558824      0.914079      0.004805     -0.026801      0.000000        -89.706706         80.039097     13.227280      5.242281      0.083308      5.009829
      0.568627      0.913810      0.006136     -0.027663      0.000000        -90.435331         80.604664     13.509330      5.371169      0.083308      5.009829
      0.578431      0.913475      0.007549     -0.030174      0.000000        -91.296551         81.162314     13.791286      5.499970      0.083308      5.009829
      0.588235      0.913066      0.009132     -0.034645      0.000000        -92.317197         81.710350     14.073127      5.628666      0.083308      5.009829
      0.598039      0.912573      0.010990     -0.041392      0.000000        -93.525315         82.246935     14.354830      5.757232      0.083308      5.009829
      0.607843      0.911980      0.013241     -0.050752      0.000000        -94.951378         82.770005     14.636366      5.885643      0.083308      5.009829
      0.617647      0.911264      0.016024     -0.063097      0.000000        -96.629266         83.277164     14.917700      6.013866      0.083308      5.009829
      0.627451      0.910395      0.019495     -0.078840      0.000000        -98.596786         83.765606     15.198791      6.141861      0.083308      5.009829
      0.637255      0.909335      0.023831     -0.098435      0.000000       -100.895463         84.232039     15.479585      6.269576      0.083308      5.009829
      0.647059      0.908036      0.029235     -0.122366      0.000000       -103.569293         84.672659     15.760016      6.396946      0.083308      5.009829
      0.656863      0.906442      0.035931     -0.151120      0.000000       -106.662137         85.083165     16.040003      6.523891      0.083308      5.009829
      0.666667      0.904483      0.044166     -0.185141      0.000000       -110.213507         85.458849     16.319443      6.650306      0.083308      5.009829
      0.676471      0.902076      0.054209     -0.224772      0.000000       -114.252704         85.794776     16.598212      6.776063      0.083308      5.009829
      0.686275      0.899126      0.066341     -0.270173      0.000000       -118.791678         86.086062     16.876157      6.901002      0.083308      5.009829
      0.696078      0.895525      0.080842     -0.321248      0.000000       -123.817509         86.328250     17.153094      7.024926      0.083308      5.009829
      0.705882      0.891151      0.097983     -0.377568      0.000000       -129.286074         86.517746     17.428804      7.147596      0.083308      5.009829
      0.715686      0.885869      0.118004     -0.438337      0.000000       -135.118799         86.652275     17.703028      7.268725      0.083308      5.009829
      0.725490      0.879537      0.141096     -0.502404      0.000000       -141.204301         86.731252     17.975463      7.387972      0.083308      5.009829
      0.735294      0.872004      0.167387     -0.568329      0.000000       -147.405779         86.756011     18.245763      7.504944      0.083308      5.009829
      0.745098      0.863120      0.196929     -0.634518      0.000000       -153.573501         86.729800     18.513533      7.619195      0.083308      5.009829
      0.754902      0.852736      0.229695     -0.699375      0.000000       -159.560077         86.657544     18.778334      7.730232      0.083308      5.009829
      0.764706      0.840709      0.265584     -0.761464      0.000000       -165.235249         86.545412     19.039681      7.837524      0.083308      5.009829
      0.774510      0.826912      0.304431     -0.819628      0.000000       -170.497097         86.400258     19.297046      7.940518      0.083308      5.009829
      0.784314      0.811229      0.346020     -0.873065      0.000000       -175.277803         86.229064     19.549864      8.038655      0.083308      5.009829
      0.794118      0.793567      0.390109     -0.921330      0.000000       -179.543802         86.038456     19.797540      8.131396      0.083308      5.009829
      0.803922      0.773852      0.436437     -0.964303      0.000000       -183.291541         85.834359     20.039450      8.218239      0.083308      5.009829
      0.813725      0.752030      0.484749     -1.002121      0.000000       -186.540731         85.621793     20.274952      8.298746      0.083308      5.009829
      0.823529      0.728070      0.534799     -1.035103      0.000000       -189.326916         85.404809     20.503390      8.372560      0.083308      5.009829
      0.833333      0.701964      0.586357     -1.063678      0.000000       -191.694687         85.186523     20.724103      8.439424      0.083308      5.009829
      0.843137      0.673722      0.639221     -1.088325      0.000000       -193.692234         84.969204     20.936430      8.499197      0.083308      5.009829
      0.852941      0.643375      0.693209     -1.109532      0.000000       -195.367445         84.754402     21.139714      8.551858      0.083308      5.009829
      0.862745      0.610970      0.748164     -1.127767      0.000000       -196.765390         84.543074     21.333315      8.597512      0.083308      5.009829
      0.872549      0.576573      0.803951     -1.143459      0.000000       -197.926938         84.335704     21.516606      8.636387      0.083308      5.009829
      0.882353      0.540262      0.860453     -1.156995      0.000000       -198.888174         84.132406     21.688984      8.668830      0.083308      5.009829
      0.892157      0.502133      0.917575     -1.168711      0.000000       -199.680348         83.933011     21.849874      8.695292      0.083308      5.009829
      0.901961      0.462291      0.975233     -1.178901      0.000000       -200.330143         83.737135     21.998729      8.716313      0.083308      5.009829
      0.911765      0.420854      1.033359     -1.187816      0.000000       -200.860111         83.544228     22.135040      8.732503      0.083308      5.009829
      0.921569      0.377952      1.091897     -1.195672      0.000000       -201.289166         83.353612     22.258334      8.744520      0.083308      5.009829
      0.931373      0.333721      1.150798     -1.202652      0.000000       -201.633089         83.164513     22.368179      8.753045      0.083308      5.009829
      0.941176      0.288307      1.210024     -1.208914      0.000000       -201.904996         82.976075     22.464187      8.758758      0.083308      5.009829
      0.950980      0.241865      1.269543     -1.214592      0.000000       -202.115756         82.787377     22.546019      8.762310      0.083308      5.009829
      0.960784      0.194553      1.329328     -1.219803      0.000000       -202.274365         82.597443     22.613379      8.764304      0.083308      5.009829
      0.970588      0.146539      1.389360     -1.224649      0.000000       -202.388259         82.405249     22.666026      8.765265      0.083308      5.009829
      0.980392      0.097991      1.449623     -1.229226      0.000000       -202.463598         82.209730     22.703769      8.765626      0.083308      5.009829
      0.990196      0.049086      1.510107     -1.233649      0.000000       -202.505519         82.009786     22.726471      8.765710      0.083308      5.009829
      1.000000     -0.000000      1.570796     -1.236531      0.000000       -202.516407         81.888946     22.734047      8.765716      0.083308      5.009829
