             t             r           psi            cs            qs                 p               sig             A             V            Q2             S
      0.000000      0.000000     -1.570796      0.628107      0.000000         -7.661494          6.098876      0.000000      0.000000     -0.530521      4.979103
      0.009804      0.048807     -1.539901      0.643696      0.000000         -7.666366          6.005227      0.007485      0.000003     -0.530521      4.979103
      0.019608      0.097566     -1.507871      0.668902      0.000000         -7.685286          5.851329      0.029935      0.000046     -0.530521      4.979103
      0.029412      0.146225     -1.474555      0.696614      0.000000         -7.719749          5.702382      0.067325      0.000234     -0.530521      4.979103
      0.039216      0.194723     -1.439806      0.727732      0.000000         -7.772673          5.557813      0.119616      0.000749     -0.530521      4.979103
      0.049020      0.242994     -1.403437      0.763150      0.000000         -7.847692          5.417134      0.186749      0.001854     -0.530521      4.979103
      0.058824      0.290961     -1.365212      0.803969      0.000000         -7.949377          5.279969      0.268643      0.003897     -0.530521      4.979103
      0.068627      0.338536     -1.324835      0.851568      0.000000         -8.083512          5.146084      0.365191      0.007317     -0.530521      4.979103
      0.078431      0.385615     -1.281935      0.907689      0.000000         -8.257442          5.015432      0.476258      0.012652     -0.530521      4.979103
      0.088235      0.432076     -1.236044      0.974522      0.000000         -8.480509          4.888221      0.601674      0.020540     -0.530521      4.979103
      0.098039      0.477771     -1.186575      1.054799      0.000000         -8.764554          4.765018      0.741226      0.031732     -0.530521      4.979103
      0.107843      0.522521     -1.132792      1.151853      0.000000         -9.124461          4.646900      0.894653      0.047090     -0.530521      4.979103
      0.117647      0.566101     -1.073784      1.269565      0.000000         -9.578536          4.535680      1.061633      0.067595     -0.530521      4.979103
      0.127451      0.608234     -1.008442      1.412021      0.000000        -10.148320          4.434246      1.241766      0.094337     -0.530521      4.979103
      0.137255      0.648564     -0.935471      1.582524      0.000000        -10.856853          4.347039      1.434555      0.128500     -0.530521      4.979103
      0.147059      0.686648     -0.853477      1.781313      0.000000        -11.723430          4.280703      1.639381      0.171307     -0.530521      4.979103
      0.156863      0.721932     -0.761213      2.001134      0.000000        -12.751500          4.244843      1.855475      0.223926     -0.530521      4.979103
      0.166667      0.753758     -0.658106      2.220317      0.000000        -13.905770          4.252622      2.081879      0.287288     -0.530521      4.979103
      0.176471      0.781400     -0.545141      2.395942      0.000000        -15.079299          4.320467      2.317420      0.361817     -0.530521      4.979103
      0.186275      0.804180     -0.425910      2.466007      0.000000        -16.069169          4.465618      2.560710      0.447125     -0.530521      4.979103
      0.196078      0.821644     -0.307069      2.372759      0.000000        -16.606392          4.700499      2.810179      0.541818     -0.530521      4.979103
      0.205882      0.833763     -0.197182      2.102209      0.000000        -16.474864          5.025354      3.064178      0.643653     -0.530521      4.979103
      0.215686      0.841004     -0.103936      1.703606      0.000000        -15.655798          5.424280      3.321129      0.750057     -0.530521      4.979103
      0.225490      0.844220     -0.031552      1.261957      0.000000        -14.355531          5.869238      3.579658      0.858755     -0.530521      4.979103
      0.235294      0.844425      0.019795      0.851391      0.000000        -12.883697          6.329820      3.838686      0.968120     -0.530521      4.979103
      0.245098      0.842588      0.052737      0.511549      0.000000        -11.506724          6.781752      4.097441      1.077186     -0.530521      4.979103
      0.254902      0.839517      0.071048      0.251714      0.000000        -10.381629          7.210115      4.355424      1.185468     -0.530521      4.979103
      0.264706      0.835834      0.078496      0.064509      0.000000         -9.565423          7.608299      4.612359      1.292779     -0.530521      4.979103
      0.274510      0.831985      0.078313     -0.063281      0.000000         -9.051881          7.975365      4.868128      1.399092     -0.530521      4.979103
      0.284314      0.828278      0.073065     -0.145064      0.000000         -8.804419          8.313591      5.122733      1.504461     -0.530521      4.979103
      0.294118      0.824908      0.064710     -0.192331      0.000000         -8.776748          8.626746      5.376249      1.608984     -0.530521      4.979103
      0.303922      0.821991      0.054699     -0.214256      0.000000         -8.923374          8.919069      5.628798      1.712773     -0.530521      4.979103
      0.313725      0.819580      0.044088     -0.217952      0.000000         -9.203900          9.194715      5.880530      1.815950     -0.530521      4.979103
      0.323529      0.817686      0.033628     -0.208881      0.000000         -9.584151          9.457505      6.131601      1.918635     -0.530521      4.979103
      0.333333      0.816287      0.023834     -0.191236      0.000000        -10.035891          9.710818      6.382168      2.020942     -0.530521      4.979103
      0.343137      0.815343      0.015044     -0.168245      0.000000        -10.536055          9.957576      6.632377      2.122981     -0.530521      4.979103
      0.352941      0.814799      0.007455     -0.142398      0.000000        -11.065905         10.200257      6.882360      2.224847     -0.530521      4.979103
      0.362745      0.814594      0.001157     -0.115606      0.000000        -11.610299         10.440922      7.132229      2.326626     -0.530521      4.979103
      0.372549      0.814664     -0.003840     -0.089318      0.000000        -12.157109         10.681252      7.382079      2.428391     -0.530521      4.979103
      0.382353      0.814948     -0.007589     -0.064602      0.000000        -12.696781         10.922574      7.631986      2.530200     -0.530521      4.979103
      0.392157      0.815387     -0.010185     -0.042206      0.000000        -13.222010         11.165896      7.882004      2.632098     -0.530521      4.979103
      0.401961      0.815926     -0.011755     -0.022610      0.000000        -13.727494         11.411936      8.132174      2.734117     -0.530521      4.979103
      0.411765      0.816520     -0.012442     -0.006062      0.000000        -14.209736         11.661150      8.382518      2.836278     -0.530521      4.979103
      0.421569      0.817129     -0.012397      0.007381      0.000000        -14.666855         11.913765      8.633048      2.938589     -0.530521      4.979103
      0.431373      0.817721     -0.011770      0.017818      0.000000        -15.098408         12.169810      8.883763      3.041052     -0.530521      4.979103
      0.441176      0.818271     -0.010703      0.025466      0.000000        -15.505182         12.429151      9.134653      3.143660     -0.530521      4.979103
      0.450980      0.818760     -0.009325      0.030632      0.000000        -15.888992         12.691520      9.385703      3.246400     -0.530521      4.979103
      0.460784      0.819178     -0.007747      0.033681      0.000000        -16.252449         12.956555      9.636893      3.349255     -0.530521      4.979103
      0.470588      0.819515     -0.006064      0.035004      0.000000        -16.598746         13.223823      9.888198      3.452207     -0.530521      4.979103
      0.480392      0.819769     -0.004351      0.035002      0.000000        -16.931448         13.492851     10.139595      3.555234     -0.530521      4.979103
      0.490196      0.819940     -0.002662      0.034063      0.000000        -17.254302         13.763149     10.391056      3.658315     -0.530521      4.979103
      0.500000      0.820030     -0.001035      0.032550      0.000000        -17.571086         14.034228     10.642557      3.761429     -0.530521      4.979103
      0.509804      0.820043      0.000511      0.030794      0.000000        -17.885492         14.305613     10.894074      3.864556     -0.530521      4.979103
      0.519608      0.819982      0.001972      0.029090      0.000000        -18.201050         14.576850     11.145584      3.967677     -0.530521      4.979103
      0.529412      0.819851      0.003357      0.027694      0.000000        -18.521087         14.847510     11.397064      4.070774     -0.530521      4.979103
      0.539216      0.819655      0.004685      0.026829      0.000000        -18.848730         15.117192     11.648494      4.173829     -0.530521      4.979103
      0.549020      0.819394      0.005988      0.026686      0.000000        -19.186927         15.385509     11.899853      4.276826     -0.530521      4.979103
      0.558824      0.819070      0.007305      0.027436      0.000000        -19.538504         15.652092     12.151123      4.379749     -0.530521      4.979103
      0.568627      0.818680      0.008683      0.029229      0.000000        -19.906233         15.916569     12.402284      4.482581     -0.530521      4.979103
      0.578431      0.818221      0.010178      0.032208      0.000000        -20.292918         16.178561     12.653314      4.585305     -0.530521      4.979103
      0.588235      0.817684      0.011849      0.036513      0.000000        -20.701484         16.437664     12.904192      4.687903     -0.530521      4.979103
      0.598039      0.817060      0.013766      0.042286      0.000000        -21.135069         16.693437     13.154892      4.790353     -0.530521      4.979103
      0.607843      0.816335      0.016004      0.049682      0.000000        -21.597112         16.945385     13.405386      4.892631     -0.530521      4.979103
      0.617647      0.815491      0.018646      0.058870      0.000000        -22.091434         17.192946     13.655639      4.994710     -0.530521      4.979103
      0.627451      0.814506      0.021784      0.070040      0.000000        -22.622293         17.435475     13.905613      5.096555     -0.530521      4.979103
      0.637255      0.813355      0.025519      0.083402      0.000000        -23.194416         17.672230     14.155260      5.198126     -0.530521      4.979103
      0.647059      0.812004      0.029966      0.099191      0.000000        -23.812998         17.902365     14.404524      5.299375     -0.530521      4.979103
      0.656863      0.810416      0.035247      0.117660      0.000000        -24.483636         18.124916     14.653338      5.400245     -0.530521      4.979103
      0.666667      0.808547      0.041501      0.139080      0.000000        -25.212209         18.338803     14.901624      5.500666     -0.530521      4.979103
      0.676471      0.806347      0.048878      0.163732      0.000000        -26.004672         18.542830     15.149287      5.600555     -0.530521      4.979103
      0.686275      0.803757      0.057543      0.191889      0.000000        -26.866755         18.735694     15.396217      5.699815     -0.530521      4.979103
      0.696078      0.800709      0.067673      0.223808      0.000000        -27.803561         18.916010     15.642284      5.798328     -0.530521      4.979103
      0.705882      0.797128      0.079458      0.259703      0.000000        -28.819073         19.082341     15.887336      5.895959     -0.530521      4.979103
      0.715686      0.792930      0.093095      0.299725      0.000000        -29.915570         19.233243     16.131198      5.992544     -0.530521      4.979103
      0.725490      0.788019      0.108788      0.343935      0.000000        -31.093021         19.367323     16.373666      6.087897     -0.530521      4.979103
      0.735294      0.782294      0.126740      0.392279      0.000000        -32.348494         19.483301     16.614505      6.181801     -0.530521      4.979103
      0.745098      0.775640      0.147150      0.444569      0.000000        -33.675677         19.580092     16.853448      6.274006     -0.530521      4.979103
      0.754902      0.767938      0.170202      0.500461      0.000000        -35.064604         19.656872     17.090194      6.364230     -0.530521      4.979103
      0.764706      0.759060      0.196061      0.559462      0.000000        -36.501678         19.713146     17.324400      6.452159     -0.530521      4.979103
      0.774510      0.748874      0.224862      0.620930      0.000000        -37.970045         19.748801     17.555686      6.537443     -0.530521      4.979103
      0.784314      0.737246      0.256710      0.684107      0.000000        -39.450337         19.764129     17.783630      6.619707     -0.530521      4.979103
      0.794118      0.724042      0.291665      0.748151      0.000000        -40.921730         19.759829     18.007769      6.698552     -0.530521      4.979103
      0.803922      0.709131      0.329751      0.812187      0.000000        -42.363195         19.736968     18.227600      6.773567     -0.530521      4.979103
      0.813725      0.692389      0.370945      0.875359      0.000000        -43.754799         19.696930     18.442580      6.844341     -0.530521      4.979103
      0.823529      0.673705      0.415185      0.936880      0.000000        -45.078872         19.641327     18.652129      6.910477     -0.530521      4.979103
      0.833333      0.652979      0.462374      0.996068      0.000000        -46.320901         19.571910     18.855638      6.971610     -0.530521      4.979103
      0.843137      0.630131      0.512384      1.052382      0.000000        -47.470079         19.490477     19.052465      7.027428     -0.530521      4.979103
      0.852941      0.605099      0.565064      1.105431      0.000000        -48.519454         19.398780     19.241952      7.077688     -0.530521      4.979103
      0.862745      0.577844      0.620249      1.154975      0.000000        -49.465764         19.298461     19.423420      7.122237     -0.530521      4.979103
      0.872549      0.548352      0.677765      1.200914      0.000000        -50.308994         19.190989     19.596187      7.161027     -0.530521      4.979103
      0.882353      0.516633      0.737435      1.243274      0.000000        -51.051791         19.077632     19.759565      7.194120     -0.530521      4.979103
      0.892157      0.482723      0.799089      1.282176      0.000000        -51.698811         18.959431     19.912878      7.221704     -0.530521      4.979103
      0.901961      0.446685      0.862561      1.317819      0.000000        -52.256089         18.837197     20.055462      7.244082     -0.530521      4.979103
      0.911765      0.408606      0.927698      1.350458      0.000000        -52.730471         18.711519     20.186676      7.261668     -0.530521      4.979103
      0.921569      0.368600      0.994361      1.380380      0.000000        -53.129146         18.582770     20.305913      7.274975     -0.530521      4.979103
      0.931373      0.326802      1.062424      1.407895      0.000000        -53.459289         18.451129     20.412601      7.284586     -0.530521      4.979103
      0.941176      0.283374      1.131779      1.433321      0.000000        -53.727796         18.316596     20.506215      7.291135     -0.530521      4.979103
      0.950980      0.238495      1.202330      1.456976      0.000000        -53.941113         18.179012     20.586281      7.295270     -0.530521      4.979103
      0.960784      0.192367      1.273999      1.479179      0.000000        -54.105133         18.038078     20.652386      7.297622     -0.530521      4.979103
      0.970588      0.145210      1.346723      1.500241      0.000000        -54.225152         17.893371     20.704178      7.298770     -0.530521      4.979103
      0.980392      0.097260      1.420453      1.520488      0.000000        -54.305876         17.744367     20.741380      7.299206     -0.530521      4.979103
      0.990196      0.048768      1.495161      1.540387      0.000000        -54.351471         17.590453     20.763785      7.299309     -0.530521      4.979103
      1.000000      0.000000      1.570796      1.553525      0.000000        -54.363455         17.496803     20.771267      7.299316     -0.530521      4.979103
