             t             r           psi            cs            qs                 p               sig             A             V            Q2             S
      0.000000      0.000000     -1.570796     -0.837122      0.000000        -37.331734         22.297661      0.000000      0.000000      0.110815      5.914385
      0.009804      0.057961     -1.522085     -0.845756      0.000000        -37.342359         22.150563      0.010560      0.000007      0.110815      5.914385
      0.019608      0.115784     -1.472684     -0.858318      0.000000        -37.381652         21.933225      0.042217      0.000119      0.110815      5.914385
      0.029412      0.173323     -1.422526     -0.871923      0.000000        -37.453836         21.721850      0.094892      0.000606      0.110815      5.914385
      0.039216      0.230428     -1.371539     -0.887021      0.000000        -37.565829         21.514936      0.168456      0.001915      0.110815      5.914385
      0.049020      0.286943     -1.319622     -0.904108      0.000000        -37.726559         21.311076      0.262722      0.004671      0.110815      5.914385
      0.058824      0.342701     -1.266641     -0.923801      0.000000        -37.947675         21.108974      0.377445      0.009660      0.110815      5.914385
      0.068627      0.397528     -1.212424     -0.946898      0.000000        -38.244501         20.907489      0.512318      0.017822      0.110815      5.914385
      0.078431      0.451237     -1.156746     -0.974430      0.000000        -38.637338         20.705684      0.666969      0.030233      0.110815      5.914385
      0.088235      0.503627     -1.099310     -1.007761      0.000000        -39.153247         20.502933      0.840952      0.048080      0.110815      5.914385
      0.098039      0.554475     -1.039731     -1.048689      0.000000        -39.828437         20.299096      1.033750      0.072643      0.110815      5.914385
      0.107843      0.603535     -0.977503     -1.099594      0.000000        -40.711341         20.094826      1.244754      0.105260      0.110815      5.914385
      0.117647      0.650524     -0.911960     -1.163580      0.000000        -41.866138         19.892088      1.473264      0.147293      0.110815      5.914385
      0.127451      0.695113     -0.842237     -1.244531      0.000000        -43.375560         19.695080      1.718467      0.200085      0.110815      5.914385
      0.137255      0.736909     -0.767221     -1.346842      0.000000        -45.339202         19.511788      1.979420      0.264897      0.110815      5.914385
      0.147059      0.775436     -0.685560     -1.474157      0.000000        -47.857018         19.356594      2.255020      0.342826      0.110815      5.914385
      0.156863      0.810118     -0.595790     -1.625679      0.000000        -50.973633         19.254302      2.543975      0.434669      0.110815      5.914385
      0.166667      0.840269     -0.496813     -1.787656      0.000000        -54.538598         19.245231      2.844763      0.540719      0.110815      5.914385
      0.176471      0.865142     -0.389039     -1.919307      0.000000        -57.947459         19.388118      3.155596      0.660465      0.110815      5.914385
      0.186275      0.884074     -0.276280     -1.944679      0.000000        -59.903403         19.751130      3.474426      0.792273      0.110815      5.914385
      0.196078      0.896775     -0.167169     -1.783812      0.000000        -58.758558         20.378406      3.799018      0.933294      0.110815      5.914385
      0.205882      0.903626     -0.073205     -1.430948      0.000000        -53.844426         21.243455      4.127148      1.079972      0.110815      5.914385
      0.215686      0.905710     -0.003041     -0.984808      0.000000        -46.462686         22.242566      4.456865      1.229044      0.110815      5.914385
      0.225490      0.904475      0.041608     -0.567762      0.000000        -38.886572         23.251701      4.786692      1.378295      0.110815      5.914385
      0.235294      0.901305      0.064677     -0.245691      0.000000        -32.720566         24.185978      5.115678      1.526607      0.110815      5.914385
      0.245098      0.897281      0.072105     -0.026500      0.000000        -28.466065         25.012327      5.443326      1.673583      0.110815      5.914385
      0.254902      0.893145      0.069384      0.108213      0.000000        -25.956587         25.731898      5.769470      1.819194      0.110815      5.914385
      0.264706      0.889355      0.060745      0.181231      0.000000        -24.808333         26.360835      6.094159      1.963567      0.110815      5.914385
      0.274510      0.886161      0.049187      0.211673      0.000000        -24.642307         26.918971      6.417572      2.106895      0.110815      5.914385
      0.284314      0.883670      0.036743      0.213767      0.000000        -25.151799         27.424942      6.739947      2.249390      0.110815      5.914385
      0.294118      0.881892      0.024746      0.197718      0.000000        -26.105517         27.894656      7.061545      2.391264      0.110815      5.914385
      0.303922      0.880776      0.014022      0.170838      0.000000        -27.332556         28.341133      7.382618      2.532715      0.110815      5.914385
      0.313725      0.880232      0.005040      0.138427      0.000000        -28.706373         28.774797      7.703392      2.673923      0.110815      5.914385
      0.323529      0.880154     -0.002000      0.104364      0.000000        -30.132489         29.203832      8.024056      2.815040      0.110815      5.914385
      0.333333      0.880426     -0.007086      0.071476      0.000000        -31.540261         29.634496      8.344759      2.956190      0.110815      5.914385
      0.343137      0.880940     -0.010350      0.041762      0.000000        -32.877867         30.071353      8.665608      3.097465      0.110815      5.914385
      0.352941      0.881596     -0.012016      0.016524      0.000000        -34.109418         30.517465      8.986674      3.238927      0.110815      5.914385
      0.362745      0.882308     -0.012367     -0.003538      0.000000        -35.213206         30.974563      9.307990      3.380609      0.110815      5.914385
      0.372549      0.883010     -0.011710     -0.018243      0.000000        -36.180301         31.443229      9.629567      3.522520      0.110815      5.914385
      0.382353      0.883652     -0.010350     -0.027836      0.000000        -37.012961         31.923093      9.951389      3.664650      0.110815      5.914385
      0.392157      0.884202     -0.008570     -0.032887      0.000000        -37.722577         32.413057     10.273429      3.806975      0.110815      5.914385
      0.401961      0.884643     -0.006609     -0.034177      0.000000        -38.327185         32.911534     10.595650      3.949462      0.110815      5.914385
      0.411765      0.884969     -0.004662     -0.032586      0.000000        -38.848761         33.416676     10.918011      4.092075      0.110815      5.914385
      0.421569      0.885187     -0.002869     -0.028995      0.000000        -39.310598         33.926579     11.240470      4.234776      0.110815      5.914385
      0.431373      0.885307     -0.001322     -0.024216      0.000000        -39.735079         34.439442     11.562990      4.377532      0.110815      5.914385
      0.441176      0.885346     -0.000070     -0.018932      0.000000        -40.142033         34.953692     11.885539      4.520314      0.110815      5.914385
      0.450980      0.885321      0.000874     -0.013685      0.000000        -40.547732         35.468041     12.208090      4.663097      0.110815      5.914385
      0.460784      0.885250      0.001525     -0.008864      0.000000        -40.964496         35.981515     12.530623      4.805864      0.110815      5.914385
      0.470588      0.885149      0.001915     -0.004720      0.000000        -41.400774         36.493445     12.853124      4.948603      0.110815      5.914385
      0.480392      0.885032      0.002088     -0.001388      0.000000        -41.861552         37.003432     13.175585      5.091307      0.110815      5.914385
      0.490196      0.884910      0.002093      0.001091      0.000000        -42.348957         37.511302     13.498003      5.233971      0.110815      5.914385
      0.500000      0.884792      0.001978      0.002741      0.000000        -42.862933         38.017054     13.820376      5.376597      0.110815      5.914385
      0.509804      0.884682      0.001789      0.003634      0.000000        -43.401910         38.520807     14.142708      5.519186      0.110815      5.914385
      0.519608      0.884585      0.001569      0.003863      0.000000        -43.963413         39.022755     14.465002      5.661742      0.110815      5.914385
      0.529412      0.884500      0.001352      0.003529      0.000000        -44.544602         39.523121     14.787262      5.804268      0.110815      5.914385
      0.539216      0.884427      0.001169      0.002730      0.000000        -45.142714         40.022127     15.109495      5.946769      0.110815      5.914385
      0.549020      0.884364      0.001043      0.001549      0.000000        -45.755425         40.519955     15.431702      6.089248      0.110815      5.914385
      0.558824      0.884305      0.000995      0.000045      0.000000        -46.381148         41.016733     15.753887      6.231708      0.110815      5.914385
      0.568627      0.884246      0.001043     -0.001747      0.000000        -47.019271         41.512509     16.076051      6.374149      0.110815      5.914385
      0.578431      0.884182      0.001203     -0.003825      0.000000        -47.670362         42.007236     16.398193      6.516570      0.110815      5.914385
      0.588235      0.884104      0.001493     -0.006219      0.000000        -48.336360         42.500754     16.720309      6.658968      0.110815      5.914385
      0.598039      0.884006      0.001932     -0.008997      0.000000        -49.020763         42.992777     17.042393      6.801338      0.110815      5.914385
      0.607843      0.883877      0.002546     -0.012266      0.000000        -49.728839         43.482874     17.364436      6.943672      0.110815      5.914385
      0.617647      0.883706      0.003367     -0.016177      0.000000        -50.467870         43.970443     17.686426      7.085958      0.110815      5.914385
      0.627451      0.883482      0.004438     -0.020927      0.000000        -51.247445         44.454689     18.008343      7.228180      0.110815      5.914385
      0.637255      0.883186      0.005815     -0.026768      0.000000        -52.079800         44.934586     18.330166      7.370318      0.110815      5.914385
      0.647059      0.882800      0.007569     -0.034011      0.000000        -52.980203         45.408837     18.651866      7.512345      0.110815      5.914385
      0.656863      0.882299      0.009793     -0.043031      0.000000        -53.967357         45.875824     18.973405      7.654228      0.110815      5.914385
      0.666667      0.881653      0.012602     -0.054278      0.000000        -55.063767         46.333555     19.294736      7.795925      0.110815      5.914385
      0.676471      0.880824      0.016141     -0.068277      0.000000        -56.295976         46.779602     19.615799      7.937380      0.110815      5.914385
      0.686275      0.879764      0.020585     -0.085628      0.000000        -57.694536         47.211047     19.936520      8.078524      0.110815      5.914385
      0.696078      0.878415      0.026149     -0.106997      0.000000        -59.293496         47.624444     20.256805      8.219269      0.110815      5.914385
      0.705882      0.876705      0.033085     -0.133095      0.000000        -61.129157         48.015796     20.576534      8.359504      0.110815      5.914385
      0.715686      0.874547      0.041689     -0.164634      0.000000        -63.237800         48.380599     20.895562      8.499088      0.110815      5.914385
      0.725490      0.871833      0.052295     -0.202268      0.000000        -65.652159         48.713939     21.213706      8.637844      0.110815      5.914385
      0.735294      0.868439      0.065273     -0.246505      0.000000        -68.396555         49.010696     21.530741      8.775548      0.110815      5.914385
      0.745098      0.864216      0.081015     -0.297602      0.000000        -71.481014         49.265847     21.846394      8.911926      0.110815      5.914385
      0.754902      0.858994      0.099916     -0.355456      0.000000        -74.895175         49.474882     22.160331      9.046634      0.110815      5.914385
      0.764706      0.852581      0.122356     -0.419511      0.000000        -78.603379         49.634274     22.472156      9.179258      0.110815      5.914385
      0.774510      0.844767      0.148666     -0.488717      0.000000        -82.542680         49.741959     22.781395      9.309300      0.110815      5.914385
      0.784314      0.835327      0.179103     -0.561557      0.000000        -86.625273         49.797705     23.087498      9.436174      0.110815      5.914385
      0.794118      0.824030      0.213823     -0.636174      0.000000        -90.745857         49.803291     23.389831      9.559212      0.110815      5.914385
      0.803922      0.810643      0.252874     -0.710553      0.000000        -94.792931         49.762416     23.687674      9.677667      0.110815      5.914385
      0.813725      0.794944      0.296183     -0.782752      0.000000        -98.661571         49.680352     23.980225      9.790738      0.110815      5.914385
      0.823529      0.776731      0.343574     -0.851106      0.000000       -102.264670         49.563406     24.266605      9.897596      0.110815      5.914385
      0.833333      0.755826      0.394785     -0.914365      0.000000       -105.540188         49.418295     24.545864      9.997428      0.110815      5.914385
      0.843137      0.732087      0.449497     -0.971758      0.000000       -108.453421         49.251578     24.816994     10.089479      0.110815      5.914385
      0.852941      0.705408      0.507359     -1.022964      0.000000       -110.994860         49.069206     25.078942     10.173100      0.110815      5.914385
      0.862745      0.675727      0.568010     -1.068041      0.000000       -113.175163         48.876249     25.330626     10.247796      0.110815      5.914385
      0.872549      0.643023      0.631105     -1.107320      0.000000       -115.019024         48.676772     25.570944     10.313266      0.110815      5.914385
      0.882353      0.607316      0.696322     -1.141307      0.000000       -116.559300         48.473845     25.798800     10.369432      0.110815      5.914385
      0.892157      0.568668      0.763370     -1.170595      0.000000       -117.832231         48.269624     26.013108     10.416453      0.110815      5.914385
      0.901961      0.527179      0.831995     -1.195799      0.000000       -118.873993         48.065479     26.212815     10.454728      0.110815      5.914385
      0.911765      0.482986      0.901977     -1.217516      0.000000       -119.718518         47.862124     26.396909     10.484880      0.110815      5.914385
      0.921569      0.436257      0.973131     -1.236298      0.000000       -120.396312         47.659739     26.564435     10.507727      0.110815      5.914385
      0.931373      0.387192      1.045302     -1.252639      0.000000       -120.933994         47.458084     26.714504     10.524242      0.110815      5.914385
      0.941176      0.336016      1.118359     -1.266980      0.000000       -121.354292         47.256576     26.846306     10.535494      0.110815      5.914385
      0.950980      0.282979      1.192200     -1.279703      0.000000       -121.676300         47.054365     26.959116     10.542594      0.110815      5.914385
      0.960784      0.228353      1.266740     -1.291142      0.000000       -121.915874         46.850381     27.052305     10.546628      0.110815      5.914385
      0.970588      0.172430      1.341912     -1.301592      0.000000       -122.086060         46.643376     27.125348     10.548594      0.110815      5.914385
      0.980392      0.115514      1.417669     -1.311313      0.000000       -122.197536         46.431954     27.177826     10.549339      0.110815      5.914385
      0.990196      0.057927      1.493974     -1.320584      0.000000       -122.259040         46.214602     27.209436     10.549514      0.110815      5.914385
      1.000000     -0.000000      1.570796     -1.327138      0.000000       -122.275833         46.067502     27.219993     10.549525      0.110815      5.914385
