             t             r           psi            cs            qs                 p               sig             A             V            Q2             S
      0.000000      0.000000     -1.570796      0.779590      0.000000        -20.415819         13.093946      0.000000      0.000000     -0.428395      5.388906
      0.009804      0.052817     -1.529418      0.790718      0.000000        -20.423473         12.976175      0.008768      0.000005     -0.428395      5.388906
      0.019608      0.105543     -1.487198      0.807708      0.000000        -20.452439         12.791837      0.035056      0.000077     -0.428395      5.388906
      0.029412      0.158080     -1.444047      0.826075      0.000000        -20.505249         12.612900      0.078818      0.000392     -0.428395      5.388906
      0.039216      0.210325     -1.399877      0.846376      0.000000        -20.586445         12.438404      0.139975      0.001244     -0.428395      5.388906
      0.049020      0.262167     -1.354571      0.869178      0.000000        -20.701742         12.267484      0.218411      0.003048     -0.428395      5.388906
      0.058824      0.313488     -1.307979      0.895175      0.000000        -20.858395         12.099383      0.313973      0.006336     -0.428395      5.388906
      0.068627      0.364159     -1.259911      0.925233      0.000000        -21.065678         11.933490      0.426467      0.011758     -0.428395      5.388906
      0.078431      0.414038     -1.210124      0.960450      0.000000        -21.335494         11.769385      0.555654      0.020073     -0.428395      5.388906
      0.088235      0.462970     -1.158310      1.002218      0.000000        -21.683166         11.606919      0.701247      0.032145     -0.428395      5.388906
      0.098039      0.510778     -1.104078      1.052306      0.000000        -22.128417         11.446334      0.862901      0.048931     -0.428395      5.388906
      0.107843      0.557262     -1.046933      1.112940      0.000000        -22.696513         11.288453      1.040212      0.071473     -0.428395      5.388906
      0.117647      0.602189     -0.986246      1.186859      0.000000        -23.419362         11.134983      1.232702      0.100875     -0.428395      5.388906
      0.127451      0.645282     -0.921233      1.277258      0.000000        -24.336010         10.988989      1.439809      0.138286     -0.428395      5.388906
      0.137255      0.686214     -0.850936      1.387437      0.000000        -25.491052         10.855634      1.660873      0.184858     -0.428395      5.388906
      0.147059      0.724586     -0.774238      1.519754      0.000000        -26.927627         10.743288      1.895112      0.241692     -0.428395      5.388906
      0.156863      0.759917     -0.689976      1.673123      0.000000        -28.668280         10.665079      2.141598      0.309748     -0.428395      5.388906
      0.166667      0.791641     -0.597235      1.838059      0.000000        -30.672768         10.640693      2.399231      0.389698     -0.428395      5.388906
      0.176471      0.819121     -0.495990      1.989041      0.000000        -32.763787         10.697503      2.666708      0.481722     -0.428395      5.388906
      0.186275      0.841731     -0.388138      2.078409      0.000000        -34.541066         10.868579      2.942516      0.585246     -0.428395      5.388906
      0.196078      0.859002     -0.278555      2.044617      0.000000        -35.384528         11.183886      3.224951      0.698751     -0.428395      5.388906
      0.205882      0.870831     -0.175020      1.846956      0.000000        -34.702524         11.653977      3.512213      0.819840     -0.428395      5.388906
      0.215686      0.877625     -0.085958      1.506029      0.000000        -32.370841         12.255824      3.802547      0.945711     -0.428395      5.388906
      0.225490      0.880249     -0.017042      1.099562      0.000000        -28.918863         12.936544      4.094416      1.073839     -0.428395      5.388906
      0.235294      0.879801      0.030576      0.711547      0.000000        -25.193630         13.635596      4.386615      1.202424     -0.428395      5.388906
      0.245098      0.877352      0.059369      0.391810      0.000000        -21.883195         14.306526      4.678306      1.330437     -0.428395      5.388906
      0.254902      0.873791      0.073421      0.153437      0.000000        -19.324009         14.924415      4.968977      1.457407     -0.428395      5.388906
      0.264706      0.869786      0.076881     -0.011363      0.000000        -17.571148         15.481895      5.258377      1.583195     -0.428395      5.388906
      0.274510      0.865799      0.073256     -0.117332      0.000000        -16.534533         15.982006      5.546441      1.707826     -0.428395      5.388906
      0.284314      0.862129      0.065260     -0.179092      0.000000        -16.076891         16.432523      5.833227      1.831408     -0.428395      5.388906
      0.294118      0.858950      0.054896     -0.208771      0.000000        -16.062589         16.842608      6.118873      1.954083     -0.428395      5.388906
      0.303922      0.856348      0.043599     -0.215751      0.000000        -16.375420         17.221158      6.403558      2.076007     -0.428395      5.388906
      0.313725      0.854343      0.032372     -0.207115      0.000000        -16.921633         17.576143      6.687479      2.197337     -0.428395      5.388906
      0.323529      0.852914      0.021894     -0.188191      0.000000        -17.627410         17.914415      6.970830      2.318224     -0.428395      5.388906
      0.333333      0.852009      0.012597     -0.163008      0.000000        -18.435014         18.241732      7.253796      2.438809     -0.428395      5.388906
      0.343137      0.851558      0.004726     -0.134635      0.000000        -19.299241         18.562849      7.536539      2.559218     -0.428395      5.388906
      0.352941      0.851483     -0.001615     -0.105410      0.000000        -20.184652         18.881626      7.819197      2.679558     -0.428395      5.388906
      0.362745      0.851702     -0.006428     -0.077097      0.000000        -21.063605         19.201118      8.101881      2.799920     -0.428395      5.388906
      0.372549      0.852137     -0.009800     -0.050984      0.000000        -21.914927         19.523659      8.384676      2.920372     -0.428395      5.388906
      0.382353      0.852714     -0.011870     -0.027958      0.000000        -22.723054         19.850930      8.667641      3.040967     -0.428395      5.388906
      0.392157      0.853371     -0.012818     -0.008558      0.000000        -23.477440         20.184024      8.950812      3.161736     -0.428395      5.388906
      0.401961      0.854053     -0.012843      0.006984      0.000000        -24.172087         20.523515      9.234206      3.282694     -0.428395      5.388906
      0.411765      0.854715     -0.012148      0.018685      0.000000        -24.805083         20.869525      9.517825      3.403845     -0.428395      5.388906
      0.421569      0.855327     -0.010932      0.026775      0.000000        -25.378060         21.221803      9.801656      3.525178     -0.428395      5.388906
      0.431373      0.855864     -0.009376      0.031633      0.000000        -25.895573         21.579810     10.085678      3.646677     -0.428395      5.388906
      0.441176      0.856314     -0.007638      0.033744      0.000000        -26.364381         21.942797     10.369865      3.768318     -0.428395      5.388906
      0.450980      0.856671     -0.005849      0.033644      0.000000        -26.792710         22.309889     10.654185      3.890076     -0.428395      5.388906
      0.460784      0.856933     -0.004112      0.031883      0.000000        -27.189528         22.680157     10.938608      4.011922     -0.428395      5.388906
      0.470588      0.857107     -0.002500      0.028981      0.000000        -27.563903         23.052674     11.223103      4.133832     -0.428395      5.388906
      0.480392      0.857201     -0.001061      0.025413      0.000000        -27.924485         23.426570     11.507643      4.255779     -0.428395      5.388906
      0.490196      0.857223      0.000180      0.021588      0.000000        -28.279131         23.801058     11.792201      4.377744     -0.428395      5.388906
      0.500000      0.857185      0.001221      0.017844      0.000000        -28.634679         24.175456     12.076756      4.499705     -0.428395      5.388906
      0.509804      0.857097      0.002072      0.014448      0.000000        -28.996862         24.549192     12.361291      4.621649     -0.428395      5.388906
      0.519608      0.856969      0.002757      0.011601      0.000000        -29.370334         24.921800     12.645789      4.743561     -0.428395      5.388906
      0.529412      0.856808      0.003310      0.009451      0.000000        -29.758789         25.292907     12.930239      4.865432     -0.428395      5.388906
      0.539216      0.856621      0.003770      0.008100      0.000000        -30.165140         25.662216     13.214631      4.987253     -0.428395      5.388906
      0.549020      0.856411      0.004181      0.007619      0.000000        -30.591740         26.029485     13.498957      5.109017     -0.428395      5.388906
      0.558824      0.856179      0.004591      0.008059      0.000000        -31.040622         26.394498     13.783210      5.230718     -0.428395      5.388906
      0.568627      0.855925      0.005050      0.009462      0.000000        -31.513755         26.757048     14.067382      5.352350     -0.428395      5.388906
      0.578431      0.855644      0.005609      0.011874      0.000000        -32.013294         27.116901     14.351465      5.473906     -0.428395      5.388906
      0.588235      0.855329      0.006323      0.015352      0.000000        -32.541832         27.473777     14.635450      5.595376     -0.428395      5.388906
      0.598039      0.854972      0.007251      0.019975      0.000000        -33.102642         27.827322     14.919324      5.716752     -0.428395      5.388906
      0.607843      0.854558      0.008456      0.025851      0.000000        -33.699914         28.177076     15.203070      5.838017     -0.428395      5.388906
      0.617647      0.854072      0.010007      0.033125      0.000000        -34.338965         28.522453     15.486667      5.959153     -0.428395      5.388906
      0.627451      0.853493      0.011984      0.041983      0.000000        -35.026449         28.862708     15.770088      6.080137     -0.428395      5.388906
      0.637255      0.852797      0.014476      0.052658      0.000000        -35.770506         29.196913     16.053298      6.200938     -0.428395      5.388906
      0.647059      0.851953      0.017585      0.065433      0.000000        -36.580879         29.523930     16.336254      6.321517     -0.428395      5.388906
      0.656863      0.850926      0.021432      0.080640      0.000000        -37.468928         29.842388     16.618899      6.441824     -0.428395      5.388906
      0.666667      0.849673      0.026155      0.098660      0.000000        -38.447529         30.150662     16.901168      6.561800     -0.428395      5.388906
      0.676471      0.848144      0.031914      0.119909      0.000000        -39.530784         30.446866     17.182977      6.681368     -0.428395      5.388906
      0.686275      0.846280      0.038890      0.144830      0.000000        -40.733495         30.728855     17.464224      6.800436     -0.428395      5.388906
      0.696078      0.844011      0.047290      0.173866      0.000000        -42.070344         30.994246     17.744787      6.918890     -0.428395      5.388906
      0.705882      0.841256      0.057342      0.207432      0.000000        -43.554723         31.240467     18.024519      7.036591     -0.428395      5.388906
      0.715686      0.837922      0.069294      0.245872      0.000000        -45.197227         31.464831     18.303243      7.153372     -0.428395      5.388906
      0.725490      0.833902      0.083412      0.289415      0.000000        -47.003861         31.664650     18.580750      7.269029     -0.428395      5.388906
      0.735294      0.829076      0.099966      0.338119      0.000000        -48.974138         31.837381     18.856792      7.383321     -0.428395      5.388906
      0.745098      0.823310      0.119227      0.391826      0.000000        -51.099327         31.980797     19.131079      7.495962     -0.428395      5.388906
      0.754902      0.816457      0.141449      0.450125      0.000000        -53.361219         32.093173     19.403277      7.606616     -0.428395      5.388906
      0.764706      0.808360      0.166859      0.512337      0.000000        -55.731794         32.173457     19.672997      7.714897     -0.428395      5.388906
      0.774510      0.798851      0.195638      0.577531      0.000000        -58.174092         32.221408     19.939800      7.820363     -0.428395      5.388906
      0.784314      0.787762      0.227916      0.644574      0.000000        -60.644381         32.237668     20.203189      7.922526     -0.428395      5.388906
      0.794118      0.774920      0.263757      0.712213      0.000000        -63.095422         32.223752     20.462610      8.020854     -0.428395      5.388906
      0.803922      0.760160      0.303160      0.779170      0.000000        -65.480355         32.181946     20.717455      8.114781     -0.428395      5.388906
      0.813725      0.743325      0.346055      0.844246      0.000000        -67.756532         32.115145     20.967060      8.203732     -0.428395      5.388906
      0.823529      0.724276      0.392315      0.906411      0.000000        -69.888654         32.026627     21.210712      8.287139     -0.428395      5.388906
      0.833333      0.702890      0.441765      0.964859      0.000000        -71.850744         31.919824     21.447656      8.364470     -0.428395      5.388906
      0.843137      0.679072      0.494192      1.019042      0.000000        -73.626808         31.798104     21.677100      8.435257     -0.428395      5.388906
      0.852941      0.652753      0.549361      1.068662      0.000000        -75.210310         31.664597     21.898223      8.499126     -0.428395      5.388906
      0.862745      0.623892      0.607030      1.113645      0.000000        -76.602797         31.522068     22.110189      8.555825     -0.428395      5.388906
      0.872549      0.592481      0.666955      1.154101      0.000000        -77.812063         31.372850     22.312150      8.605242     -0.428395      5.388906
      0.882353      0.558541      0.728902      1.190273      0.000000        -78.850233         31.218815     22.503264      8.647425     -0.428395      5.388906
      0.892157      0.522125      0.792655      1.222495      0.000000        -79.731999         31.061385     22.682698      8.682586     -0.428395      5.388906
      0.901961      0.483317      0.858014      1.251150      0.000000        -80.473179         30.901563     22.849644      8.711100     -0.428395      5.388906
      0.911765      0.442227      0.924802      1.276645      0.000000        -81.089633         30.739971     23.003325      8.733493     -0.428395      5.388906
      0.921569      0.398994      0.992862      1.299385      0.000000        -81.596509         30.576906     23.143006      8.750417     -0.428395      5.388906
      0.931373      0.353781      1.062060      1.319760      0.000000        -82.007790         30.412377     23.268002      8.762626     -0.428395      5.388906
      0.941176      0.306776      1.132279      1.338136      0.000000        -82.336048         30.246154     23.377687      8.770931     -0.428395      5.388906
      0.950980      0.258187      1.203425      1.354857      0.000000        -82.592372         30.077797     23.471499      8.776167     -0.428395      5.388906
      0.960784      0.208241      1.275416      1.370238      0.000000        -82.786386         29.906696     23.548950      8.779139     -0.428395      5.388906
      0.970588      0.157182      1.348192      1.384570      0.000000        -82.926351         29.732092     23.609629      8.780587     -0.428395      5.388906
      0.980392      0.105272      1.421703      1.398132      0.000000        -83.019294         29.553104     23.653211      8.781136     -0.428395      5.388906
      0.990196      0.052783      1.495917      1.411264      0.000000        -83.071194         29.368753     23.679457      8.781265     -0.428395      5.388906
      1.000000      0.000000      1.570796      1.420210      0.000000        -83.085085         29.250981     23.688222      8.781274     -0.428395      5.388906
