             t             r           psi            cs            qs                 p               sig             A             V            Q2             S
      0.000000      0.000000     -1.570796      0.805792      0.000000         -9.658537          5.993197      0.000000      0.000000     -0.666269      3.007137
      0.009804      0.029479     -1.547009      0.812138      0.000000         -9.659890          5.966613      0.002730      0.000000     -0.666269      3.007137
      0.019608      0.058941     -1.522816      0.828936      0.000000         -9.667706          5.885360      0.010920      0.000008     -0.666269      3.007137
      0.029412      0.088368     -1.498129      0.845851      0.000000         -9.681397          5.806132      0.024565      0.000039     -0.666269      3.007137
      0.039216      0.117742     -1.472933      0.863617      0.000000         -9.701532          5.728834      0.043656      0.000125     -0.666269      3.007137
      0.049020      0.147043     -1.447197      0.882444      0.000000         -9.728738          5.653385      0.068181      0.000306     -0.666269      3.007137
      0.058824      0.176249     -1.420889      0.902497      0.000000         -9.763715          5.579715      0.098126      0.000639     -0.666269      3.007137
      0.068627      0.205337     -1.393969      0.923946      0.000000         -9.807250          5.507774      0.133470      0.001190     -0.666269      3.007137
      0.078431      0.234285     -1.366394      0.946976      0.000000         -9.860224          5.437528      0.174190      0.002042     -0.666269      3.007137
      0.088235      0.263064     -1.338115      0.971788      0.000000         -9.923631          5.368963      0.220257      0.003288     -0.666269      3.007137
      0.098039      0.291649     -1.309075      0.998606      0.000000         -9.998586          5.302093      0.271638      0.005036     -0.666269      3.007137
      0.107843      0.320010     -1.279211      1.027672      0.000000        -10.086336          5.236958      0.328293      0.007407     -0.666269      3.007137
      0.117647      0.348113     -1.248455      1.059253      0.000000        -10.188273          5.173632      0.390179      0.010536     -0.666269      3.007137
      0.127451      0.375924     -1.216727      1.093631      0.000000        -10.305944          5.112229      0.457244      0.014570     -0.666269      3.007137
      0.137255      0.403406     -1.183940      1.131111      0.000000        -10.441053          5.052907      0.529430      0.019668     -0.666269      3.007137
      0.147059      0.430516     -1.149999      1.172003      0.000000        -10.595459          4.995882      0.606674      0.026002     -0.666269      3.007137
      0.156863      0.457210     -1.114798      1.216620      0.000000        -10.771163          4.941433      0.688901      0.033755     -0.666269      3.007137
      0.166667      0.483437     -1.078223      1.265256      0.000000        -10.970278          4.889917      0.776031      0.043120     -0.666269      3.007137
      0.176471      0.509144     -1.040152      1.318159      0.000000        -11.194968          4.841782      0.867972      0.054296     -0.666269      3.007137
      0.186275      0.534271     -1.000456      1.375497      0.000000        -11.447354          4.797583      0.964623      0.067491     -0.666269      3.007137
      0.196078      0.558752     -0.959004      1.437297      0.000000        -11.729363          4.758002      1.065868      0.082915     -0.666269      3.007137
      0.205882      0.582515     -0.915666      1.503374      0.000000        -12.042506          4.723863      1.171584      0.100775     -0.666269      3.007137
      0.215686      0.605481     -0.870323      1.573232      0.000000        -12.387559          4.696158      1.281628      0.121277     -0.666269      3.007137
      0.225490      0.627565     -0.822875      1.645938      0.000000        -12.764131          4.676059      1.395847      0.144610     -0.666269      3.007137
      0.235294      0.648676     -0.773259      1.719986      0.000000        -13.170109          4.664933      1.514068      0.170947     -0.666269      3.007137
      0.245098      0.668716     -0.721467      1.793145      0.000000        -13.600979          4.664339      1.636101      0.200433     -0.666269      3.007137
      0.254902      0.687587     -0.667568      1.862344      0.000000        -14.049087          4.676018      1.761740      0.233171     -0.666269      3.007137
      0.264706      0.705186     -0.611734      1.923625      0.000000        -14.502953          4.701838      1.890759      0.269218     -0.666269      3.007137
      0.274510      0.721417     -0.554268      1.972236      0.000000        -14.946836          4.743720      2.022912      0.308571     -0.666269      3.007137
      0.284314      0.736192     -0.495620      2.002938      0.000000        -15.360832          4.803510      2.157939      0.351155     -0.666269      3.007137
      0.294118      0.749438     -0.436395      2.010549      0.000000        -15.721814          4.882808      2.295561      0.396825     -0.666269      3.007137
      0.303922      0.761102     -0.377342      1.990706      0.000000        -16.005427          4.982768      2.435491      0.445360     -0.666269      3.007137
      0.313725      0.771160     -0.319313      1.940709      0.000000        -16.189075          5.103892      2.577434      0.496475     -0.666269      3.007137
      0.323529      0.779619     -0.263211      1.860222      0.000000        -16.255459          5.245856      2.721091      0.549832     -0.666269      3.007137
      0.333333      0.786520     -0.209906      1.751598      0.000000        -16.195839          5.407419      2.866170      0.605061     -0.666269      3.007137
      0.343137      0.791934     -0.160161      1.619667      0.000000        -16.012071          5.586443      3.012388      0.661783     -0.666269      3.007137
      0.352941      0.795960     -0.114569      1.471038      0.000000        -15.716762          5.780036      3.159478      0.719630     -0.666269      3.007137
      0.362745      0.798717     -0.073514      1.313113      0.000000        -15.331463          5.984787      3.307195      0.778266     -0.666269      3.007137
      0.372549      0.800336     -0.037163      1.153086      0.000000        -14.883461          6.197055      3.455315      0.837393     -0.666269      3.007137
      0.382353      0.800953     -0.005483      0.997183      0.000000        -14.402091          6.413252      3.603641      0.896761     -0.666269      3.007137
      0.392157      0.800703      0.021722      0.850228      0.000000        -13.915423          6.630067      3.751998      0.956166     -0.666269      3.007137
      0.401961      0.799713      0.044770      0.715540      0.000000        -13.447887          6.844630      3.900238      1.015447     -0.666269      3.007137
      0.411765      0.798101      0.064053      0.595063      0.000000        -13.019003          7.054584      4.048236      1.074480     -0.666269      3.007137
      0.421569      0.795972      0.080005      0.489617      0.000000        -12.643052          7.258098      4.195886      1.133169     -0.666269      3.007137
      0.431373      0.793417      0.093070      0.399191      0.000000        -12.329431          7.453832      4.343100      1.191447     -0.666269      3.007137
      0.441176      0.790516      0.103685      0.323211      0.000000        -12.083385          7.640875      4.489808      1.249260     -0.666269      3.007137
      0.450980      0.787335      0.112261      0.260764      0.000000        -11.906868          7.818670      4.635952      1.306574     -0.666269      3.007137
      0.460784      0.783927      0.119183      0.210756      0.000000        -11.799393          7.986939      4.781485      1.363359     -0.666269      3.007137
      0.470588      0.780337      0.124799      0.172040      0.000000        -11.758775          8.145616      4.926369      1.419598     -0.666269      3.007137
      0.480392      0.776597      0.129426      0.143479      0.000000        -11.781730          8.294785      5.070574      1.475275     -0.666269      3.007137
      0.490196      0.772734      0.133348      0.124003      0.000000        -11.864341          8.434635      5.214074      1.530378     -0.666269      3.007137
      0.500000      0.768762      0.136818      0.112625      0.000000        -12.002390          8.565420      5.356848      1.584899     -0.666269      3.007137
      0.509804      0.764694      0.140060      0.108452      0.000000        -12.191592          8.687432      5.498878      1.638828     -0.666269      3.007137
      0.519608      0.760531      0.143275      0.110690      0.000000        -12.427753          8.800975      5.640145      1.692155     -0.666269      3.007137
      0.529412      0.756273      0.146643      0.118635      0.000000        -12.706853          8.906356      5.780632      1.744870     -0.666269      3.007137
      0.539216      0.751913      0.150320      0.131668      0.000000        -13.025100          9.003866      5.920322      1.796961     -0.666269      3.007137
      0.549020      0.747439      0.154451      0.149242      0.000000        -13.378941          9.093782      6.059193      1.848413     -0.666269      3.007137
      0.558824      0.742836      0.159160      0.170880      0.000000        -13.765058          9.176358      6.197223      1.899209     -0.666269      3.007137
      0.568627      0.738087      0.164562      0.196158      0.000000        -14.180350          9.251823      6.334388      1.949330     -0.666269      3.007137
      0.578431      0.733169      0.170759      0.224704      0.000000        -14.621899          9.320385      6.470658      1.998751     -0.666269      3.007137
      0.588235      0.728059      0.177840      0.256181      0.000000        -15.086944          9.382230      6.606000      2.047445     -0.666269      3.007137
      0.598039      0.722729      0.185890      0.290291      0.000000        -15.572844          9.437525      6.740375      2.095381     -0.666269      3.007137
      0.607843      0.717151      0.194980      0.326759      0.000000        -16.077044          9.486419      6.873740      2.142523     -0.666269      3.007137
      0.617647      0.711294      0.205177      0.365332      0.000000        -16.597045          9.529051      7.006047      2.188831     -0.666269      3.007137
      0.627451      0.705127      0.216540      0.405775      0.000000        -17.130379          9.565552      7.137240      2.234261     -0.666269      3.007137
      0.637255      0.698615      0.229119      0.447865      0.000000        -17.674587          9.596045      7.267260      2.278765     -0.666269      3.007137
      0.647059      0.691723      0.242961      0.491386      0.000000        -18.227204          9.620655      7.396038      2.322288     -0.666269      3.007137
      0.656863      0.684417      0.258105      0.536131      0.000000        -18.785752          9.639508      7.523503      2.364775     -0.666269      3.007137
      0.666667      0.676661      0.274584      0.581896      0.000000        -19.347735          9.652737      7.649572      2.406164     -0.666269      3.007137
      0.676471      0.668418      0.292424      0.628482      0.000000        -19.910651          9.660481      7.774161      2.446392     -0.666269      3.007137
      0.686275      0.659651      0.311647      0.675691      0.000000        -20.471996          9.662893      7.897174      2.485390     -0.666269      3.007137
      0.696078      0.650326      0.332269      0.723329      0.000000        -21.029292          9.660135      8.018513      2.523091     -0.666269      3.007137
      0.705882      0.640406      0.354300      0.771205      0.000000        -21.580100          9.652382      8.138070      2.559424     -0.666269      3.007137
      0.715686      0.629858      0.377743      0.819133      0.000000        -22.122053          9.639823      8.255731      2.594319     -0.666269      3.007137
      0.725490      0.618649      0.402597      0.866932      0.000000        -22.652886          9.622658      8.371378      2.627708     -0.666269      3.007137
      0.735294      0.606746      0.428857      0.914429      0.000000        -23.170458          9.601098      8.484884      2.659525     -0.666269      3.007137
      0.745098      0.594120      0.456510      0.961461      0.000000        -23.672789          9.575363      8.596119      2.689707     -0.666269      3.007137
      0.754902      0.580745      0.485542      1.007877      0.000000        -24.158080          9.545677      8.704946      2.718197     -0.666269      3.007137
      0.764706      0.566595      0.515931      1.053538      0.000000        -24.624736          9.512272      8.811225      2.744946     -0.666269      3.007137
      0.774510      0.551649      0.547654      1.098320      0.000000        -25.071383          9.475377      8.914809      2.769912     -0.666269      3.007137
      0.784314      0.535888      0.580682      1.142116      0.000000        -25.496881          9.435220      9.015548      2.793064     -0.666269      3.007137
      0.794118      0.519297      0.614986      1.184835      0.000000        -25.900324          9.392024      9.113292      2.814384     -0.666269      3.007137
      0.803922      0.501866      0.650533      1.226404      0.000000        -26.281041          9.346002      9.207885      2.833865     -0.666269      3.007137
      0.813725      0.483587      0.687287      1.266769      0.000000        -26.638594          9.297360      9.299170      2.851516     -0.666269      3.007137
      0.823529      0.464457      0.725214      1.305892      0.000000        -26.972756          9.246285      9.386991      2.867360     -0.666269      3.007137
      0.833333      0.444478      0.764275      1.343754      0.000000        -27.283507          9.192954      9.471189      2.881436     -0.666269      3.007137
      0.843137      0.423656      0.804434      1.380353      0.000000        -27.571004          9.137522      9.551608      2.893799     -0.666269      3.007137
      0.852941      0.402003      0.845653      1.415702      0.000000        -27.835567          9.080130      9.628093      2.904520     -0.666269      3.007137
      0.862745      0.379534      0.887896      1.449828      0.000000        -28.077653          9.020895      9.700491      2.913685     -0.666269      3.007137
      0.872549      0.356270      0.931128      1.482773      0.000000        -28.297834          8.959918      9.768653      2.921394     -0.666269      3.007137
      0.882353      0.332237      0.975315      1.514591      0.000000        -28.496774          8.897276      9.832434      2.927760     -0.666269      3.007137
      0.892157      0.307467      1.020423      1.545347      0.000000        -28.675206          8.833028      9.891695      2.932906     -0.666269      3.007137
      0.901961      0.281994      1.066424      1.575117      0.000000        -28.833915          8.767210      9.946301      2.936964     -0.666269      3.007137
      0.911765      0.255860      1.113289      1.603986      0.000000        -28.973717          8.699840      9.996126      2.940071     -0.666269      3.007137
      0.921569      0.229110      1.160993      1.632045      0.000000        -29.095443          8.630915     10.041053      2.942367     -0.666269      3.007137
      0.931373      0.201796      1.209513      1.659397      0.000000        -29.199927          8.560417     10.080972      2.943991     -0.666269      3.007137
      0.941176      0.173973      1.258831      1.686149      0.000000        -29.287992          8.488307     10.115783      2.945077     -0.666269      3.007137
      0.950980      0.145700      1.308929      1.712419      0.000000        -29.360444          8.414530     10.145397      2.945752     -0.666269      3.007137
      0.960784      0.117042      1.359797      1.738337      0.000000        -29.418061          8.339019     10.169738      2.946131     -0.666269      3.007137
      0.970588      0.088067      1.411426      1.764059      0.000000        -29.461597          8.261690     10.188739      2.946314     -0.666269      3.007137
      0.980392      0.058850      1.463813      1.789846      0.000000        -29.491774          8.182450     10.202350      2.946383     -0.666269      3.007137
      0.990196      0.029467      1.516971      1.816883      0.000000        -29.509301          8.101195     10.210532      2.946399     -0.666269      3.007137
      1.000000      0.000000      1.570796      1.827479      0.000000        -29.512367          8.074611     10.213262      2.946400     -0.666269      3.007137
