             t             r           psi            cs            qs                 p               sig             A             V            Q2             S
      0.000000      0.000000     -1.570796     -0.001096      0.000000         -0.005173          2.359556      0.000000     -0.000000      0.130726      7.229587
      0.009804      0.070878     -1.570715     -0.001240      0.000000         -0.005195          2.174990      0.015783      0.000000      0.130726      7.229587
      0.019608      0.141757     -1.570619     -0.001487      0.000000         -0.005279          1.927218      0.063130      0.000000      0.130726      7.229587
      0.029412      0.212635     -1.570502     -0.001844      0.000000         -0.005452          1.687885      0.142043      0.000002      0.130726      7.229587
      0.039216      0.283513     -1.570353     -0.002393      0.000000         -0.005756          1.454768      0.252520      0.000007      0.130726      7.229587
      0.049020      0.354392     -1.570154     -0.003303      0.000000         -0.006272          1.225962      0.394563      0.000020      0.130726      7.229587
      0.058824      0.425270     -1.569868     -0.004957      0.000000         -0.007141          1.000044      0.568171      0.000046      0.130726      7.229587
      0.068627      0.496148     -1.569411     -0.008367      0.000000         -0.008664          0.776438      0.773344      0.000101      0.130726      7.229587
      0.078431      0.567026     -1.568569     -0.016818      0.000000         -0.011542          0.556291      1.010082      0.000213      0.130726      7.229587
      0.088235      0.637904     -1.566598     -0.045127      0.000000         -0.017820          0.344627      1.278384      0.000463      0.130726      7.229587
      0.098039      0.708781     -1.559398     -0.214740      0.000000         -0.036090          0.156355      1.578252      0.001170      0.130726      7.229587
      0.107843      0.779603     -1.478052     -4.103450      0.000000         -0.151167          0.035803      1.909679      0.005442      0.130726      7.229587
      0.117647      0.841341     -0.659412    -11.817357      0.000000         -1.554303          0.121842      2.271648      0.068917      0.130726      7.229587
      0.127451      0.865548     -0.140743     -3.862515      0.000000         -2.772211          0.553730      2.652966      0.220584      0.130726      7.229587
      0.137255      0.868957      0.010613     -0.945830      0.000000         -2.421997          1.155219      3.039577      0.388047      0.130726      7.229587
      0.147059      0.866827      0.039000     -0.036734      0.000000         -2.087999          1.755375      3.426156      0.555751      0.130726      7.229587
      0.156863      0.864243      0.031298      0.192094      0.000000         -2.230647          2.312939      3.811593      0.722435      0.130726      7.229587
      0.166667      0.862534      0.016958      0.193004      0.000000         -2.740423          2.836277      4.196058      0.888341      0.130726      7.229587
      0.176471      0.861769      0.005360      0.130684      0.000000         -3.440538          3.341295      4.579980      1.053816      0.130726      7.229587
      0.186275      0.861661     -0.001549      0.066355      0.000000         -4.202036          3.840308      4.963719      1.219145      0.130726      7.229587
      0.196078      0.861894     -0.004476      0.019660      0.000000         -4.950707          4.340582      5.347497      1.384506      0.130726      7.229587
      0.205882      0.862235     -0.004811     -0.007151      0.000000         -5.654044          4.845294      5.731409      1.549983      0.130726      7.229587
      0.215686      0.862546     -0.003831     -0.018376      0.000000         -6.306660          5.354943      6.115470      1.715587      0.130726      7.229587
      0.225490      0.862768     -0.002438     -0.019720      0.000000         -6.917775          5.868609      6.499651      1.881296      0.130726      7.229587
      0.235294      0.862894     -0.001153     -0.016054      0.000000         -7.501873          6.384879      6.883909      2.047072      0.130726      7.229587
      0.245098      0.862940     -0.000200     -0.010742      0.000000         -8.072863          6.902409      7.268204      2.212881      0.130726      7.229587
      0.254902      0.862931      0.000378     -0.005722      0.000000         -8.641274          7.420187      7.652507      2.378695      0.130726      7.229587
      0.264706      0.862894      0.000639     -0.001863      0.000000         -9.213591          7.937590      8.036798      2.544501      0.130726      7.229587
      0.274510      0.862846      0.000674      0.000638      0.000000         -9.792795          8.454330      8.421070      2.710289      0.130726      7.229587
      0.284314      0.862801      0.000577      0.001944      0.000000        -10.379351          8.970364      8.805321      2.876059      0.130726      7.229587
      0.294118      0.862766      0.000420      0.002361      0.000000        -10.972233          9.485789      9.189554      3.041814      0.130726      7.229587
      0.303922      0.862742      0.000255      0.002209      0.000000        -11.569747         10.000767      9.573774      3.207557      0.130726      7.229587
      0.313725      0.862729      0.000114      0.001761      0.000000        -12.170100         10.515472      9.957985      3.373294      0.130726      7.229587
      0.323529      0.862725      0.000008      0.001214      0.000000        -12.771741         11.030053     10.342193      3.539027      0.130726      7.229587
      0.333333      0.862727     -0.000059      0.000697      0.000000        -13.373505         11.544622     10.726401      3.704760      0.130726      7.229587
      0.343137      0.862733     -0.000093      0.000276      0.000000        -13.974647         12.059251     11.110610      3.870494      0.130726      7.229587
      0.352941      0.862740     -0.000101     -0.000025      0.000000        -14.574787         12.573976     11.494822      4.036231      0.130726      7.229587
      0.362745      0.862747     -0.000092     -0.000209      0.000000        -15.173826         13.088808     11.879037      4.201971      0.130726      7.229587
      0.372549      0.862752     -0.000074     -0.000296      0.000000        -15.771856         13.603736     12.263256      4.367713      0.130726      7.229587
      0.382353      0.862757     -0.000052     -0.000311      0.000000        -16.369074         14.118743     12.647476      4.533457      0.130726      7.229587
      0.392157      0.862760     -0.000031     -0.000280      0.000000        -16.965717         14.633806     13.031698      4.699202      0.130726      7.229587
      0.401961      0.862761     -0.000013     -0.000224      0.000000        -17.562015         15.148901     13.415922      4.864948      0.130726      7.229587
      0.411765      0.862762      0.000001     -0.000160      0.000000        -18.158167         15.664011     13.800145      5.030695      0.130726      7.229587
      0.421569      0.862761      0.000010     -0.000099      0.000000        -18.754323         16.179121     14.184369      5.196442      0.130726      7.229587
      0.431373      0.862760      0.000015     -0.000048      0.000000        -19.350583         16.694220     14.568592      5.362188      0.130726      7.229587
      0.441176      0.862759      0.000017     -0.000011      0.000000        -19.947006         17.209304     14.952815      5.527934      0.130726      7.229587
      0.450980      0.862758      0.000017      0.000013      0.000000        -20.543614         17.724369     15.337037      5.693680      0.130726      7.229587
      0.460784      0.862757      0.000015      0.000024      0.000000        -21.140408         18.239417     15.721259      5.859425      0.130726      7.229587
      0.470588      0.862756      0.000014      0.000025      0.000000        -21.737372         18.754449     16.105480      6.025170      0.130726      7.229587
      0.480392      0.862755      0.000012      0.000017      0.000000        -22.334486         19.269466     16.489701      6.190914      0.130726      7.229587
      0.490196      0.862754      0.000011      0.000001      0.000000        -22.931736         19.784470     16.873921      6.356658      0.130726      7.229587
      0.500000      0.862753      0.000012     -0.000021      0.000000        -23.529113         20.299461     17.258142      6.522402      0.130726      7.229587
      0.509804      0.862752      0.000015     -0.000048      0.000000        -24.126626         20.814440     17.642361      6.688145      0.130726      7.229587
      0.519608      0.862751      0.000019     -0.000083      0.000000        -24.724302         21.329403     18.026580      6.853888      0.130726      7.229587
      0.529412      0.862750      0.000026     -0.000126      0.000000        -25.322191         21.844345     18.410799      7.019630      0.130726      7.229587
      0.539216      0.862747      0.000037     -0.000180      0.000000        -25.920375         22.359259     18.795017      7.185372      0.130726      7.229587
      0.549020      0.862744      0.000052     -0.000251      0.000000        -26.518973         22.874133     19.179233      7.351113      0.130726      7.229587
      0.558824      0.862740      0.000073     -0.000345      0.000000        -27.118155         23.388951     19.563448      7.516852      0.130726      7.229587
      0.568627      0.862734      0.000102     -0.000470      0.000000        -27.718152         23.903690     19.947661      7.682589      0.130726      7.229587
      0.578431      0.862725      0.000141     -0.000638      0.000000        -28.319285         24.418320     20.331870      7.848323      0.130726      7.229587
      0.588235      0.862713      0.000194     -0.000864      0.000000        -28.921984         24.932799     20.716075      8.014054      0.130726      7.229587
      0.598039      0.862697      0.000265     -0.001168      0.000000        -29.526837         25.447070     21.100274      8.179779      0.130726      7.229587
      0.607843      0.862675      0.000362     -0.001578      0.000000        -30.134633         25.961057     21.484464      8.345497      0.130726      7.229587
      0.617647      0.862645      0.000492     -0.002129      0.000000        -30.746442         26.474657     21.868643      8.511205      0.130726      7.229587
      0.627451      0.862604      0.000668     -0.002867      0.000000        -31.363701         26.987731     22.252806      8.676899      0.130726      7.229587
      0.637255      0.862549      0.000905     -0.003855      0.000000        -31.988341         27.500091     22.636948      8.842576      0.130726      7.229587
      0.647059      0.862474      0.001222     -0.005173      0.000000        -32.622949         28.011487     23.021061      9.008227      0.130726      7.229587
      0.656863      0.862373      0.001648     -0.006930      0.000000        -33.270978         28.521582     23.405135      9.173844      0.130726      7.229587
      0.666667      0.862237      0.002218     -0.009265      0.000000        -33.937023         29.029929     23.789157      9.339417      0.130726      7.229587
      0.676471      0.862054      0.002980     -0.012359      0.000000        -34.627162         29.535930     24.173108      9.504928      0.130726      7.229587
      0.686275      0.861809      0.003994     -0.016450      0.000000        -35.349393         30.038796     24.556965      9.670357      0.130726      7.229587
      0.696078      0.861480      0.005342     -0.021841      0.000000        -36.114162         30.537486     24.940694      9.835676      0.130726      7.229587
      0.705882      0.861041      0.007130     -0.028920      0.000000        -36.934984         31.030637     25.324254     10.000848      0.130726      7.229587
      0.715686      0.860456      0.009493     -0.038175      0.000000        -37.829135         31.516478     25.707587     10.165821      0.130726      7.229587
      0.725490      0.859678      0.012607     -0.050215      0.000000        -38.818358         31.992729     26.090619     10.330531      0.130726      7.229587
      0.735294      0.858646      0.016695     -0.065783      0.000000        -39.929449         32.456493     26.473250     10.494889      0.130726      7.229587
      0.745098      0.857282      0.022036     -0.085761      0.000000        -41.194518         32.904141     26.855351     10.658779      0.130726      7.229587
      0.754902      0.855485      0.028980     -0.111161      0.000000        -42.650576         33.331226     27.236752     10.822047      0.130726      7.229587
      0.764706      0.853127      0.037948     -0.143087      0.000000        -44.337980         33.732437     27.617234     10.984491      0.130726      7.229587
      0.774510      0.850047      0.049444     -0.182655      0.000000        -46.297169         34.101649     27.996511     11.145844      0.130726      7.229587
      0.784314      0.846047      0.064045     -0.230861      0.000000        -48.563227         34.432119     28.374220     11.305761      0.130726      7.229587
      0.794118      0.840887      0.082391     -0.288396      0.000000        -51.158204         34.716881     28.749899     11.463796      0.130726      7.229587
      0.803922      0.834278      0.105152     -0.355418      0.000000        -54.081985         34.949360     29.122968     11.619376      0.130726      7.229587
      0.813725      0.825890      0.132985     -0.431339      0.000000        -57.303771         35.124170     29.492712     11.771784      0.130726      7.229587
      0.823529      0.815352      0.166473     -0.514691      0.000000        -60.757294         35.237976     29.858256     11.920136      0.130726      7.229587
      0.833333      0.802263      0.206067     -0.603152      0.000000        -64.343008         35.290204     30.218554     12.063373      0.130726      7.229587
      0.843137      0.786209      0.252025     -0.693771      0.000000        -67.938722         35.283376     30.572378     12.200273      0.130726      7.229587
      0.852941      0.766782      0.304389     -0.783370      0.000000        -71.416915         35.222911     30.918316     12.329488      0.130726      7.229587
      0.862745      0.743605      0.362979     -0.869001      0.000000        -74.663793         35.116424     31.254781     12.449606      0.130726      7.229587
      0.872549      0.716352      0.427426     -0.948336      0.000000        -77.594275         34.972685     31.580027     12.559253      0.130726      7.229587
      0.882353      0.684771      0.497227     -1.019878      0.000000        -80.159039         34.800542     31.892181     12.657210      0.130726      7.229587
      0.892157      0.648696      0.571801     -1.082974      0.000000        -82.343286         34.608044     32.189274     12.742538      0.130726      7.229587
      0.901961      0.608053      0.650547     -1.137679      0.000000        -84.159716         34.401881     32.469284     12.814697      0.130726      7.229587
      0.911765      0.562870      0.732889     -1.184556      0.000000        -85.639203         34.187158     32.730181     12.873631      0.130726      7.229587
      0.921569      0.513272      0.818301     -1.224459      0.000000        -86.821979         33.967410     32.969967     12.919812      0.130726      7.229587
      0.931373      0.459478      0.906323     -1.258371      0.000000        -87.750843         33.744769     33.186721     12.954231      0.130726      7.229587
      0.941176      0.401791      0.996565     -1.287288      0.000000        -88.466714         33.520180     33.378638     12.978338      0.130726      7.229587
      0.950980      0.340598      1.088708     -1.312147      0.000000        -89.006214         33.293622     33.544069     12.993923      0.130726      7.229587
      0.960784      0.276354      1.182495     -1.333799      0.000000        -89.400691         33.064307     33.681550     13.002963      0.130726      7.229587
      0.970588      0.209577      1.277725     -1.353002      0.000000        -89.676163         32.830833     33.789836     13.007443      0.130726      7.229587
      0.980392      0.140841      1.374250     -1.370428      0.000000        -89.853748         32.591315     33.867925     13.009166      0.130726      7.229587
      0.990196      0.070763      1.471966     -1.386720      0.000000        -89.950361         32.343486     33.915081     13.009573      0.130726      7.229587
      1.000000      0.000000      1.570796     -1.398951      0.000000        -89.977518         32.158915     33.930851     13.009601      0.130726      7.229587
