             t             r           psi            cs            qs                 p               sig             A             V            Q2             S
      0.000000      0.000000     -1.570796     -0.992689      0.000000      -5431.718037       2735.862124      0.000000      0.000000      0.009729      6.295888
      0.004902      0.030857     -1.540159     -0.992761      0.000000      -5431.722404       2735.717017      0.002992      0.000001      0.009729      6.295888
      0.009804      0.061686     -1.509519     -0.992838      0.000000      -5431.736339       2735.565221      0.011965      0.000011      0.009729      6.295888
      0.014706      0.092456     -1.478876     -0.992917      0.000000      -5431.760872       2735.415431      0.026912      0.000057      0.009729      6.295888
      0.019608      0.123140     -1.448232     -0.992999      0.000000      -5431.797102       2735.267270      0.047817      0.000180      0.009729      6.295888
      0.024510      0.153708     -1.417584     -0.993083      0.000000      -5431.846253       2735.120362      0.074661      0.000439      0.009729      6.295888
      0.029412      0.184132     -1.386934     -0.993172      0.000000      -5431.909716       2734.974326      0.107419      0.000907      0.009729      6.295888
      0.034314      0.214383     -1.356281     -0.993264      0.000000      -5431.989084       2734.828776      0.146061      0.001673      0.009729      6.295888
      0.039216      0.244432     -1.325625     -0.993362      0.000000      -5432.086193       2734.683323      0.190549      0.002840      0.009729      6.295888
      0.044118      0.274252     -1.294966     -0.993467      0.000000      -5432.203161       2734.537566      0.240843      0.004526      0.009729      6.295888
      0.049020      0.303814     -1.264304     -0.993578      0.000000      -5432.342442       2734.391096      0.296895      0.006857      0.009729      6.295888
      0.053922      0.333090     -1.233638     -0.993698      0.000000      -5432.506889       2734.243495      0.358651      0.009974      0.009729      6.295888
      0.058824      0.362054     -1.202969     -0.993827      0.000000      -5432.699827       2734.094324      0.426055      0.014025      0.009729      6.295888
      0.063725      0.390677     -1.172295     -0.993968      0.000000      -5432.925141       2733.943131      0.499043      0.019168      0.009729      6.295888
      0.068627      0.418933     -1.141616     -0.994122      0.000000      -5433.187392       2733.789438      0.577546      0.025566      0.009729      6.295888
      0.073529      0.446795     -1.110933     -0.994291      0.000000      -5433.491946       2733.632743      0.661491      0.033387      0.009729      6.295888
      0.078431      0.474236     -1.080244     -0.994477      0.000000      -5433.845150       2733.472512      0.750798      0.042804      0.009729      6.295888
      0.083333      0.501232     -1.049549     -0.994683      0.000000      -5434.254531       2733.308170      0.845383      0.053991      0.009729      6.295888
      0.088235      0.527755     -1.018848     -0.994914      0.000000      -5434.729066       2733.139102      0.945158      0.067121      0.009729      6.295888
      0.093137      0.553782     -0.988139     -0.995172      0.000000      -5435.279504       2732.964637      1.050028      0.082367      0.009729      6.295888
      0.098039      0.579287     -0.957421     -0.995462      0.000000      -5435.918787       2732.784041      1.159895      0.099899      0.009729      6.295888
      0.102941      0.604246     -0.926694     -0.995791      0.000000      -5436.662579       2732.596507      1.274655      0.119878      0.009729      6.295888
      0.107843      0.628636     -0.895956     -0.996165      0.000000      -5437.529947       2732.401142      1.394200      0.142464      0.009729      6.295888
      0.112745      0.652434     -0.865206     -0.996593      0.000000      -5438.544253       2732.196946      1.518418      0.167803      0.009729      6.295888
      0.117647      0.675615     -0.834441     -0.997086      0.000000      -5439.734303       2731.982799      1.647191      0.196036      0.009729      6.295888
      0.122549      0.698159     -0.803660     -0.997656      0.000000      -5441.135879       2731.757435      1.780398      0.227288      0.009729      6.295888
      0.127451      0.720044     -0.772861     -0.998320      0.000000      -5442.793764       2731.519414      1.917913      0.261675      0.009729      6.295888
      0.132353      0.741247     -0.742039     -0.999099      0.000000      -5444.764482       2731.267089      2.059605      0.299295      0.009729      6.295888
      0.137255      0.761750     -0.711190     -1.000019      0.000000      -5447.120007       2730.998567      2.205342      0.340233      0.009729      6.295888
      0.142157      0.781530     -0.680311     -1.001114      0.000000      -5449.952880       2730.711655      2.354985      0.384558      0.009729      6.295888
      0.147059      0.800570     -0.649395     -1.002427      0.000000      -5453.383330       2730.403800      2.508392      0.432320      0.009729      6.295888
      0.151961      0.818849     -0.618434     -1.004017      0.000000      -5457.569347       2730.072017      2.665418      0.483550      0.009729      6.295888
      0.156863      0.836349     -0.587419     -1.005960      0.000000      -5462.721098       2729.712792      2.825912      0.538260      0.009729      6.295888
      0.161765      0.853052     -0.556337     -1.008360      0.000000      -5469.121929       2729.321975      2.989724      0.596446      0.009729      6.295888
      0.166667      0.868939     -0.525172     -1.011357      0.000000      -5477.159438       2728.894642      3.156695      0.658078      0.009729      6.295888
      0.171569      0.883992     -0.493904     -1.015149      0.000000      -5487.372274       2728.424948      3.326667      0.723110      0.009729      6.295888
      0.176471      0.898194     -0.462502     -1.020014      0.000000      -5500.521918       2727.905958      3.499475      0.791474      0.009729      6.295888
      0.181373      0.911527     -0.430929     -1.026351      0.000000      -5517.704854       2727.329504      3.674953      0.863081      0.009729      6.295888
      0.186275      0.923971     -0.399130     -1.034748      0.000000      -5540.530978       2726.686138      3.852931      0.937823      0.009729      6.295888
      0.191176      0.935507     -0.367029     -1.046085      0.000000      -5571.411629       2725.965379      4.033234      1.015570      0.009729      6.295888
      0.196078      0.946112     -0.334517     -1.061707      0.000000      -5614.027939       2725.156696      4.215685      1.096174      0.009729      6.295888
      0.200980      0.955762     -0.301431     -1.083693      0.000000      -5674.083312       2724.252360      4.400099      1.179466      0.009729      6.295888
      0.205882      0.964426     -0.267529     -1.115276      0.000000      -5760.438054       2723.254856      4.586290      1.265257      0.009729      6.295888
      0.210784      0.972064     -0.232443     -1.161316      0.000000      -5886.442626       2722.195578      4.774062      1.353339      0.009729      6.295888
      0.215686      0.978625     -0.195633     -1.228180      0.000000      -6069.678694       2721.181194      4.963212      1.443478      0.009729      6.295888
      0.220588      0.984035     -0.156374     -1.319793      0.000000      -6321.410333       2720.503589      5.153524      1.535415      0.009729      6.295888
      0.225490      0.988203     -0.114070     -1.418689      0.000000      -6595.499660       2720.859455      5.344766      1.628849      0.009729      6.295888
      0.230392      0.991035     -0.069600     -1.436559      0.000000      -6654.065814       2723.546491      5.536688      1.723416      0.009729      6.295888
      0.235294      0.992522     -0.027960     -1.211367      0.000000      -6055.988778       2729.757420      5.729028      1.818688      0.009729      6.295888
      0.240196      0.992876      0.002618     -0.749759      0.000000      -4811.427835       2738.541695      5.921540      1.914239      0.009729      6.295888
      0.245098      0.992514      0.018569     -0.306194      0.000000      -3608.587755       2747.175529      6.114044      2.009784      0.009729      6.295888
      0.250000      0.991846      0.023256     -0.025578      0.000000      -2846.447615       2754.113257      6.306443      2.105210      0.009729      6.295888
      0.254902      0.991143      0.021607      0.113781      0.000000      -2469.402488       2759.355474      6.498706      2.200499      0.009729      6.295888
      0.259804      0.990541      0.017114      0.166803      0.000000      -2328.421167       2763.381065      6.690841      2.295667      0.009729      6.295888
      0.264706      0.990095      0.011794      0.172309      0.000000      -2317.401630       2766.632025      6.882873      2.390742      0.009729      6.295888
      0.269608      0.989810      0.006732      0.152846      0.000000      -2374.578769       2769.426782      7.074835      2.485754      0.009729      6.295888
      0.274510      0.989671      0.002482      0.121353      0.000000      -2464.519369       2771.984579      7.266757      2.580728      0.009729      6.295888
      0.279412      0.989646     -0.000716      0.085685      0.000000      -2565.754782       2774.457290      7.458663      2.675688      0.009729      6.295888
      0.284314      0.989704     -0.002817      0.050964      0.000000      -2664.305793       2776.950418      7.650572      2.770651      0.009729      6.295888
      0.289216      0.989810     -0.003908      0.020650      0.000000      -2750.732653       2779.534492      7.842498      2.865630      0.009729      6.295888
      0.294118      0.989936     -0.004160     -0.003070      0.000000      -2819.054101       2782.250739      8.034447      2.960632      0.009729      6.295888
      0.299020      0.990060     -0.003797     -0.019186      0.000000      -2866.490422       2785.114574      8.226421      3.055658      0.009729      6.295888
      0.303922      0.990167     -0.003053     -0.027805      0.000000      -2893.318641       2788.119486      8.418417      3.150707      0.009729      6.295888
      0.308824      0.990247     -0.002147     -0.029980      0.000000      -2902.407736       2791.242583      8.610431      3.245773      0.009729      6.295888
      0.313725      0.990299     -0.001252     -0.027379      0.000000      -2898.332063       2794.451606      8.802459      3.340853      0.009729      6.295888
      0.318627      0.990326     -0.000487     -0.021882      0.000000      -2886.261204       2797.712113      8.994493      3.435940      0.009729      6.295888
      0.323529      0.990331      0.000087     -0.015213      0.000000      -2870.952474       2800.993326      9.186531      3.531031      0.009729      6.295888
      0.328431      0.990322      0.000454     -0.008707      0.000000      -2856.093201       2804.271669      9.378568      3.626121      0.009729      6.295888
      0.333333      0.990305      0.000635     -0.003220      0.000000      -2844.057502       2807.531957      9.570603      3.721208      0.009729      6.295888
      0.338235      0.990285      0.000668      0.000836      0.000000      -2835.990966       2810.766761      9.762634      3.816292      0.009729      6.295888
      0.343137      0.990265      0.000599      0.003397      0.000000      -2832.077889       2813.974765      9.954661      3.911371      0.009729      6.295888
      0.348039      0.990248      0.000472      0.004628      0.000000      -2831.862798       2817.158790     10.146685      4.006448      0.009729      6.295888
      0.352941      0.990236      0.000324      0.004818      0.000000      -2834.545356       2820.323946     10.338705      4.101521      0.009729      6.295888
      0.357843      0.990228      0.000182      0.004295      0.000000      -2839.212128       2823.476142     10.530724      4.196593      0.009729      6.295888
      0.362745      0.990225      0.000063      0.003371      0.000000      -2844.997480       2826.621017     10.722742      4.291663      0.009729      6.295888
      0.367647      0.990224     -0.000025      0.002304      0.000000      -2851.180372       2829.763287     10.914759      4.386733      0.009729      6.295888
      0.372549      0.990226     -0.000080      0.001285      0.000000      -2857.229113       2832.906436     11.106776      4.481803      0.009729      6.295888
      0.377451      0.990229     -0.000106      0.000434      0.000000      -2862.807156       2836.052669     11.298794      4.576874      0.009729      6.295888
      0.382353      0.990232     -0.000109     -0.000191      0.000000      -2867.752323       2839.203044     11.490813      4.671945      0.009729      6.295888
      0.387255      0.990235     -0.000097     -0.000582      0.000000      -2872.040547       2842.357716     11.682832      4.767017      0.009729      6.295888
      0.392157      0.990238     -0.000075     -0.000765      0.000000      -2875.743492       2845.516213     11.874851      4.862090      0.009729      6.295888
      0.397059      0.990240     -0.000051     -0.000784      0.000000      -2878.987390       2848.677709     12.066871      4.957163      0.009729      6.295888
      0.401961      0.990241     -0.000028     -0.000691      0.000000      -2881.918069       2851.841249     12.258892      5.052236      0.009729      6.295888
      0.406863      0.990242     -0.000009     -0.000537      0.000000      -2884.674859       2855.005923     12.450913      5.147309      0.009729      6.295888
      0.411765      0.990242      0.000005     -0.000363      0.000000      -2887.374007       2858.170974     12.642933      5.242383      0.009729      6.295888
      0.416667      0.990241      0.000014     -0.000198      0.000000      -2890.100734       2861.335845     12.834954      5.337456      0.009729      6.295888
      0.421569      0.990241      0.000017     -0.000062      0.000000      -2892.908143       2864.500189     13.026974      5.432529      0.009729      6.295888
      0.426471      0.990240      0.000018      0.000037      0.000000      -2895.820833       2867.663846     13.218995      5.527603      0.009729      6.295888
      0.431373      0.990240      0.000016      0.000098      0.000000      -2898.841132       2870.826801     13.411015      5.622676      0.009729      6.295888
      0.436275      0.990239      0.000012      0.000126      0.000000      -2901.956240       2873.989137     13.603035      5.717749      0.009729      6.295888
      0.441176      0.990239      0.000008      0.000127      0.000000      -2905.144986       2877.150993     13.795056      5.812822      0.009729      6.295888
      0.446078      0.990239      0.000004      0.000111      0.000000      -2908.383453       2880.312523     13.987076      5.907895      0.009729      6.295888
      0.450980      0.990239      0.000001      0.000086      0.000000      -2911.649071       2883.473877     14.179096      6.002967      0.009729      6.295888
      0.455882      0.990239     -0.000001      0.000058      0.000000      -2914.923174       2886.635175     14.371116      6.098040      0.009729      6.295888
      0.460784      0.990239     -0.000002      0.000031      0.000000      -2918.192178       2889.796506     14.563136      6.193113      0.009729      6.295888
      0.465686      0.990239     -0.000003      0.000009      0.000000      -2921.447692       2892.957926     14.755156      6.288186      0.009729      6.295888
      0.470588      0.990239     -0.000003     -0.000007      0.000000      -2924.685902       2896.119458     14.947176      6.383259      0.009729      6.295888
      0.475490      0.990239     -0.000003     -0.000016      0.000000      -2927.906558       2899.281105     15.139196      6.478332      0.009729      6.295888
      0.480392      0.990239     -0.000002     -0.000021      0.000000      -2931.111819       2902.442853     15.331216      6.573405      0.009729      6.295888
      0.485294      0.990239     -0.000001     -0.000021      0.000000      -2934.305166       2905.604678     15.523237      6.668478      0.009729      6.295888
      0.490196      0.990239     -0.000001     -0.000018      0.000000      -2937.490501       2908.766556     15.715257      6.763551      0.009729      6.295888
      0.495098      0.990239     -0.000000     -0.000014      0.000000      -2940.671491       2911.928462     15.907277      6.858624      0.009729      6.295888
      0.500000      0.990239      0.000000     -0.000009      0.000000      -2943.851162       2915.090377     16.099297      6.953697      0.009729      6.295888
      0.504902      0.990239      0.000000     -0.000005      0.000000      -2947.031710       2918.252286     16.291317      7.048770      0.009729      6.295888
      0.509804      0.990239      0.000000     -0.000001      0.000000      -2950.214486       2921.414180     16.483338      7.143843      0.009729      6.295888
      0.514706      0.990239      0.000000      0.000001      0.000000      -2953.400102       2924.576056     16.675358      7.238916      0.009729      6.295888
      0.519608      0.990239      0.000000      0.000003      0.000000      -2956.588591       2927.737913     16.867378      7.333989      0.009729      6.295888
      0.524510      0.990239      0.000000      0.000003      0.000000      -2959.779598       2930.899753     17.059398      7.429062      0.009729      6.295888
      0.529412      0.990239      0.000000      0.000003      0.000000      -2962.972555       2934.061581     17.251418      7.524135      0.009729      6.295888
      0.534314      0.990239      0.000000      0.000003      0.000000      -2966.166828       2937.223401     17.443438      7.619207      0.009729      6.295888
      0.539216      0.990239      0.000000      0.000002      0.000000      -2969.361822       2940.385215     17.635459      7.714280      0.009729      6.295888
      0.544118      0.990239     -0.000000      0.000001      0.000000      -2972.557047       2943.547028     17.827479      7.809353      0.009729      6.295888
      0.549020      0.990239     -0.000000      0.000001      0.000000      -2975.752151       2946.708842     18.019499      7.904426      0.009729      6.295888
      0.553922      0.990239     -0.000000      0.000000      0.000000      -2978.946924       2949.870658     18.211519      7.999499      0.009729      6.295888
      0.558824      0.990239     -0.000000     -0.000000      0.000000      -2982.141280       2953.032477     18.403539      8.094572      0.009729      6.295888
      0.563725      0.990239     -0.000000     -0.000001      0.000000      -2985.335236       2956.194298     18.595559      8.189645      0.009729      6.295888
      0.568627      0.990239     -0.000000     -0.000001      0.000000      -2988.528884       2959.356122     18.787580      8.284718      0.009729      6.295888
      0.573529      0.990239      0.000000     -0.000001      0.000000      -2991.722369       2962.517946     18.979600      8.379791      0.009729      6.295888
      0.578431      0.990239      0.000000     -0.000001      0.000000      -2994.915870       2965.679770     19.171620      8.474864      0.009729      6.295888
      0.583333      0.990239      0.000000     -0.000001      0.000000      -2998.109602       2968.841593     19.363640      8.569937      0.009729      6.295888
      0.588235      0.990239      0.000000     -0.000002      0.000000      -3001.303815       2972.003413     19.555660      8.665010      0.009729      6.295888
      0.593137      0.990239      0.000000     -0.000003      0.000000      -3004.498826       2975.165227     19.747680      8.760083      0.009729      6.295888
      0.598039      0.990239      0.000000     -0.000004      0.000000      -3007.695050       2978.327034     19.939701      8.855156      0.009729      6.295888
      0.602941      0.990239      0.000000     -0.000005      0.000000      -3010.893069       2981.488829     20.131721      8.950229      0.009729      6.295888
      0.607843      0.990239      0.000001     -0.000008      0.000000      -3014.093730       2984.650606     20.323741      9.045302      0.009729      6.295888
      0.612745      0.990239      0.000001     -0.000012      0.000000      -3017.298275       2987.812359     20.515761      9.140375      0.009729      6.295888
      0.617647      0.990239      0.000001     -0.000017      0.000000      -3020.508559       2990.974074     20.707781      9.235448      0.009729      6.295888
      0.622549      0.990239      0.000002     -0.000026      0.000000      -3023.727342       2994.135733     20.899801      9.330521      0.009729      6.295888
      0.627451      0.990239      0.000003     -0.000039      0.000000      -3026.958747       2997.297310     21.091822      9.425594      0.009729      6.295888
      0.632353      0.990239      0.000004     -0.000058      0.000000      -3030.208915       3000.458764     21.283842      9.520666      0.009729      6.295888
      0.637255      0.990239      0.000007     -0.000086      0.000000      -3033.486994       3003.620036     21.475862      9.615739      0.009729      6.295888
      0.642157      0.990239      0.000010     -0.000128      0.000000      -3036.806598       3006.781037     21.667882      9.710812      0.009729      6.295888
      0.647059      0.990238      0.000015     -0.000191      0.000000      -3040.187981       3009.941635     21.859902      9.805885      0.009729      6.295888
      0.651961      0.990238      0.000022     -0.000284      0.000000      -3043.661254       3013.101632     22.051922      9.900958      0.009729      6.295888
      0.656863      0.990237      0.000033     -0.000422      0.000000      -3047.271170       3016.260737     22.243941      9.996030      0.009729      6.295888
      0.661765      0.990235      0.000049     -0.000627      0.000000      -3051.084203       3019.418515     22.435961     10.091103      0.009729      6.295888
      0.666667      0.990234      0.000072     -0.000931      0.000000      -3055.199030       3022.574321     22.627980     10.186175      0.009729      6.295888
      0.671569      0.990231      0.000108     -0.001383      0.000000      -3059.762001       3025.727197     22.819999     10.281246      0.009729      6.295888
      0.676471      0.990227      0.000160     -0.002054      0.000000      -3064.989904       3028.875722     23.012017     10.376317      0.009729      6.295888
      0.681373      0.990221      0.000238     -0.003048      0.000000      -3071.203298       3032.017791     23.204034     10.471387      0.009729      6.295888
      0.686275      0.990212      0.000353     -0.004521      0.000000      -3078.874964       3035.150293     23.396050     10.566456      0.009729      6.295888
      0.691176      0.990198      0.000524     -0.006700      0.000000      -3088.699578       3038.268636     23.588064     10.661522      0.009729      6.295888
      0.696078      0.990179      0.000777     -0.009917      0.000000      -3101.692209       3041.366068     23.780074     10.756586      0.009729      6.295888
      0.700980      0.990149      0.001152     -0.014651      0.000000      -3119.323983       3044.432717     23.972080     10.851644      0.009729      6.295888
      0.705882      0.990106      0.001704     -0.021591      0.000000      -3143.701142       3047.454251     24.164079     10.946696      0.009729      6.295888
      0.710784      0.990041      0.002517     -0.031701      0.000000      -3177.784738       3050.410099     24.356067     11.041737      0.009729      6.295888
      0.715686      0.989946      0.003707     -0.046300      0.000000      -3225.624627       3053.271215     24.548040     11.136763      0.009729      6.295888
      0.720588      0.989807      0.005439     -0.067117      0.000000      -3292.531854       3055.997572     24.739991     11.231766      0.009729      6.295888
      0.725490      0.989603      0.007935     -0.096273      0.000000      -3385.027602       3058.535954     24.931909     11.326736      0.009729      6.295888
      0.730392      0.989306      0.011491     -0.136106      0.000000      -3510.295154       3060.819271     25.123779     11.421656      0.009729      6.295888
      0.735294      0.988879      0.016468     -0.188720      0.000000      -3674.799609       3062.769436     25.315579     11.516502      0.009729      6.295888
      0.740196      0.988271      0.023283     -0.255223      0.000000      -3881.915359       3064.306156     25.507280     11.611240      0.009729      6.295888
      0.745098      0.987419      0.032357     -0.334787      0.000000      -4129.037653       3065.362730     25.698840     11.705822      0.009729      6.295888
      0.750000      0.986247      0.044048     -0.424016      0.000000      -4405.637032       3065.905876     25.890206     11.800179      0.009729      6.295888
      0.754902      0.984672      0.058571     -0.517228      0.000000      -4694.134089       3065.951452     26.081306     11.894220      0.009729      6.295888
      0.759804      0.982605      0.075946     -0.607824      0.000000      -4974.168016       3065.566407     26.272055     11.987826      0.009729      6.295888
      0.764706      0.979961      0.096002     -0.690139      0.000000      -5228.299648       3064.853798     26.462348     12.080853      0.009729      6.295888
      0.769608      0.976664      0.118423     -0.760728      0.000000      -5445.979821       3063.928057     26.652067     12.173127      0.009729      6.295888
      0.774510      0.972649      0.142826     -0.818570      0.000000      -5624.148787       3062.892491     26.841078     12.264458      0.009729      6.295888
      0.779412      0.967863      0.168825     -0.864442      0.000000      -5765.286876       3061.826738     27.029236     12.354639      0.009729      6.295888
      0.784314      0.962267      0.196077     -0.900060      0.000000      -5874.748252       3060.784447     27.216388     12.443453      0.009729      6.295888
      0.789216      0.955830      0.224296     -0.927395      0.000000      -5958.649868       3059.797193     27.402373     12.530680      0.009729      6.295888
      0.794118      0.948532      0.253254     -0.948279      0.000000      -6022.663112       3058.880483     27.587027     12.616104      0.009729      6.295888
      0.799020      0.940361      0.282777     -0.964244      0.000000      -6071.524844       3058.039344     27.770182     12.699512      0.009729      6.295888
      0.803922      0.931308      0.312733     -0.976498      0.000000      -6108.967006       3057.272592     27.951666     12.780701      0.009729      6.295888
      0.808824      0.921370      0.343022     -0.985965      0.000000      -6137.833860       3056.575722     28.131310     12.859480      0.009729      6.295888
      0.813725      0.910549      0.373570     -0.993334      0.000000      -6160.254533       3055.942725     28.308941     12.935671      0.009729      6.295888
      0.818627      0.898846      0.404319     -0.999119      0.000000      -6177.809538       3055.367157     28.484387     13.009113      0.009729      6.295888
      0.823529      0.886269      0.435228     -1.003701      0.000000      -6191.669574       3054.842719     28.657480     13.079661      0.009729      6.295888
      0.828431      0.872825      0.466263     -1.007362      0.000000      -6202.703355       3054.363550     28.828049     13.147188      0.009729      6.295888
      0.833333      0.858524      0.497399     -1.010312      0.000000      -6211.558338       3053.924350     28.995928     13.211587      0.009729      6.295888
      0.838235      0.843378      0.528618     -1.012709      0.000000      -6218.719971       3053.520403     29.160952     13.272769      0.009729      6.295888
      0.843137      0.827399      0.559903     -1.014673      0.000000      -6224.554770       3053.147555     29.322958     13.330669      0.009729      6.295888
      0.848039      0.810601      0.591244     -1.016295      0.000000      -6229.341537       3052.802167     29.481786     13.385237      0.009729      6.295888
      0.852941      0.792999      0.622631     -1.017643      0.000000      -6233.293993       3052.481059     29.637278     13.436449      0.009729      6.295888
      0.857843      0.774610      0.654055     -1.018773      0.000000      -6236.577252       3052.181453     29.789281     13.484298      0.009729      6.295888
      0.862745      0.755451      0.685512     -1.019726      0.000000      -6239.319853       3051.900920     29.937642     13.528797      0.009729      6.295888
      0.867647      0.735541      0.716996     -1.020534      0.000000      -6241.622616       3051.637335     30.082215     13.569979      0.009729      6.295888
      0.872549      0.714897      0.748503     -1.021224      0.000000      -6243.565200       3051.388830     30.222856     13.607897      0.009729      6.295888
      0.877451      0.693541      0.780029     -1.021817      0.000000      -6245.210979       3051.153761     30.359425     13.642620      0.009729      6.295888
      0.882353      0.671494      0.811573     -1.022329      0.000000      -6246.610719       3050.930674     30.491785     13.674235      0.009729      6.295888
      0.887255      0.648776      0.843131     -1.022774      0.000000      -6247.805340       3050.718279     30.619804     13.702844      0.009729      6.295888
      0.892157      0.625410      0.874702     -1.023162      0.000000      -6248.828034       3050.515426     30.743355     13.728564      0.009729      6.295888
      0.897059      0.601419      0.906285     -1.023502      0.000000      -6249.705881       3050.321084     30.862314     13.751524      0.009729      6.295888
      0.901961      0.576827      0.937877     -1.023802      0.000000      -6250.461096       3050.134325     30.976562     13.771865      0.009729      6.295888
      0.906863      0.551659      0.969478     -1.024068      0.000000      -6251.111999       3049.954312     31.085985     13.789739      0.009729      6.295888
      0.911765      0.525938      1.001087     -1.024305      0.000000      -6251.673777       3049.780280     31.190474     13.805305      0.009729      6.295888
      0.916667      0.499692      1.032702     -1.024516      0.000000      -6252.159075       3049.611530     31.289923     13.818727      0.009729      6.295888
      0.921569      0.472945      1.064324     -1.024707      0.000000      -6252.578474       3049.447419     31.384235     13.830177      0.009729      6.295888
      0.926471      0.445725      1.095952     -1.024878      0.000000      -6252.940862       3049.287351     31.473313     13.839826      0.009729      6.295888
      0.931373      0.418059      1.127584     -1.025034      0.000000      -6253.253737       3049.130770     31.557069     13.847848      0.009729      6.295888
      0.936275      0.389974      1.159221     -1.025176      0.000000      -6253.523446       3048.977154     31.635420     13.854417      0.009729      6.295888
      0.941176      0.361498      1.190862     -1.025306      0.000000      -6253.755385       3048.826010     31.708286     13.859702      0.009729      6.295888
      0.946078      0.332661      1.222507     -1.025426      0.000000      -6253.954152       3048.676870     31.775595     13.863869      0.009729      6.295888
      0.950980      0.303490      1.254156     -1.025537      0.000000      -6254.123683       3048.529286     31.837279     13.867078      0.009729      6.295888
      0.955882      0.274014      1.285808     -1.025640      0.000000      -6254.267351       3048.382826     31.893276     13.869479      0.009729      6.295888
      0.960784      0.244265      1.317463     -1.025737      0.000000      -6254.388062       3048.237072     31.943531     13.871217      0.009729      6.295888
      0.965686      0.214270      1.349121     -1.025828      0.000000      -6254.488318       3048.091619     31.987993     13.872421      0.009729      6.295888
      0.970588      0.184061      1.380782     -1.025914      0.000000      -6254.570287       3047.946069     32.026617     13.873212      0.009729      6.295888
      0.975490      0.153667      1.412445     -1.025996      0.000000      -6254.635847       3047.800031     32.059364     13.873695      0.009729      6.295888
      0.980392      0.123119      1.444110     -1.026074      0.000000      -6254.686635       3047.653122     32.086203     13.873962      0.009729      6.295888
      0.985294      0.092447      1.475779     -1.026150      0.000000      -6254.724078       3047.504961     32.107105     13.874089      0.009729      6.295888
      0.990196      0.061683      1.507449     -1.026223      0.000000      -6254.749437       3047.355170     32.122050     13.874136      0.009729      6.295888
      0.995098      0.030857      1.539122     -1.026295      0.000000      -6254.763842       3047.203374     32.131023     13.874147      0.009729      6.295888
      1.000000     -0.000000      1.570796     -1.026362      0.000000      -6254.768357       3047.058267     32.134015     13.874148      0.009729      6.295888
