             t             r           psi            cs            qs                 p               sig             A             V            Q2             S
      0.000000      0.000000     -1.570796     -0.993548      0.000000      -5961.168059       2999.939996      0.000000      0.000000      0.009519      4.708156
      0.004902      0.023077     -1.547866     -0.993596      0.000000      -5961.170460       2999.835069      0.001673      0.000000      0.009519      4.708156
      0.009804      0.046142     -1.524934     -0.993648      0.000000      -5961.178078       2999.720868      0.006692      0.000004      0.009519      4.708156
      0.014706      0.069183     -1.502000     -0.993701      0.000000      -5961.191337       2999.607892      0.015054      0.000018      0.009519      4.708156
      0.019608      0.092187     -1.479066     -0.993755      0.000000      -5961.210672       2999.495987      0.026755      0.000057      0.009519      4.708156
      0.024510      0.115143     -1.456130     -0.993811      0.000000      -5961.236548       2999.384995      0.041788      0.000138      0.009519      4.708156
      0.029412      0.138039     -1.433193     -0.993868      0.000000      -5961.269467       2999.274759      0.060146      0.000285      0.009519      4.708156
      0.034314      0.160861     -1.410255     -0.993926      0.000000      -5961.309982       2999.165119      0.081819      0.000527      0.009519      4.708156
      0.039216      0.183599     -1.387315     -0.993987      0.000000      -5961.358704       2999.055916      0.106795      0.000897      0.009519      4.708156
      0.044118      0.206241     -1.364374     -0.994050      0.000000      -5961.416310       2998.946988      0.135062      0.001432      0.009519      4.708156
      0.049020      0.228774     -1.341431     -0.994115      0.000000      -5961.483551       2998.838172      0.166605      0.002176      0.009519      4.708156
      0.053922      0.251187     -1.318487     -0.994184      0.000000      -5961.561263       2998.729303      0.201406      0.003174      0.009519      4.708156
      0.058824      0.273467     -1.295541     -0.994255      0.000000      -5961.650379       2998.620212      0.239448      0.004477      0.009519      4.708156
      0.063725      0.295603     -1.272594     -0.994330      0.000000      -5961.751941       2998.510728      0.280710      0.006140      0.009519      4.708156
      0.068627      0.317584     -1.249645     -0.994410      0.000000      -5961.867113       2998.400675      0.325172      0.008220      0.009519      4.708156
      0.073529      0.339398     -1.226694     -0.994494      0.000000      -5961.997202       2998.289874      0.372809      0.010778      0.009519      4.708156
      0.078431      0.361033     -1.203740     -0.994583      0.000000      -5962.143673       2998.178140      0.423596      0.013877      0.009519      4.708156
      0.083333      0.382478     -1.180785     -0.994678      0.000000      -5962.308173       2998.065282      0.477507      0.017583      0.009519      4.708156
      0.088235      0.403721     -1.157828     -0.994779      0.000000      -5962.492560       2997.951103      0.534513      0.021965      0.009519      4.708156
      0.093137      0.424752     -1.134868     -0.994887      0.000000      -5962.698929       2997.835396      0.594585      0.027092      0.009519      4.708156
      0.098039      0.445559     -1.111905     -0.995003      0.000000      -5962.929652       2997.717948      0.657690      0.033036      0.009519      4.708156
      0.102941      0.466132     -1.088940     -0.995128      0.000000      -5963.187414       2997.598533      0.723795      0.039868      0.009519      4.708156
      0.107843      0.486458     -1.065972     -0.995263      0.000000      -5963.475271       2997.476914      0.792866      0.047662      0.009519      4.708156
      0.112745      0.506529     -1.043000     -0.995409      0.000000      -5963.796702       2997.352842      0.864866      0.056489      0.009519      4.708156
      0.117647      0.526332     -1.020025     -0.995568      0.000000      -5964.155678       2997.226051      0.939757      0.066424      0.009519      4.708156
      0.122549      0.545858     -0.997046     -0.995740      0.000000      -5964.556751       2997.096259      1.017500      0.077537      0.009519      4.708156
      0.127451      0.565096     -0.974063     -0.995928      0.000000      -5965.005143       2996.963164      1.098054      0.089900      0.009519      4.708156
      0.132353      0.584035     -0.951076     -0.996134      0.000000      -5965.506872       2996.826444      1.181376      0.103582      0.009519      4.708156
      0.137255      0.602667     -0.928083     -0.996361      0.000000      -5966.068891       2996.685748      1.267422      0.118650      0.009519      4.708156
      0.142157      0.620981     -0.905085     -0.996610      0.000000      -5966.699258       2996.540700      1.356147      0.135171      0.009519      4.708156
      0.147059      0.638966     -0.882081     -0.996885      0.000000      -5967.407348       2996.390892      1.447504      0.153207      0.009519      4.708156
      0.151961      0.656615     -0.859070     -0.997190      0.000000      -5968.204108       2996.235878      1.541445      0.172818      0.009519      4.708156
      0.156863      0.673916     -0.836052     -0.997528      0.000000      -5969.102365       2996.075171      1.637920      0.194060      0.009519      4.708156
      0.161765      0.690861     -0.813026     -0.997906      0.000000      -5970.117216       2995.908239      1.736878      0.216986      0.009519      4.708156
      0.166667      0.707441     -0.789990     -0.998329      0.000000      -5971.266502       2995.734494      1.838267      0.241645      0.009519      4.708156
      0.171569      0.723647     -0.766944     -0.998804      0.000000      -5972.571407       2995.553288      1.942033      0.268082      0.009519      4.708156
      0.176471      0.739469     -0.743886     -0.999339      0.000000      -5974.057200       2995.363904      2.048122      0.296335      0.009519      4.708156
      0.181373      0.754900     -0.720815     -0.999945      0.000000      -5975.754178       2995.165544      2.156477      0.326441      0.009519      4.708156
      0.186275      0.769931     -0.697730     -1.000634      0.000000      -5977.698864       2994.957318      2.267040      0.358427      0.009519      4.708156
      0.191176      0.784553     -0.674627     -1.001420      0.000000      -5979.935537       2994.738231      2.379754      0.392320      0.009519      4.708156
      0.196078      0.798759     -0.651505     -1.002321      0.000000      -5982.518200       2994.507166      2.494557      0.428138      0.009519      4.708156
      0.200980      0.812540     -0.628360     -1.003360      0.000000      -5985.513150       2994.262865      2.611391      0.465892      0.009519      4.708156
      0.205882      0.825889     -0.605190     -1.004564      0.000000      -5989.002325       2994.003910      2.730191      0.505591      0.009519      4.708156
      0.210784      0.838798     -0.581990     -1.005967      0.000000      -5993.087738       2993.728694      2.850895      0.547235      0.009519      4.708156
      0.215686      0.851259     -0.558754     -1.007611      0.000000      -5997.897382       2993.435392      2.973439      0.590819      0.009519      4.708156
      0.220588      0.863266     -0.535478     -1.009550      0.000000      -6003.593177       2993.121933      3.097757      0.636330      0.009519      4.708156
      0.225490      0.874809     -0.512152     -1.011854      0.000000      -6010.381763       2992.785956      3.223782      0.683751      0.009519      4.708156
      0.230392      0.885883     -0.488769     -1.014610      0.000000      -6018.529329       2992.424774      3.351448      0.733057      0.009519      4.708156
      0.235294      0.896480     -0.465315     -1.017933      0.000000      -6028.382171       2992.035333      3.480685      0.784218      0.009519      4.708156
      0.240196      0.906592     -0.441777     -1.021976      0.000000      -6040.395517       2991.614174      3.611423      0.837195      0.009519      4.708156
      0.245098      0.916212     -0.418136     -1.026939      0.000000      -6055.174342       2991.157416      3.743592      0.891945      0.009519      4.708156
      0.250000      0.925333     -0.394366     -1.033094      0.000000      -6073.531693       2990.660770      3.877121      0.948419      0.009519      4.708156
      0.254902      0.933945     -0.370438     -1.040807      0.000000      -6096.572603       2990.119635      4.011934      1.006559      0.009519      4.708156
      0.259804      0.942040     -0.346308     -1.050585      0.000000      -6125.815186       2989.529345      4.147960      1.066303      0.009519      4.708156
      0.264706      0.949609     -0.321923     -1.063126      0.000000      -6163.364393       2988.885737      4.285121      1.127583      0.009519      4.708156
      0.269608      0.956640     -0.297207     -1.079409      0.000000      -6212.155843       2988.186314      4.423341      1.190324      0.009519      4.708156
      0.274510      0.963122     -0.272060     -1.100792      0.000000      -6276.277727       2987.432613      4.562541      1.254446      0.009519      4.708156
      0.279412      0.969038     -0.246343     -1.129135      0.000000      -6361.328384       2986.634939      4.702640      1.319859      0.009519      4.708156
      0.284314      0.974371     -0.219869     -1.166848      0.000000      -6474.585488       2985.821753      4.843555      1.386472      0.009519      4.708156
      0.289216      0.979097     -0.192391     -1.216612      0.000000      -6624.195864       2985.058065      4.985199      1.454183      0.009519      4.708156
      0.294118      0.983186     -0.163607     -1.279967      0.000000      -6815.020858       2984.480108      5.127484      1.522881      0.009519      4.708156
      0.299020      0.986602     -0.133233     -1.352778      0.000000      -7035.242199       2984.353946      5.270312      1.592443      0.009519      4.708156
      0.303922      0.989304     -0.101242     -1.414412      0.000000      -7224.196021       2985.146472      5.413585      1.662731      0.009519      4.708156
      0.308824      0.991259     -0.068423     -1.412907      0.000000      -7227.886188       2987.514233      5.557196      1.733585      0.009519      4.708156
      0.313725      0.992470     -0.037085     -1.275230      0.000000      -6828.076478       2991.982961      5.701036      1.804823      0.009519      4.708156
      0.318627      0.993009     -0.010794     -0.981673      0.000000      -5962.605899       2998.312955      5.845001      1.876265      0.009519      4.708156
      0.323529      0.993029      0.007702     -0.620668      0.000000      -4891.715654       3005.370665      5.989005      1.947766      0.009519      4.708156
      0.328431      0.992716      0.018227     -0.305236      0.000000      -3952.925068       3011.967226      6.132985      2.019237      0.009519      4.708156
      0.333333      0.992236      0.022522     -0.082887      0.000000      -3290.494009       3017.537937      6.276906      2.090641      0.009519      4.708156
      0.338235      0.991708      0.022715      0.053819      0.000000      -2883.893566       3022.055255      6.420753      2.161969      0.009519      4.708156
      0.343137      0.991206      0.020513      0.128552      0.000000      -2662.951098       3025.710419      6.564524      2.233223      0.009519      4.708156
      0.348039      0.990770      0.017093      0.162453      0.000000      -2564.468008       3028.724675      6.708227      2.304414      0.009519      4.708156
      0.352941      0.990420      0.013213      0.170437      0.000000      -2543.696604       3031.285647      6.851873      2.375553      0.009519      4.708156
      0.357843      0.990160      0.009349      0.162312      0.000000      -2571.170447       3033.538375      6.995475      2.446651      0.009519      4.708156
      0.362745      0.989986      0.005795      0.144485      0.000000      -2627.647689       3035.592258      7.139045      2.517721      0.009519      4.708156
      0.367647      0.989889      0.002721      0.121244      0.000000      -2700.263337       3037.529942      7.282596      2.588773      0.009519      4.708156
      0.372549      0.989856      0.000217      0.095577      0.000000      -2780.063529       3039.414409      7.426138      2.659817      0.009519      4.708156
      0.377451      0.989874     -0.001688      0.069661      0.000000      -2860.541310       3041.293805      7.569678      2.730859      0.009519      4.708156
      0.382353      0.989930     -0.003009      0.045125      0.000000      -2936.823569       3043.204473      7.713225      2.801907      0.009519      4.708156
      0.387255      0.990009     -0.003791      0.023189      0.000000      -3005.265996       3045.172720      7.856781      2.872965      0.009519      4.708156
      0.392157      0.990101     -0.004106      0.004714      0.000000      -3063.290847       3047.215855      8.000349      2.944035      0.009519      4.708156
      0.397059      0.990196     -0.004040     -0.009784      0.000000      -3109.346632       3049.342927      8.143932      3.015118      0.009519      4.708156
      0.401961      0.990285     -0.003687     -0.020129      0.000000      -3142.895763       3051.555516      8.287527      3.086215      0.009519      4.708156
      0.406863      0.990364     -0.003142     -0.026463      0.000000      -3164.361076       3053.848791      8.431135      3.157324      0.009519      4.708156
      0.411765      0.990430     -0.002493     -0.029205      0.000000      -3174.993143       3056.212909      8.574754      3.228443      0.009519      4.708156
      0.416667      0.990479     -0.001816     -0.028976      0.000000      -3176.655910       3058.634688      8.718381      3.299571      0.009519      4.708156
      0.421569      0.990514     -0.001173     -0.026509      0.000000      -3171.559516       3061.099357      8.862014      3.370705      0.009519      4.708156
      0.426471      0.990534     -0.000604     -0.022561      0.000000      -3161.986428       3063.592175      9.005650      3.441843      0.009519      4.708156
      0.431373      0.990542     -0.000137     -0.017834      0.000000      -3150.056208       3066.099736      9.149289      3.512983      0.009519      4.708156
      0.436275      0.990541      0.000218     -0.012920      0.000000      -3137.559070       3068.610834      9.292929      3.584123      0.009519      4.708156
      0.441176      0.990533      0.000461     -0.008270      0.000000      -3125.867818       3071.116904      9.436568      3.655263      0.009519      4.708156
      0.446078      0.990521      0.000604     -0.004195      0.000000      -3115.920051       3073.612072      9.580205      3.726401      0.009519      4.708156
      0.450980      0.990506      0.000661     -0.000870      0.000000      -3108.252352       3076.092939      9.723840      3.797538      0.009519      4.708156
      0.455882      0.990491      0.000650      0.001640      0.000000      -3103.065611       3078.558188      9.867473      3.868672      0.009519      4.708156
      0.460784      0.990476      0.000591      0.003353      0.000000      -3100.303321       3081.008115     10.011104      3.939804      0.009519      4.708156
      0.465686      0.990464      0.000501      0.004346      0.000000      -3099.729743       3083.444158     10.154733      4.010934      0.009519      4.708156
      0.470588      0.990453      0.000395      0.004735      0.000000      -3100.999945       3085.868466     10.298360      4.082062      0.009519      4.708156
      0.475490      0.990445      0.000286      0.004649      0.000000      -3103.717883       3088.283536     10.441986      4.153189      0.009519      4.708156
      0.480392      0.990440      0.000183      0.004220      0.000000      -3107.481440       3090.691919     10.585611      4.224315      0.009519      4.708156
      0.485294      0.990437      0.000093      0.003571      0.000000      -3111.915033       3093.096011     10.729235      4.295441      0.009519      4.708156
      0.490196      0.990436      0.000019      0.002810      0.000000      -3116.691168       3095.497908     10.872859      4.366566      0.009519      4.708156
      0.495098      0.990436     -0.000036      0.002025      0.000000      -3121.542658       3097.899322     11.016483      4.437691      0.009519      4.708156
      0.500000      0.990437     -0.000074      0.001280      0.000000      -3126.267290       3100.301549     11.160107      4.508816      0.009519      4.708156
      0.504902      0.990439     -0.000096      0.000622      0.000000      -3130.726653       3102.705476     11.303731      4.579942      0.009519      4.708156
      0.509804      0.990441     -0.000104      0.000077      0.000000      -3134.840723       3105.111615     11.447356      4.651068      0.009519      4.708156
      0.514706      0.990444     -0.000101     -0.000347      0.000000      -3138.579696       3107.520156     11.590981      4.722194      0.009519      4.708156
      0.519608      0.990446     -0.000089     -0.000651      0.000000      -3141.954374       3109.931028     11.734606      4.793320      0.009519      4.708156
      0.524510      0.990448     -0.000071     -0.000850      0.000000      -3145.006249       3112.343964     11.878232      4.864447      0.009519      4.708156
      0.529412      0.990449     -0.000050     -0.000965      0.000000      -3147.798203       3114.758561     12.021857      4.935574      0.009519      4.708156
      0.534314      0.990450     -0.000027     -0.001019      0.000000      -3150.406543       3117.174331     12.165483      5.006701      0.009519      4.708156
      0.539216      0.990451     -0.000004     -0.001041      0.000000      -3152.914873       3119.590741     12.309109      5.077828      0.009519      4.708156
      0.544118      0.990450      0.000021     -0.001057      0.000000      -3155.410105       3122.007234     12.452736      5.148956      0.009519      4.708156
      0.549020      0.990450      0.000045     -0.001098      0.000000      -3157.980782       3124.423245     12.596362      5.220083      0.009519      4.708156
      0.553922      0.990448      0.000072     -0.001191      0.000000      -3160.717779       3126.838193     12.739987      5.291210      0.009519      4.708156
      0.558824      0.990446      0.000101     -0.001368      0.000000      -3163.717428       3129.251463     12.883613      5.362337      0.009519      4.708156
      0.563725      0.990444      0.000136     -0.001663      0.000000      -3167.087128       3131.662367     13.027238      5.433463      0.009519      4.708156
      0.568627      0.990440      0.000179     -0.002116      0.000000      -3170.953612       3134.070091     13.170863      5.504589      0.009519      4.708156
      0.573529      0.990435      0.000235     -0.002777      0.000000      -3175.474173       3136.473626     13.314487      5.575714      0.009519      4.708156
      0.578431      0.990429      0.000309     -0.003711      0.000000      -3180.851354       3138.871667     13.458111      5.646839      0.009519      4.708156
      0.583333      0.990421      0.000409     -0.005000      0.000000      -3187.351816       3141.262491     13.601733      5.717963      0.009519      4.708156
      0.588235      0.990410      0.000544     -0.006759      0.000000      -3195.330352       3143.643799     13.745354      5.789085      0.009519      4.708156
      0.593137      0.990395      0.000726     -0.009135      0.000000      -3205.260168       3146.012507     13.888973      5.860205      0.009519      4.708156
      0.598039      0.990376      0.000972     -0.012328      0.000000      -3217.770586       3148.364485     14.032590      5.931323      0.009519      4.708156
      0.602941      0.990350      0.001303     -0.016600      0.000000      -3233.693066       3150.694226     14.176204      6.002438      0.009519      4.708156
      0.607843      0.990315      0.001749     -0.022293      0.000000      -3254.115470       3152.994433     14.319813      6.073548      0.009519      4.708156
      0.612745      0.990268      0.002346     -0.029851      0.000000      -3280.442499       3155.255516     14.463416      6.144653      0.009519      4.708156
      0.617647      0.990205      0.003145     -0.039834      0.000000      -3314.456350       3157.465010     14.607011      6.215749      0.009519      4.708156
      0.622549      0.990121      0.004209     -0.052937      0.000000      -3358.365093       3159.606935     14.750596      6.286835      0.009519      4.708156
      0.627451      0.990008      0.005619     -0.069993      0.000000      -3414.816329       3161.661188     14.894166      6.357906      0.009519      4.708156
      0.632353      0.989858      0.007478     -0.091956      0.000000      -3486.840728       3163.603082     15.037718      6.428958      0.009519      4.708156
      0.637255      0.989658      0.009909     -0.119844      0.000000      -3577.677221       3165.403295     15.181244      6.499984      0.009519      4.708156
      0.642157      0.989395      0.013062     -0.154632      0.000000      -3690.427399       3167.028516     15.324737      6.570975      0.009519      4.708156
      0.647059      0.989049      0.017106     -0.197084      0.000000      -3827.506331       3168.443184     15.468186      6.641919      0.009519      4.708156
      0.651961      0.988597      0.022221     -0.247519      0.000000      -3989.918738       3169.612585     15.611578      6.712800      0.009519      4.708156
      0.656863      0.988013      0.028590     -0.305578      0.000000      -4176.498468       3170.507274     15.754895      6.783599      0.009519      4.708156
      0.661765      0.987267      0.036376     -0.370056      0.000000      -4383.371746       3171.108226     15.898115      6.854288      0.009519      4.708156
      0.666667      0.986323      0.045705     -0.438897      0.000000      -4603.954062       3171.411465     16.041214      6.924835      0.009519      4.708156
      0.671569      0.985145      0.056647     -0.509418      0.000000      -4829.669735       3171.430597     16.184159      6.995197      0.009519      4.708156
      0.676471      0.983697      0.069209     -0.578726      0.000000      -5051.288105       3171.196073     16.326914      7.065325      0.009519      4.708156
      0.681373      0.981942      0.083331     -0.644201      0.000000      -5260.458355       3170.751104     16.469438      7.135161      0.009519      4.708156
      0.686275      0.979844      0.098900     -0.703871      0.000000      -5450.919865       3170.145446     16.611682      7.204637      0.009519      4.708156
      0.691176      0.977374      0.115767     -0.756589      0.000000      -5619.048479       3169.428936     16.753596      7.273679      0.009519      4.708156
      0.696078      0.974504      0.133766     -0.801991      0.000000      -5763.726504       3168.646409     16.895123      7.342205      0.009519      4.708156
      0.700980      0.971211      0.152731     -0.840323      0.000000      -5885.772620       3167.834765     17.036203      7.410130      0.009519      4.708156
      0.705882      0.967476      0.172504     -0.872216      0.000000      -5987.229602       3167.022087     17.176774      7.477365      0.009519      4.708156
      0.710784      0.963283      0.192948     -0.898485      0.000000      -6070.727732       3166.228209     17.316770      7.543817      0.009519      4.708156
      0.715686      0.958622      0.213941     -0.919991      0.000000      -6139.021644       3165.466047     17.456124      7.609395      0.009519      4.708156
      0.720588      0.953481      0.235383     -0.937544      0.000000      -6194.707266       3164.743157     17.594768      7.674007      0.009519      4.708156
      0.725490      0.947855      0.257191     -0.951861      0.000000      -6240.081111       3164.063193     17.732631      7.737563      0.009519      4.708156
      0.730392      0.941739      0.279299     -0.963553      0.000000      -6277.094385       3163.427117     17.869642      7.799975      0.009519      4.708156
      0.735294      0.935129      0.301651     -0.973126      0.000000      -6307.361779       3162.834132     18.005732      7.861157      0.009519      4.708156
      0.740196      0.928025      0.324204     -0.980992      0.000000      -6332.196848       3162.282365     18.140826      7.921030      0.009519      4.708156
      0.745098      0.920425      0.346921     -0.987482      0.000000      -6352.656786       3161.769339     18.274855      7.979514      0.009519      4.708156
      0.750000      0.912331      0.369776     -0.992861      0.000000      -6369.587182       3161.292295     18.407746      8.036538      0.009519      4.708156
      0.754902      0.903744      0.392743     -0.997343      0.000000      -6383.662345       3160.848404     18.539427      8.092033      0.009519      4.708156
      0.759804      0.894666      0.415806     -1.001094      0.000000      -6395.419624       3160.434892     18.669827      8.145938      0.009519      4.708156
      0.764706      0.885100      0.438948     -1.004250      0.000000      -6405.287640       3160.049118     18.798876      8.198196      0.009519      4.708156
      0.769608      0.875051      0.462157     -1.006919      0.000000      -6413.609020       3159.688617     18.926502      8.248755      0.009519      4.708156
      0.774510      0.864521      0.485422     -1.009186      0.000000      -6420.658475       3159.351113     19.052636      8.297570      0.009519      4.708156
      0.779412      0.853515      0.508736     -1.011123      0.000000      -6426.657047       3159.034525     19.177209      8.344603      0.009519      4.708156
      0.784314      0.842040      0.532092     -1.012784      0.000000      -6431.783304       3158.736962     19.300152      8.389821      0.009519      4.708156
      0.789216      0.830099      0.555483     -1.014215      0.000000      -6436.182112       3158.456708     19.421396      8.433198      0.009519      4.708156
      0.794118      0.817700      0.578905     -1.015453      0.000000      -6439.971508       3158.192216     19.540876      8.474714      0.009519      4.708156
      0.799020      0.804848      0.602354     -1.016530      0.000000      -6443.248094       3157.942085     19.658525      8.514355      0.009519      4.708156
      0.803922      0.791550      0.625825     -1.017470      0.000000      -6446.091288       3157.705052     19.774278      8.552115      0.009519      4.708156
      0.808824      0.777812      0.649317     -1.018293      0.000000      -6448.566663       3157.479979     19.888071      8.587994      0.009519      4.708156
      0.813725      0.763643      0.672827     -1.019017      0.000000      -6450.728597       3157.265835     19.999840      8.621995      0.009519      4.708156
      0.818627      0.749049      0.696353     -1.019655      0.000000      -6452.622380       3157.061687     20.109523      8.654132      0.009519      4.708156
      0.823529      0.734038      0.719892     -1.020221      0.000000      -6454.285886       3156.866694     20.217060      8.684422      0.009519      4.708156
      0.828431      0.718619      0.743444     -1.020724      0.000000      -6455.750917       3156.680088     20.322391      8.712888      0.009519      4.708156
      0.833333      0.702800      0.767007     -1.021173      0.000000      -6457.044283       3156.501173     20.425456      8.739559      0.009519      4.708156
      0.838235      0.686589      0.790580     -1.021574      0.000000      -6458.188667       3156.329316     20.526199      8.764469      0.009519      4.708156
      0.843137      0.669995      0.814161     -1.021934      0.000000      -6459.203334       3156.163938     20.624563      8.787659      0.009519      4.708156
      0.848039      0.653028      0.837750     -1.022258      0.000000      -6460.104706       3156.004508     20.720494      8.809171      0.009519      4.708156
      0.852941      0.635696      0.861346     -1.022550      0.000000      -6460.906824       3155.850540     20.813938      8.829054      0.009519      4.708156
      0.857843      0.618010      0.884949     -1.022815      0.000000      -6461.621738       3155.701588     20.904843      8.847362      0.009519      4.708156
      0.862745      0.599979      0.908558     -1.023055      0.000000      -6462.259817       3155.557238     20.993158      8.864151      0.009519      4.708156
      0.867647      0.581612      0.932172     -1.023274      0.000000      -6462.830017       3155.417108     21.078833      8.879480      0.009519      4.708156
      0.872549      0.562921      0.955790     -1.023474      0.000000      -6463.340090       3155.280846     21.161822      8.893412      0.009519      4.708156
      0.877451      0.543915      0.979413     -1.023656      0.000000      -6463.796770       3155.148120     21.242077      8.906014      0.009519      4.708156
      0.882353      0.524605      1.003041     -1.023824      0.000000      -6464.205918       3155.018622     21.319555      8.917353      0.009519      4.708156
      0.887255      0.505002      1.026671     -1.023978      0.000000      -6464.572654       3154.892065     21.394210      8.927498      0.009519      4.708156
      0.892157      0.485116      1.050306     -1.024120      0.000000      -6464.901454       3154.768177     21.466002      8.936521      0.009519      4.708156
      0.897059      0.464960      1.073943     -1.024252      0.000000      -6465.196249       3154.646701     21.534891      8.944494      0.009519      4.708156
      0.901961      0.444543      1.097583     -1.024374      0.000000      -6465.460494       3154.527397     21.600838      8.951488      0.009519      4.708156
      0.906863      0.423877      1.121226     -1.024488      0.000000      -6465.697234       3154.410032     21.663806      8.957578      0.009519      4.708156
      0.911765      0.402975      1.144872     -1.024593      0.000000      -6465.909156       3154.294388     21.723760      8.962835      0.009519      4.708156
      0.916667      0.381847      1.168520     -1.024692      0.000000      -6466.098640       3154.180255     21.780667      8.967331      0.009519      4.708156
      0.921569      0.360505      1.192170     -1.024785      0.000000      -6466.267796       3154.067430     21.834494      8.971136      0.009519      4.708156
      0.926471      0.338962      1.215822     -1.024872      0.000000      -6466.418496       3153.955719     21.885211      8.974320      0.009519      4.708156
      0.931373      0.317228      1.239477     -1.024955      0.000000      -6466.552408       3153.844933     21.932791      8.976949      0.009519      4.708156
      0.936275      0.295318      1.263133     -1.025032      0.000000      -6466.671018       3153.734890     21.977206      8.979088      0.009519      4.708156
      0.941176      0.273242      1.286790     -1.025106      0.000000      -6466.775651       3153.625412     22.018432      8.980799      0.009519      4.708156
      0.946078      0.251013      1.310450     -1.025176      0.000000      -6466.867493       3153.516323     22.056445      8.982141      0.009519      4.708156
      0.950980      0.228643      1.334111     -1.025243      0.000000      -6466.947607       3153.407455     22.091224      8.983169      0.009519      4.708156
      0.955882      0.206145      1.357773     -1.025308      0.000000      -6467.016944       3153.298639     22.122750      8.983935      0.009519      4.708156
      0.960784      0.183532      1.381437     -1.025369      0.000000      -6467.076359       3153.189711     22.151005      8.984487      0.009519      4.708156
      0.965686      0.160816      1.405103     -1.025429      0.000000      -6467.126622       3153.080507     22.175973      8.984868      0.009519      4.708156
      0.970588      0.138010      1.428770     -1.025486      0.000000      -6467.168426       3152.970866     22.197641      8.985118      0.009519      4.708156
      0.975490      0.115127      1.452438     -1.025542      0.000000      -6467.202397       3152.860629     22.215995      8.985270      0.009519      4.708156
      0.980392      0.092179      1.476107     -1.025597      0.000000      -6467.229102       3152.749637     22.231027      8.985354      0.009519      4.708156
      0.985294      0.069179      1.499777     -1.025650      0.000000      -6467.249060       3152.637731     22.242727      8.985393      0.009519      4.708156
      0.990196      0.046141      1.523449     -1.025702      0.000000      -6467.262747       3152.524756     22.251088      8.985408      0.009519      4.708156
      0.995098      0.023077      1.547122     -1.025753      0.000000      -6467.270612       3152.410555     22.256107      8.985412      0.009519      4.708156
      1.000000      0.000000      1.570796     -1.025800      0.000000      -6467.273091       3152.305628     22.257781      8.985412      0.009519      4.708156
