             t             r           psi            cs            qs                 p               sig             A             V            Q2             S
      0.000000      0.000000     -1.570796      0.850817      0.000000        -40.425250         23.756724      0.000000      0.000000     -0.347926      5.747495
      0.009804      0.056326     -1.522704      0.858720      0.000000        -40.435348         23.615851      0.009973      0.000007     -0.347926      5.747495
      0.019608      0.112521     -1.473993      0.870319      0.000000        -40.472883         23.404331      0.039869      0.000108     -0.347926      5.747495
      0.029412      0.168449     -1.424605      0.882814      0.000000        -40.541607         23.198522      0.089616      0.000549     -0.347926      5.747495
      0.039216      0.223967     -1.374479      0.896598      0.000000        -40.647812         22.997041      0.159097      0.001733     -0.347926      5.747495
      0.049020      0.278930     -1.323530      0.912089      0.000000        -40.799537         22.798584      0.248140      0.004226     -0.347926      5.747495
      0.058824      0.333183     -1.271649      0.929803      0.000000        -41.007170         22.601950      0.356521      0.008736     -0.347926      5.747495
      0.068627      0.386565     -1.218691      0.950396      0.000000        -41.284227         22.406066      0.483960      0.016112     -0.347926      5.747495
      0.078431      0.438906     -1.164473      0.974708      0.000000        -41.648414         22.210032      0.630121      0.027323     -0.347926      5.747495
      0.088235      0.490023     -1.108755      1.003831      0.000000        -42.123052         22.013201      0.794601      0.043440     -0.347926      5.747495
      0.098039      0.539716     -1.051228      1.039191      0.000000        -42.738986         21.815312      0.976933      0.065615     -0.347926      5.747495
      0.107843      0.587770     -0.991491      1.082654      0.000000        -43.537021         21.616716      1.176575      0.095054     -0.347926      5.747495
      0.117647      0.633939     -0.929020      1.136639      0.000000        -44.570812         21.418754      1.392904      0.132985     -0.347926      5.747495
      0.127451      0.677943     -0.863142      1.204194      0.000000        -45.909553         21.224406      1.625205      0.180626     -0.347926      5.747495
      0.137255      0.719457     -0.792991      1.288904      0.000000        -47.638361         21.039381      1.872655      0.239133     -0.347926      5.747495
      0.147059      0.758093     -0.717498      1.394297      0.000000        -49.850624         20.873925      2.134306      0.309539     -0.347926      5.747495
      0.156863      0.793386     -0.635437      1.521955      0.000000        -52.618453         20.745671      2.409059      0.392664     -0.347926      5.747495
      0.166667      0.824782     -0.545646      1.666863      0.000000        -55.913023         20.683644      2.695635      0.488977     -0.347926      5.747495
      0.176471      0.851653     -0.447635      1.808335      0.000000        -59.435987         20.732276      2.992545      0.598391     -0.347926      5.747495
      0.186275      0.873360     -0.342794      1.898791      0.000000        -62.374112         20.950752      3.298071      0.720008     -0.347926      5.747495
      0.196078      0.889423     -0.235969      1.866168      0.000000        -63.323152         21.397761      3.610294      0.851914     -0.347926      5.747495
      0.205882      0.899780     -0.135881      1.655657      0.000000        -60.912982         22.095581      3.927187      0.991264     -0.347926      5.747495
      0.215686      0.904977     -0.052327      1.291281      0.000000        -55.069985         22.995947      4.246808      1.134880     -0.347926      5.747495
      0.225490      0.906097      0.008619      0.872249      0.000000        -47.405194         23.992392      4.567510      1.280078     -0.347926      5.747495
      0.235294      0.904436      0.046820      0.496380      0.000000        -39.982843         24.976312      4.888078      1.425135     -0.347926      5.747495
      0.245098      0.901176      0.066258      0.209438      0.000000        -34.075028         25.879804      5.207744      1.569204     -0.347926      5.747495
      0.254902      0.897228      0.072138      0.013206      0.000000        -30.009864         26.678957      5.526111      1.711995     -0.347926      5.747495
      0.264706      0.893219      0.069135     -0.109136      0.000000        -27.589109         27.377311      5.843055      1.853501     -0.347926      5.747495
      0.274510      0.889541      0.060859     -0.177030      0.000000        -26.452547         27.990209      6.158630      1.993843     -0.347926      5.747495
      0.284314      0.886414      0.049899     -0.206754      0.000000        -26.252415         28.535798      6.472996      2.133194     -0.347926      5.747495
      0.294118      0.883937      0.038043     -0.210561      0.000000        -26.706369         29.031096      6.786368      2.271746     -0.347926      5.747495
      0.303922      0.882122      0.026487     -0.197362      0.000000        -27.599470         29.490720      7.098981      2.409688     -0.347926      5.747495
      0.313725      0.880932      0.015998     -0.173627      0.000000        -28.771251         29.926745      7.411064      2.547204     -0.347926      5.747495
      0.323529      0.880291      0.007028     -0.144106      0.000000        -30.101726         30.348951      7.722825      2.684458     -0.347926      5.747495
      0.333333      0.880107     -0.000200     -0.112327      0.000000        -31.500371         30.765125      8.034442      2.821594     -0.347926      5.747495
      0.343137      0.880280     -0.005638     -0.080913      0.000000        -32.898547         31.181342      8.346061      2.958732     -0.347926      5.747495
      0.352941      0.880710     -0.009362     -0.051779      0.000000        -34.244711         31.602169      8.657790      3.095963     -0.347926      5.747495
      0.362745      0.881306     -0.011541     -0.026248      0.000000        -35.501599         32.030837      8.969703      3.233352     -0.347926      5.747495
      0.372549      0.881986     -0.012403     -0.005129      0.000000        -36.644580         32.469375      9.281843      3.370941     -0.347926      5.747495
      0.382353      0.882684     -0.012209      0.011220      0.000000        -37.660507         32.918755      9.594230      3.508745     -0.347926      5.747495
      0.392157      0.883347     -0.011228      0.022827      0.000000        -38.546571         33.379042      9.906859      3.646764     -0.347926      5.747495
      0.401961      0.883939     -0.009719      0.030035      0.000000        -39.308857         33.849570     10.219710      3.784982     -0.347926      5.747495
      0.411765      0.884437     -0.007915      0.033413      0.000000        -39.960497         34.329132     10.532756      3.923373     -0.347926      5.747495
      0.421569      0.884829     -0.006012      0.033672      0.000000        -40.519518         34.816169     10.845958      4.061906     -0.347926      5.747495
      0.431373      0.885115     -0.004165      0.031579      0.000000        -41.006592         35.308963     11.159281      4.200547     -0.347926      5.747495
      0.441176      0.885302     -0.002484      0.027882      0.000000        -41.442939         35.805789     11.472688      4.339262     -0.347926      5.747495
      0.450980      0.885400     -0.001040      0.023261      0.000000        -41.848594         36.305045     11.786144      4.478023     -0.347926      5.747495
      0.460784      0.885424      0.000131      0.018289      0.000000        -42.241150         36.805334     12.099622      4.616802     -0.347926      5.747495
      0.470588      0.885390      0.001023      0.013417      0.000000        -42.635038         37.305519     12.413097      4.755579     -0.347926      5.747495
      0.480392      0.885314      0.001651      0.008974      0.000000        -43.041266         37.804729     12.726552      4.894339     -0.347926      5.747495
      0.490196      0.885209      0.002047      0.005178      0.000000        -43.467531         38.302354     13.039975      5.033069     -0.347926      5.747495
      0.500000      0.885087      0.002249      0.002151      0.000000        -43.918595         38.798013     13.353357      5.171764     -0.347926      5.747495
      0.509804      0.884958      0.002304     -0.000061      0.000000        -44.396810         39.291514     13.666695      5.310419     -0.347926      5.747495
      0.519608      0.884829      0.002258     -0.001463      0.000000        -44.902704         39.782809     13.979987      5.449033     -0.347926      5.747495
      0.529412      0.884704      0.002154     -0.002099      0.000000        -45.435580         40.271946     14.293234      5.587608     -0.347926      5.747495
      0.539216      0.884586      0.002034     -0.002031      0.000000        -45.994067         40.759030     14.606438      5.726145     -0.347926      5.747495
      0.549020      0.884475      0.001937     -0.001323      0.000000        -46.576632         41.244178     14.919601      5.864646     -0.347926      5.747495
      0.558824      0.884367      0.001896     -0.000032      0.000000        -47.182023         41.727486     15.232726      6.003113     -0.347926      5.747495
      0.568627      0.884259      0.001944      0.001801      0.000000        -47.809664         42.208997     15.545813      6.141546     -0.347926      5.747495
      0.578431      0.884146      0.002109      0.004163      0.000000        -48.460007         42.688669     15.858860      6.279944     -0.347926      5.747495
      0.588235      0.884019      0.002423      0.007073      0.000000        -49.134857         43.166352     16.171866      6.418306     -0.347926      5.747495
      0.598039      0.883869      0.002918      0.010588      0.000000        -49.837679         43.641755     16.484822      6.556624     -0.347926      5.747495
      0.607843      0.883686      0.003630      0.014809      0.000000        -50.573914         44.114428     16.797720      6.694890     -0.347926      5.747495
      0.617647      0.883455      0.004603      0.019888      0.000000        -51.351299         44.583723     17.110546      6.833091     -0.347926      5.747495
      0.627451      0.883161      0.005891      0.026029      0.000000        -52.180212         45.048766     17.423279      6.971210     -0.347926      5.747495
      0.637255      0.882784      0.007561      0.033499      0.000000        -53.074026         45.508415     17.735893      7.109223     -0.347926      5.747495
      0.647059      0.882301      0.009697      0.042632      0.000000        -54.049455         45.961222     18.048357      7.247100     -0.347926      5.747495
      0.656863      0.881681      0.012404      0.053831      0.000000        -55.126863         46.405380     18.360625      7.384803     -0.347926      5.747495
      0.666667      0.880890      0.015812      0.067574      0.000000        -56.330437         46.838679     18.672645      7.522281     -0.347926      5.747495
      0.676471      0.879883      0.020078      0.084409      0.000000        -57.688133         47.258457     18.984349      7.659472     -0.347926      5.747495
      0.686275      0.878607      0.025394      0.104948      0.000000        -59.231214         47.661570     19.295650      7.796296     -0.347926      5.747495
      0.696078      0.876998      0.031987      0.129847      0.000000        -60.993173         48.044374     19.606442      7.932652     -0.347926      5.747495
      0.705882      0.874974      0.040121      0.159769      0.000000        -63.007808         48.402758     19.916594      8.068414     -0.347926      5.747495
      0.715686      0.872443      0.050098      0.195335      0.000000        -65.306250         48.732228     20.225943      8.203425     -0.347926      5.747495
      0.725490      0.869290      0.062250      0.237047      0.000000        -67.912856         49.028068     20.534289      8.337487     -0.347926      5.747495
      0.735294      0.865385      0.076934      0.285203      0.000000        -70.840175         49.285597     20.841389      8.470356     -0.347926      5.747495
      0.745098      0.860575      0.094513      0.339794      0.000000        -74.083571         49.500505     21.146952      8.601733     -0.347926      5.747495
      0.754902      0.854689      0.115341      0.400426      0.000000        -77.616582         49.669265     21.450627      8.731255     -0.347926      5.747495
      0.764706      0.847540      0.139737      0.466263      0.000000        -81.388387         49.789550     21.751999      8.858485     -0.347926      5.747495
      0.774510      0.838923      0.167961      0.536036      0.000000        -85.324757         49.860596     22.050588      8.982911     -0.347926      5.747495
      0.784314      0.828629      0.200190      0.608128      0.000000        -89.333181         49.883412     22.345834      9.103943     -0.347926      5.747495
      0.794118      0.816442      0.236504      0.680715      0.000000        -93.311762         49.860782     22.637108      9.220921     -0.347926      5.747495
      0.803922      0.802156      0.276878      0.751963      0.000000        -97.160199         49.797044     22.923701      9.333125     -0.347926      5.747495
      0.813725      0.785574      0.321191      0.820216      0.000000       -100.790413         49.697667     23.204835      9.439801     -0.347926      5.747495
      0.823529      0.766524      0.369232      0.884143      0.000000       -104.134505         49.568731     23.479666      9.540192     -0.347926      5.747495
      0.833333      0.744859      0.420731      0.942827      0.000000       -107.148673         49.416398     23.747294      9.633572     -0.347926      5.747495
      0.843137      0.720464      0.475377      0.995772      0.000000       -109.813022         49.246460     24.006771      9.719291     -0.347926      5.747495
      0.852941      0.693261      0.532840      1.042858      0.000000       -112.128242         49.064030     24.257116      9.796814     -0.347926      5.747495
      0.862745      0.663209      0.592796      1.084262      0.000000       -114.110585         48.873366     24.497325      9.865761     -0.347926      5.747495
      0.872549      0.630305      0.654933      1.120367      0.000000       -115.786507         48.677818     24.726390      9.925938     -0.347926      5.747495
      0.882353      0.594582      0.718967      1.151677      0.000000       -117.187903         48.479871     24.943305      9.977353     -0.347926      5.747495
      0.892157      0.556111      0.784643      1.178749      0.000000       -118.348387         48.281233     25.147083     10.020233     -0.347926      5.747495
      0.901961      0.514994      0.851738      1.202146      0.000000       -119.300718         48.082950     25.336769     10.055013     -0.347926      5.747495
      0.911765      0.471365      0.920061      1.222405      0.000000       -120.075223         47.885518     25.511449     10.082322     -0.347926      5.747495
      0.921569      0.425388      0.989448      1.240019      0.000000       -120.698989         47.688989     25.670261     10.102954     -0.347926      5.747495
      0.931373      0.377250      1.059764      1.255430      0.000000       -121.195592         47.493057     25.812407     10.117827     -0.347926      5.747495
      0.941176      0.327164      1.130896      1.269030      0.000000       -121.585168         47.297131     25.937158     10.127936     -0.347926      5.747495
      0.950980      0.275364      1.202751      1.281160      0.000000       -121.884670         47.100387     26.043866     10.134303     -0.347926      5.747495
      0.960784      0.222102      1.275256      1.292121      0.000000       -122.108226         46.901816     26.131968     10.137914     -0.347926      5.747495
      0.970588      0.167646      1.348351      1.302178      0.000000       -122.267509         46.700251     26.200993     10.139670     -0.347926      5.747495
      0.980392      0.112279      1.421994      1.311569      0.000000       -122.372123         46.494400     26.250569     10.140336     -0.347926      5.747495
      0.990196      0.056296      1.496152      1.320552      0.000000       -122.429978         46.282867     26.280424     10.140491     -0.347926      5.747495
      1.000000      0.000000      1.570796      1.326836      0.000000       -122.445682         46.141994     26.290394     10.140502     -0.347926      5.747495
