             t             r           psi            cs            qs                 p               sig             A             V            Q2             S
      0.000000      0.000000     -1.570796     -0.792620      0.000000        -41.096104         25.924207     -0.000000      0.000000      0.084444      7.983225
      0.009804      0.078216     -1.508424     -0.803851      0.000000        -41.116655         25.685495      0.019238      0.000023      0.084444      7.983225
      0.019608      0.156124     -1.444918     -0.819210      0.000000        -41.191051         25.374131      0.076878      0.000376      0.084444      7.983225
      0.029412      0.233401     -1.380133     -0.836723      0.000000        -41.333544         25.070795      0.172688      0.001904      0.084444      7.983225
      0.039216      0.309704     -1.313859     -0.857478      0.000000        -41.566154         24.771221      0.306276      0.006009      0.084444      7.983225
      0.049020      0.384671     -1.245786     -0.882961      0.000000        -41.921015         24.471290      0.477073      0.014615      0.084444      7.983225
      0.058824      0.457906     -1.175467     -0.915330      0.000000        -42.446030         24.167068      0.684328      0.030117      0.084444      7.983225
      0.068627      0.528978     -1.102243     -0.957826      0.000000        -43.214194         23.854955      0.927084      0.055319      0.084444      7.983225
      0.078431      0.597393     -1.025142     -1.015467      0.000000        -44.339294         23.532106      1.204159      0.093344      0.084444      7.983225
      0.088235      0.662568     -0.942690     -1.096200      0.000000        -46.002372         23.197514      1.514108      0.147540      0.084444      7.983225
      0.098039      0.723778     -0.852622     -1.212709      0.000000        -48.494108         22.854719      1.855166      0.221349      0.084444      7.983225
      0.107843      0.780071     -0.751426     -1.384407      0.000000        -52.268700         22.518568      2.225162      0.318140      0.084444      7.983225
      0.117647      0.830119     -0.633839     -1.635261      0.000000        -57.934553         22.231926      2.621370      0.440896      0.084444      7.983225
      0.127451      0.872038     -0.493271     -1.965768      0.000000        -65.776038         22.103622      3.040281      0.591539      0.084444      7.983225
      0.137255      0.903352     -0.327295     -2.240354      0.000000        -73.551353         22.365695      3.477307      0.769359      0.084444      7.983225
      0.147059      0.921913     -0.154369     -2.068602      0.000000        -73.235051         23.320253      3.926649      0.968562      0.084444      7.983225
      0.156863      0.928321     -0.019812     -1.305563      0.000000        -59.414971         24.937392      4.382021      1.178533      0.084444      7.983225
      0.166667      0.926757      0.049171     -0.497666      0.000000        -42.061486         26.699039      4.838373      1.390193      0.084444      7.983225
      0.176471      0.921972      0.066819     -0.009391      0.000000        -30.792239         28.208308      5.292999      1.599943      0.084444      7.983225
      0.186275      0.916988      0.057908      0.201446      0.000000        -26.097031         29.413295      5.745138      1.807374      0.084444      7.983225
      0.196078      0.913156      0.039412      0.252564      0.000000        -25.585405         30.397721      6.195079      2.012961      0.084444      7.983225
      0.205882      0.910830      0.020412      0.224393      0.000000        -27.291504         31.251790      6.643505      2.217320      0.084444      7.983225
      0.215686      0.909862      0.005131      0.163229      0.000000        -29.987000         32.043415      7.091132      2.421028      0.084444      7.983225
      0.225490      0.909891     -0.004982      0.095657      0.000000        -32.929295         32.818949      7.538546      2.624558      0.084444      7.983225
      0.235294      0.910510     -0.010077      0.036840      0.000000        -35.670775         33.607617      7.986135      2.828242      0.084444      7.983225
      0.245098      0.911364     -0.011178     -0.005704      0.000000        -37.967009         34.424938      8.434098      3.032262      0.084444      7.983225
      0.254902      0.912191     -0.009659     -0.030187      0.000000        -39.734222         35.275496      8.882484      3.236667      0.084444      7.983225
      0.264706      0.912843     -0.006865     -0.038919      0.000000        -41.014311         36.155942      9.331238      3.441411      0.084444      7.983225
      0.274510      0.913261     -0.003859     -0.036474      0.000000        -41.929428         37.058359      9.780255      3.646400      0.084444      7.983225
      0.284314      0.913459     -0.001315     -0.027903      0.000000        -42.630628         37.973495     10.229422      3.851529      0.084444      7.983225
      0.294118      0.913487      0.000461     -0.017443      0.000000        -43.254996         38.893170     10.678642      4.056707      0.084444      7.983225
      0.303922      0.913408      0.001441     -0.007929      0.000000        -43.901361         39.811547     11.127847      4.261871      0.084444      7.983225
      0.313725      0.913279      0.001765     -0.000795      0.000000        -44.624796         40.725368     11.576999      4.466986      0.084444      7.983225
      0.323529      0.913143      0.001638      0.003606      0.000000        -45.443483         41.633538     12.026084      4.672040      0.084444      7.983225
      0.333333      0.913029      0.001264      0.005588      0.000000        -46.350556         42.536444     12.475107      4.877038      0.084444      7.983225
      0.343137      0.912947      0.000810      0.005782      0.000000        -47.325822         43.435276     12.924081      5.081991      0.084444      7.983225
      0.352941      0.912901      0.000388      0.004877      0.000000        -48.344907         44.331484     13.373025      5.286916      0.084444      7.983225
      0.362745      0.912884      0.000059      0.003473      0.000000        -49.385249         45.226416     13.821953      5.491827      0.084444      7.983225
      0.372549      0.912889     -0.000155      0.002014      0.000000        -50.429284         46.121127     14.270878      5.696736      0.084444      7.983225
      0.382353      0.912906     -0.000262      0.000773      0.000000        -51.465488         47.016308     14.719809      5.901649      0.084444      7.983225
      0.392157      0.912928     -0.000285     -0.000124      0.000000        -52.487994         47.912311     15.168750      6.106572      0.084444      7.983225
      0.401961      0.912949     -0.000252     -0.000659      0.000000        -53.495417         48.809217     15.617702      6.311505      0.084444      7.983225
      0.411765      0.912966     -0.000190     -0.000882      0.000000        -54.489389         49.706930     16.066663      6.516446      0.084444      7.983225
      0.421569      0.912978     -0.000120     -0.000877      0.000000        -55.473149         50.605254     16.515631      6.721394      0.084444      7.983225
      0.431373      0.912985     -0.000056     -0.000732      0.000000        -56.450407         51.503967     16.964605      6.926346      0.084444      7.983225
      0.441176      0.912988     -0.000007     -0.000524      0.000000        -57.424562         52.402866     17.413580      7.131301      0.084444      7.983225
      0.450980      0.912987      0.000026     -0.000309      0.000000        -58.398269         53.301791     17.862556      7.336255      0.084444      7.983225
      0.460784      0.912984      0.000042     -0.000126      0.000000        -59.373288         54.200638     18.311530      7.541209      0.084444      7.983225
      0.470588      0.912980      0.000047      0.000010      0.000000        -60.350538         55.099352     18.760503      7.746161      0.084444      7.983225
      0.480392      0.912977      0.000042      0.000094      0.000000        -61.330265         55.997917     19.209475      7.951112      0.084444      7.983225
      0.490196      0.912974      0.000033      0.000133      0.000000        -62.312247         56.896348     19.658445      8.156061      0.084444      7.983225
      0.500000      0.912972      0.000022      0.000137      0.000000        -63.296006         57.794672     20.107413      8.361009      0.084444      7.983225
      0.509804      0.912970      0.000012      0.000117      0.000000        -64.280974         58.692923     20.556381      8.565956      0.084444      7.983225
      0.519608      0.912970      0.000004      0.000086      0.000000        -65.266612         59.591135     21.005348      8.770903      0.084444      7.983225
      0.529412      0.912970     -0.000001      0.000051      0.000000        -66.252492         60.489332     21.454315      8.975850      0.084444      7.983225
      0.539216      0.912970     -0.000004      0.000017      0.000000        -67.238323         61.387532     21.903282      9.180796      0.084444      7.983225
      0.549020      0.912970     -0.000004     -0.000012      0.000000        -68.223963         62.285743     22.352249      9.385743      0.084444      7.983225
      0.558824      0.912970     -0.000002     -0.000038      0.000000        -69.209399         63.183967     22.801217      9.590690      0.084444      7.983225
      0.568627      0.912970      0.000002     -0.000060      0.000000        -70.194739         64.082196     23.250184      9.795637      0.084444      7.983225
      0.578431      0.912970      0.000008     -0.000084      0.000000        -71.180188         64.980419     23.699151     10.000584      0.084444      7.983225
      0.588235      0.912969      0.000015     -0.000113      0.000000        -72.166052         65.878617     24.148118     10.205531      0.084444      7.983225
      0.598039      0.912968      0.000025     -0.000153      0.000000        -73.152744         66.776765     24.597085     10.410477      0.084444      7.983225
      0.607843      0.912965      0.000040     -0.000213      0.000000        -74.140827         67.674830     25.046050     10.615422      0.084444      7.983225
      0.617647      0.912961      0.000060     -0.000303      0.000000        -75.131071         68.572766     25.495014     10.820366      0.084444      7.983225
      0.627451      0.912956      0.000088     -0.000439      0.000000        -76.124567         69.470507     25.943976     11.025308      0.084444      7.983225
      0.637255      0.912947      0.000130     -0.000641      0.000000        -77.122881         70.367959     26.392934     11.230246      0.084444      7.983225
      0.647059      0.912935      0.000191     -0.000938      0.000000        -78.128286         71.264987     26.841887     11.435180      0.084444      7.983225
      0.656863      0.912917      0.000280     -0.001375      0.000000        -79.144104         72.161391     27.290832     11.640107      0.084444      7.983225
      0.666667      0.912890      0.000411     -0.002013      0.000000        -80.175188         73.056879     27.739767     11.845024      0.084444      7.983225
      0.676471      0.912851      0.000603     -0.002942      0.000000        -81.228624         73.951025     28.188686     12.049927      0.084444      7.983225
      0.686275      0.912793      0.000883     -0.004291      0.000000        -82.314726         74.843209     28.637581     12.254808      0.084444      7.983225
      0.696078      0.912709      0.001290     -0.006245      0.000000        -83.448443         75.732526     29.086442     12.459657      0.084444      7.983225
      0.705882      0.912586      0.001883     -0.009069      0.000000        -84.651333         76.617669     29.535252     12.664461      0.084444      7.983225
      0.715686      0.912407      0.002742     -0.013136      0.000000        -85.954257         77.496752     29.983989     12.869197      0.084444      7.983225
      0.725490      0.912147      0.003985     -0.018971      0.000000        -87.400985         78.367074     30.432620     13.073835      0.084444      7.983225
      0.735294      0.911769      0.005777     -0.027301      0.000000        -89.052786         79.224803     30.881095     13.278331      0.084444      7.983225
      0.745098      0.911222      0.008350     -0.039117      0.000000        -90.993842         80.064558     31.329346     13.482619      0.084444      7.983225
      0.754902      0.910434      0.012025     -0.055733      0.000000        -93.336783         80.878908     31.777271     13.686605      0.084444      7.983225
      0.764706      0.909300      0.017242     -0.078828      0.000000        -96.226503         81.657821     32.224729     13.890155      0.084444      7.983225
      0.774510      0.907679      0.024586     -0.110431      0.000000        -99.838667         82.388174     32.671516     14.093073      0.084444      7.983225
      0.784314      0.905377      0.034809     -0.152781      0.000000       -104.367089         83.053568     33.117348     14.295079      0.084444      7.983225
      0.794118      0.902133      0.048837     -0.207993      0.000000       -109.992766         83.634809     33.561829     14.495776      0.084444      7.983225
      0.803922      0.897609      0.067740     -0.277475      0.000000       -116.830147         84.111520     34.004415     14.694603      0.084444      7.983225
      0.813725      0.891382      0.092644     -0.361166      0.000000       -124.857145         84.465163     34.444376     14.890782      0.084444      7.983225
      0.823529      0.882946      0.124590     -0.456862      0.000000       -133.854804         84.683167     34.880755     15.083264      0.084444      7.983225
      0.833333      0.871731      0.164356     -0.560067      0.000000       -143.397778         84.762931     35.312326     15.270674      0.084444      7.983225
      0.843137      0.857132      0.212297     -0.664708      0.000000       -152.925085         84.713830     35.737575     15.451303      0.084444      7.983225
      0.852941      0.838558      0.268279     -0.764543      0.000000       -161.874363         84.555856     36.154690     15.623139      0.084444      7.983225
      0.862745      0.815477      0.331718     -0.854636      0.000000       -169.816123         84.315275     36.561583     15.783983      0.084444      7.983225
      0.872549      0.787456      0.401729     -0.932193      0.000000       -176.524579         84.019219     36.955926     15.931617      0.084444      7.983225
      0.882353      0.754191      0.477292     -0.996540      0.000000       -181.968607         83.691378     37.335210     16.064030      0.084444      7.983225
      0.892157      0.715516      0.557399     -1.048544      0.000000       -186.252587         83.349822     37.696809     16.179639      0.084444      7.983225
      0.901961      0.671400      0.641146     -1.089886      0.000000       -189.548108         83.006743     38.038050     16.277485      0.084444      7.983225
      0.911765      0.621944      0.727775     -1.122492      0.000000       -192.041827         82.669316     38.356276     16.357357      0.084444      7.983225
      0.921569      0.567362      0.816674     -1.148187      0.000000       -193.905463         82.340926     38.648911     16.419846      0.084444      7.983225
      0.931373      0.507972      0.907366     -1.168540      0.000000       -195.283313         82.022307     38.913506     16.466308      0.084444      7.983225
      0.941176      0.444181      0.999484     -1.184830      0.000000       -196.290287         81.712428     39.147795     16.498751      0.084444      7.983225
      0.950980      0.376470      1.092752     -1.198068      0.000000       -197.014948         81.409099     39.349729     16.519654      0.084444      7.983225
      0.960784      0.305387      1.186964     -1.209045      0.000000       -197.524208         81.109365     39.517512     16.531736      0.084444      7.983225
      0.970588      0.231535      1.281966     -1.218379      0.000000       -197.868019         80.809734     39.649632     16.537702      0.084444      7.983225
      0.980392      0.155560      1.377651     -1.226560      0.000000       -198.083428         80.506318     39.744885     16.539988      0.084444      7.983225
      0.990196      0.078144      1.473945     -1.233997      0.000000       -198.197861         80.194921     39.802394     16.540527      0.084444      7.983225
      1.000000      0.000000      1.570796     -1.239615      0.000000       -198.229858         79.956206     39.821623     16.540563      0.084444      7.983225
