             t             r           psi            cs            qs                 p               sig             A             V            Q2             S
      0.000000      0.000000     -1.570796      0.991939      0.000000      -5081.500056       2561.396170      0.000000      0.000000     -0.030775      7.716643
      0.009804      0.075582     -1.495748      0.992101      0.000000      -5081.526279       2561.121596      0.017972      0.000025     -0.030775      7.716643
      0.019608      0.150739     -1.420684      0.992316      0.000000      -5081.621024       2560.758878      0.071788      0.000405     -0.030775      7.716643
      0.029412      0.225047     -1.345603      0.992555      0.000000      -5081.801334       2560.401614      0.161144      0.002033     -0.030775      7.716643
      0.039216      0.298087     -1.270503      0.992830      0.000000      -5082.093208       2560.044065      0.285536      0.006342     -0.030775      7.716643
      0.049020      0.369447     -1.195380      0.993157      0.000000      -5082.533793       2559.680176      0.444265      0.015224     -0.030775      7.716643
      0.058824      0.438723     -1.120230      0.993559      0.000000      -5083.177177       2559.303359      0.636435      0.030925     -0.030775      7.716643
      0.068627      0.505524     -1.045045      0.994071      0.000000      -5084.103730       2558.906163      0.860962      0.055913     -0.030775      7.716643
      0.078431      0.569472     -0.969816      0.994739      0.000000      -5085.435747       2558.479813      1.116579      0.092738     -0.030775      7.716643
      0.088235      0.630201     -0.894529      0.995641      0.000000      -5087.364638       2558.013518      1.401842      0.143879     -0.030775      7.716643
      0.098039      0.687365     -0.819160      0.996899      0.000000      -5090.200170       2557.493450      1.715138      0.211598     -0.030775      7.716643
      0.107843      0.740635     -0.743677      0.998716      0.000000      -5094.463920       2556.901181      2.054695      0.297795     -0.030775      7.716643
      0.117647      0.789699     -0.668025      1.001453      0.000000      -5101.076786       2556.211208      2.418585      0.403881     -0.030775      7.716643
      0.127451      0.834265     -0.592111      1.005781      0.000000      -5111.760728       2555.386966      2.804739      0.530677     -0.030775      7.716643
      0.137255      0.874055     -0.515771      1.013047      0.000000      -5129.969660       2554.374287      3.210954      0.678331     -0.030775      7.716643
      0.147059      0.908801     -0.438685      1.026196      0.000000      -5163.257773       2553.091183      3.634894      0.846272     -0.030775      7.716643
      0.156863      0.938226     -0.360180      1.052387      0.000000      -5229.986249       2551.416265      4.074097      1.033193     -0.030775      7.716643
      0.166667      0.962002     -0.278658      1.111145      0.000000      -5380.228410       2549.212291      4.525960      1.237053     -0.030775      7.716643
      0.176471      0.979626     -0.189920      1.256477      0.000000      -5752.835156       2546.718948      4.987689      1.455079     -0.030775      7.716643
      0.186275      0.990126     -0.085707      1.472678      0.000000      -6316.197303       2547.939162      5.456154      1.683590     -0.030775      7.716643
      0.196078      0.992776      0.005428      0.698639      0.000000      -4375.447792       2564.889299      5.927713      1.917264     -0.030775      7.716643
      0.205882      0.991338      0.022881     -0.073179      0.000000      -2415.066022       2582.145071      6.399330      2.151178     -0.030775      7.716643
      0.215686      0.989998      0.011376     -0.174843      0.000000      -2164.300440       2591.371587      6.870202      2.384362     -0.030775      7.716643
      0.225490      0.989584      0.000500     -0.102893      0.000000      -2357.822217       2597.772459      7.340661      2.617168     -0.030775      7.716643
      0.235294      0.989755     -0.003965     -0.019152      0.000000      -2581.015719       2603.956073      7.811081      2.849942     -0.030775      7.716643
      0.245098      0.990056     -0.003427      0.025348      0.000000      -2703.259815       2610.872998      8.281629      3.082840     -0.030775      7.716643
      0.254902      0.990233     -0.001217      0.027681      0.000000      -2716.841829       2618.531144      8.752295      3.315856     -0.030775      7.716643
      0.264706      0.990259      0.000309      0.011870      0.000000      -2683.507713       2626.495893      9.223007      3.548919     -0.030775      7.716643
      0.274510      0.990216      0.000670     -0.000923      0.000000      -2658.006924       2634.410098      9.693712      3.781974     -0.030775      7.716643
      0.284314      0.990174      0.000399     -0.004924      0.000000      -2655.386217       2642.175616     10.164394      4.015007     -0.030775      7.716643
      0.294118      0.990157      0.000063     -0.003437      0.000000      -2667.081425       2649.847237     10.635063      4.248027     -0.030775      7.716643
      0.303922      0.990160     -0.000096     -0.000863      0.000000      -2681.616735       2657.500142     11.105728      4.481043     -0.030775      7.716643
      0.313725      0.990168     -0.000097      0.000584      0.000000      -2693.194062       2665.172547     11.576397      4.714063     -0.030775      7.716643
      0.323529      0.990173     -0.000040      0.000766      0.000000      -2701.440011       2672.866877     12.047069      4.947085     -0.030775      7.716643
      0.333333      0.990174      0.000004      0.000379      0.000000      -2708.187628       2680.571057     12.517742      5.180110     -0.030775      7.716643
      0.343137      0.990173      0.000018      0.000015      0.000000      -2714.993927       2688.274852     12.988415      5.413134     -0.030775      7.716643
      0.352941      0.990172      0.000012     -0.000127      0.000000      -2722.392405       2695.974755     13.459088      5.646157     -0.030775      7.716643
      0.362745      0.990171      0.000003     -0.000104      0.000000      -2730.228486       2703.671781     13.929760      5.879180     -0.030775      7.716643
      0.372549      0.990171     -0.000002     -0.000034      0.000000      -2738.188213       2711.367995     14.400432      6.112204     -0.030775      7.716643
      0.382353      0.990172     -0.000003      0.000011      0.000000      -2746.084124       2719.064628     14.871104      6.345227     -0.030775      7.716643
      0.392157      0.990172     -0.000001      0.000021      0.000000      -2753.885026       2726.761886     15.341777      6.578250     -0.030775      7.716643
      0.401961      0.990172     -0.000000      0.000013      0.000000      -2761.635173       2734.459478     15.812449      6.811273     -0.030775      7.716643
      0.411765      0.990172      0.000000      0.000002      0.000000      -2769.380514       2742.157101     16.283121      7.044296     -0.030775      7.716643
      0.421569      0.990172      0.000000     -0.000003      0.000000      -2777.140733       2749.854626     16.753794      7.277320     -0.030775      7.716643
      0.431373      0.990172      0.000000     -0.000003      0.000000      -2784.914378       2757.552063     17.224466      7.510343     -0.030775      7.716643
      0.441176      0.990172     -0.000000     -0.000001      0.000000      -2792.693087       2765.249466     17.695138      7.743366     -0.030775      7.716643
      0.450980      0.990172     -0.000000      0.000000      0.000000      -2800.470831       2772.946877     18.165811      7.976389     -0.030775      7.716643
      0.460784      0.990172     -0.000000      0.000001      0.000000      -2808.245949       2780.644304     18.636483      8.209412     -0.030775      7.716643
      0.470588      0.990172     -0.000000      0.000000      0.000000      -2816.019354       2788.341742     19.107155      8.442436     -0.030775      7.716643
      0.480392      0.990172      0.000000      0.000000      0.000000      -2823.792377       2796.039183     19.577828      8.675459     -0.030775      7.716643
      0.490196      0.990172      0.000000     -0.000000      0.000000      -2831.565730       2803.736622     20.048500      8.908482     -0.030775      7.716643
      0.500000      0.990172      0.000000     -0.000000      0.000000      -2839.339486       2811.434059     20.519172      9.141505     -0.030775      7.716643
      0.509804      0.990172     -0.000000     -0.000000      0.000000      -2847.113440       2819.131494     20.989844      9.374528     -0.030775      7.716643
      0.519608      0.990172     -0.000000     -0.000000      0.000000      -2854.887400       2826.828928     21.460517      9.607552     -0.030775      7.716643
      0.529412      0.990172     -0.000000      0.000000      0.000000      -2862.661294       2834.526364     21.931189      9.840575     -0.030775      7.716643
      0.539216      0.990172     -0.000000      0.000000      0.000000      -2870.435130       2842.223800     22.401861     10.073598     -0.030775      7.716643
      0.549020      0.990172      0.000000      0.000000      0.000000      -2878.208947       2849.921235     22.872534     10.306621     -0.030775      7.716643
      0.558824      0.990172      0.000000     -0.000000      0.000000      -2885.982769       2857.618671     23.343206     10.539645     -0.030775      7.716643
      0.568627      0.990172      0.000000     -0.000000      0.000000      -2893.756603       2865.316107     23.813878     10.772668     -0.030775      7.716643
      0.578431      0.990172      0.000000     -0.000000      0.000000      -2901.530445       2873.013543     24.284551     11.005691     -0.030775      7.716643
      0.588235      0.990172      0.000000      0.000000      0.000000      -2909.304288       2880.710978     24.755223     11.238714     -0.030775      7.716643
      0.598039      0.990172      0.000000      0.000000      0.000000      -2917.078134       2888.408414     25.225895     11.471737     -0.030775      7.716643
      0.607843      0.990172      0.000000      0.000000      0.000000      -2924.851984       2896.105850     25.696567     11.704761     -0.030775      7.716643
      0.617647      0.990172      0.000000      0.000000      0.000000      -2932.625852       2903.803285     26.167240     11.937784     -0.030775      7.716643
      0.627451      0.990172      0.000000      0.000000      0.000000      -2940.399771       2911.500720     26.637912     12.170807     -0.030775      7.716643
      0.637255      0.990172      0.000000      0.000000      0.000000      -2948.173823       2919.198155     27.108584     12.403830     -0.030775      7.716643
      0.647059      0.990172      0.000000      0.000000      0.000000      -2955.948230       2926.895587     27.579257     12.636853     -0.030775      7.716643
      0.656863      0.990172      0.000000      0.000001      0.000000      -2963.723577       2934.593012     28.049929     12.869877     -0.030775      7.716643
      0.666667      0.990172      0.000000      0.000002      0.000000      -2971.501419       2942.290422     28.520601     13.102900     -0.030775      7.716643
      0.676471      0.990172      0.000000      0.000006      0.000000      -2979.285873       2949.987788     28.991274     13.335923     -0.030775      7.716643
      0.686275      0.990172      0.000001      0.000015      0.000000      -2987.087833       2957.685038     29.461946     13.568946     -0.030775      7.716643
      0.696078      0.990172      0.000003      0.000040      0.000000      -2994.936107       2965.381985     29.932618     13.801969     -0.030775      7.716643
      0.705882      0.990171      0.000008      0.000106      0.000000      -3002.906794       2973.078126     30.403290     14.034992     -0.030775      7.716643
      0.715686      0.990170      0.000022      0.000281      0.000000      -3011.200687       2980.772143     30.873962     14.268015     -0.030775      7.716643
      0.725490      0.990167      0.000058      0.000739      0.000000      -3020.346729       2988.460554     31.344633     14.501037     -0.030775      7.716643
      0.735294      0.990160      0.000152      0.001944      0.000000      -3031.734232       2996.134210     31.815302     14.734057     -0.030775      7.716643
      0.745098      0.990141      0.000400      0.005097      0.000000      -3048.989229       3003.769146     32.285964     14.967070     -0.030775      7.716643
      0.754902      0.990090      0.001047      0.013279      0.000000      -3081.431419       3011.303243     32.756612     15.200069     -0.030775      7.716643
      0.764706      0.989957      0.002720      0.034092      0.000000      -3152.099641       3018.579382     33.227218     15.433027     -0.030775      7.716643
      0.774510      0.989615      0.006939      0.084484      0.000000      -3312.477416       3025.224150     33.697720     15.665878     -0.030775      7.716643
      0.784314      0.988762      0.016979      0.193346      0.000000      -3650.408921       3030.477028     34.167955     15.898453     -0.030775      7.716643
      0.794118      0.986764      0.038222      0.380328      0.000000      -4225.353205       3033.273866     34.637546     16.130321     -0.030775      7.716643
      0.803922      0.982572      0.075515      0.604672      0.000000      -4912.216300       3033.152325     35.105713     16.360504     -0.030775      7.716643
      0.813725      0.974953      0.128563      0.785866      0.000000      -5465.330968       3031.088094     35.571121     16.587161     -0.030775      7.716643
      0.823529      0.962911      0.192572      0.895419      0.000000      -5798.829302       3028.519931     36.031886     16.807600     -0.030775      7.716643
      0.833333      0.945866      0.262752      0.953561      0.000000      -5975.284980       3026.215777     36.485755     17.018680     -0.030775      7.716643
      0.843137      0.923567      0.336159      0.983862      0.000000      -6066.892900       3024.348747     36.930277     17.217274     -0.030775      7.716643
      0.852941      0.895962      0.411270      1.000193      0.000000      -6115.999044       3022.869734     37.362938     17.400594     -0.030775      7.716643
      0.862745      0.863115      0.487319      1.009446      0.000000      -6143.607199       3021.689451     37.781226     17.566391     -0.030775      7.716643
      0.872549      0.825168      0.563913      1.014967      0.000000      -6159.893922       3020.730397     38.182683     17.713075     -0.030775      7.716643
      0.882353      0.782315      0.640839      1.018421      0.000000      -6169.925574       3019.934421     38.564926     17.839773     -0.030775      7.716643
      0.892157      0.734792      0.717977      1.020678      0.000000      -6176.335711       3019.259486     38.925680     17.946348     -0.030775      7.716643
      0.901961      0.682872      0.795256      1.022209      0.000000      -6180.557566       3018.675228     39.262787     18.033365     -0.030775      7.716643
      0.911765      0.626858      0.872633      1.023284      0.000000      -6183.405890       3018.159388     39.574229     18.102032     -0.030775      7.716643
      0.921569      0.567082      0.950079      1.024062      0.000000      -6185.362574       3017.695270     39.858137     18.154095     -0.030775      7.716643
      0.931373      0.503898      1.027575      1.024643      0.000000      -6186.722888       3017.269992     40.112807     18.191715     -0.030775      7.716643
      0.941176      0.437685      1.105111      1.025089      0.000000      -6187.673489       3016.873285     40.336707     18.217321     -0.030775      7.716643
      0.950980      0.368839      1.182676      1.025441      0.000000      -6188.335649       3016.496664     40.528492     18.233453     -0.030775      7.716643
      0.960784      0.297772      1.260265      1.025728      0.000000      -6188.790056       3016.132838     40.687006     18.242599     -0.030775      7.716643
      0.970588      0.224913      1.337874      1.025969      0.000000      -6189.091515       3015.775300     40.811296     18.247044     -0.030775      7.716643
      0.980392      0.150699      1.415500      1.026179      0.000000      -6189.277920       3015.418034     40.900614     18.248725     -0.030775      7.716643
      0.990196      0.075577      1.493142      1.026368      0.000000      -6189.375925       3015.055314     40.954420     18.249118     -0.030775      7.716643
      1.000000     -0.000000      1.570796      1.026510      0.000000      -6189.403058       3014.780740     40.972392     18.249145     -0.030775      7.716643
