             t             r           psi            cs            qs                 p               sig             A             V            Q2             S
      0.000000      0.000000     -1.570796      0.925204      0.000000       -119.163902         64.398734      0.000000     -0.000000     -0.236037      6.015215
      0.009804      0.058943     -1.516159      0.928889      0.000000       -119.176674         64.233510      0.010923      0.000009     -0.236037      6.015215
      0.019608      0.117710     -1.461226      0.934175      0.000000       -119.223834         63.989973      0.043660      0.000140     -0.236037      6.015215
      0.029412      0.176122     -1.405970      0.939842      0.000000       -119.310531         63.752091      0.098111      0.000709     -0.236037      6.015215
      0.039216      0.233996     -1.350365      0.946076      0.000000       -119.445146         63.517898      0.174112      0.002231     -0.236037      6.015215
      0.049020      0.291152     -1.294370      0.953079      0.000000       -119.638544         63.285471      0.271430      0.005410     -0.236037      6.015215
      0.058824      0.347402     -1.237933      0.961103      0.000000       -119.904976         63.052919      0.389765      0.011121     -0.236037      6.015215
      0.068627      0.402560     -1.180986      0.970469      0.000000       -120.263308         62.818387      0.528746      0.020383     -0.236037      6.015215
      0.078431      0.456435     -1.123436      0.981598      0.000000       -120.738751         62.580067      0.687933      0.034335     -0.236037      6.015215
      0.088235      0.508833     -1.065165      0.995045      0.000000       -121.365320         62.336217      0.866815      0.054194     -0.236037      6.015215
      0.098039      0.559554     -1.006015      1.011560      0.000000       -122.189371         62.085231      1.064808      0.081228     -0.236037      6.015215
      0.107843      0.608392     -0.945776      1.032167      0.000000       -123.274673         61.825761      1.281253      0.116710     -0.236037      6.015215
      0.117647      0.655128     -0.884168      1.058274      0.000000       -124.709647         61.556978      1.515411      0.161879     -0.236037      6.015215
      0.127451      0.699528     -0.820812      1.091831      0.000000       -126.617343         61.279069      1.766462      0.217895     -0.236037      6.015215
      0.137255      0.741338     -0.755193      1.135516      0.000000       -129.168132         60.994192      2.033493      0.285790     -0.236037      6.015215
      0.147059      0.780269     -0.686614      1.192894      0.000000       -132.592204         60.708301      2.315492      0.366425     -0.236037      6.015215
      0.156863      0.815986     -0.614142      1.268311      0.000000       -137.179473         60.434617      2.611332      0.460423     -0.236037      6.015215
      0.166667      0.848091     -0.536587      1.365770      0.000000       -143.226406         60.200063      2.919751      0.568102     -0.236037      6.015215
      0.176471      0.876106     -0.452622      1.484812      0.000000       -150.818914         60.056357      3.239325      0.689363     -0.236037      6.015215
      0.186275      0.899475     -0.361326      1.609498      0.000000       -159.221228         60.095502      3.568436      0.823532     -0.236037      6.015215
      0.196078      0.917620     -0.263649      1.688752      0.000000       -165.708066         60.458174      3.905255      0.969147     -0.236037      6.015215
      0.205882      0.930137     -0.164871      1.629733      0.000000       -164.903345         61.296341      4.247762      1.123782     -0.236037      6.015215
      0.215686      0.937132     -0.075626      1.362279      0.000000       -152.013397         62.651976      4.593869      1.284234     -0.236037      6.015215
      0.225490      0.939452     -0.007226      0.944312      0.000000       -129.262009         64.349988      4.941665      1.447302     -0.236037      6.015215
      0.235294      0.938489      0.035757      0.524316      0.000000       -105.037475         66.095475      5.289666      1.610686     -0.236037      6.015215
      0.245098      0.935673      0.056594      0.201925      0.000000        -85.875965         67.674127      5.636927      1.773220     -0.236037      6.015215
      0.254902      0.932123      0.061826     -0.007044      0.000000        -73.412614         69.014580      5.982979      1.934521     -0.236037      6.015215
      0.264706      0.928572      0.057536     -0.125875      0.000000        -66.575365         70.133499      6.327699      2.094581     -0.236037      6.015215
      0.274510      0.925439      0.048196     -0.182589      0.000000        -63.736778         71.077316      6.671171      2.253548     -0.236037      6.015215
      0.284314      0.922929      0.036788     -0.199046      0.000000        -63.534560         71.893854      7.013594      2.411625     -0.236037      6.015215
      0.294118      0.921104      0.025210     -0.190388      0.000000        -64.992210         72.623457      7.355214      2.569028     -0.236037      6.015215
      0.303922      0.919937      0.014623     -0.166853      0.000000        -67.438739         73.297975      7.696281      2.725968     -0.236037      6.015215
      0.313725      0.919347      0.005683     -0.135465      0.000000        -70.410957         73.941984      8.037025      2.882633     -0.236037      6.015215
      0.323529      0.919228     -0.001299     -0.101180      0.000000        -73.581551         74.574227      8.377642      3.039189     -0.236037      6.015215
      0.333333      0.919460     -0.006264     -0.067555      0.000000        -76.714289         75.208729      8.718283      3.195767     -0.236037      6.015215
      0.343137      0.919929     -0.009330     -0.037114      0.000000        -79.639133         75.855543      9.059058      3.352464     -0.236037      6.015215
      0.352941      0.920528     -0.010737     -0.011537      0.000000        -82.239962         76.521252      9.400034      3.509342     -0.236037      6.015215
      0.362745      0.921169     -0.010805      0.008251      0.000000        -84.448908         77.209364      9.741241      3.666433     -0.236037      6.015215
      0.372549      0.921783     -0.009883      0.021999      0.000000        -86.242630         77.920710     10.082683      3.823741     -0.236037      6.015215
      0.382353      0.922322     -0.008323      0.030032      0.000000        -87.637332         78.653932     10.424340      3.981248     -0.236037      6.015215
      0.392157      0.922758     -0.006439      0.033119      0.000000        -88.680995         79.406056     10.766179      4.138925     -0.236037      6.015215
      0.401961      0.923080     -0.004493      0.032305      0.000000        -89.443039         80.173127     11.108157      4.296734     -0.236037      6.015215
      0.411765      0.923291     -0.002682      0.028743      0.000000        -90.002871         80.950815     11.450234      4.454635     -0.236037      6.015215
      0.421569      0.923402     -0.001135      0.023543      0.000000        -90.439254         81.734940     11.792371      4.612591     -0.236037      6.015215
      0.431373      0.923431      0.000081      0.017665      0.000000        -90.822075         82.521846     12.134532      4.770571     -0.236037      6.015215
      0.441176      0.923399      0.000950      0.011858      0.000000        -91.207303         83.308627     12.476693      4.928550     -0.236037      6.015215
      0.450980      0.923326      0.001492      0.006644      0.000000        -91.635047         84.093201     12.818833      5.086510     -0.236037      6.015215
      0.460784      0.923229      0.001751      0.002336      0.000000        -92.130082         84.874273     13.160942      5.244440     -0.236037      6.015215
      0.470588      0.923124      0.001788     -0.000934      0.000000        -92.703968         85.651229     13.503012      5.402336     -0.236037      6.015215
      0.480392      0.923021      0.001662     -0.003165      0.000000        -93.357941         86.423989     13.845044      5.560195     -0.236037      6.015215
      0.490196      0.922930      0.001433     -0.004449      0.000000        -94.085959         87.192859     14.187039      5.718022     -0.236037      6.015215
      0.500000      0.922853      0.001153     -0.004931      0.000000        -94.877514         87.958379     14.529004      5.875819     -0.236037      6.015215
      0.509804      0.922794      0.000864     -0.004780      0.000000        -95.720001         88.721207     14.870943      6.033594     -0.236037      6.015215
      0.519608      0.922751      0.000598     -0.004163      0.000000        -96.600582         89.482019     15.212863      6.191351     -0.236037      6.015215
      0.529412      0.922722      0.000379     -0.003231      0.000000        -97.507564         90.241430     15.554770      6.349096     -0.236037      6.015215
      0.539216      0.922705      0.000221     -0.002106      0.000000        -98.431347         90.999950     15.896669      6.506833     -0.236037      6.015215
      0.549020      0.922695      0.000132     -0.000878      0.000000        -99.365031         91.757943     16.238563      6.664565     -0.236037      6.015215
      0.558824      0.922688      0.000118      0.000403      0.000000       -100.304766         92.515615     16.580454      6.822295     -0.236037      6.015215
      0.568627      0.922679      0.000181      0.001723      0.000000       -101.249939         93.272999     16.922342      6.980022     -0.236037      6.015215
      0.578431      0.922665      0.000323      0.003106      0.000000       -102.203277         94.029948     17.264225      7.137746     -0.236037      6.015215
      0.588235      0.922640      0.000549      0.004614      0.000000       -103.170970         94.786133     17.606102      7.295463     -0.236037      6.015215
      0.598039      0.922598      0.000871      0.006348      0.000000       -104.162879         95.541030     17.947967      7.453168     -0.236037      6.015215
      0.607843      0.922535      0.001305      0.008446      0.000000       -105.192920         96.293893     18.289812      7.610856     -0.236037      6.015215
      0.617647      0.922442      0.001878      0.011096      0.000000       -106.279694         97.043725     18.631629      7.768517     -0.236037      6.015215
      0.627451      0.922310      0.002629      0.014535      0.000000       -107.447422         97.789217     18.973404      7.926140     -0.236037      6.015215
      0.637255      0.922127      0.003614      0.019066      0.000000       -108.727233         98.528674     19.315121      8.083709     -0.236037      6.015215
      0.647059      0.921877      0.004907      0.025072      0.000000       -110.158822         99.259907     19.656759      8.241204     -0.236037      6.015215
      0.656863      0.921540      0.006609      0.033030      0.000000       -111.792397         99.980099     19.998288      8.398599     -0.236037      6.015215
      0.666667      0.921087      0.008853      0.043535      0.000000       -113.690764        100.685649     20.339673      8.555857     -0.236037      6.015215
      0.676471      0.920482      0.011808      0.057310      0.000000       -115.931159        101.371984     20.680862      8.712932     -0.236037      6.015215
      0.686275      0.919676      0.015693      0.075220      0.000000       -118.606159        102.033375     21.021792      8.869762     -0.236037      6.015215
      0.696078      0.918608      0.020781      0.098259      0.000000       -121.822587        102.662787     21.362377      9.026263     -0.236037      6.015215
      0.705882      0.917195      0.027405      0.127511      0.000000       -125.696900        103.251800     21.702505      9.182326     -0.236037      6.015215
      0.715686      0.915338      0.035964      0.164060      0.000000       -130.345244        103.790712     22.042031      9.337803     -0.236037      6.015215
      0.725490      0.912908      0.046917      0.208846      0.000000       -135.866711        104.268895     22.380766      9.492503     -0.236037      6.015215
      0.735294      0.909749      0.060770      0.262453      0.000000       -142.319763        104.675510     22.718472      9.646173     -0.236037      6.015215
      0.745098      0.905678      0.078046      0.324872      0.000000       -149.694844        105.000613     23.054844      9.798486     -0.236037      6.015215
      0.754902      0.900477      0.099245      0.395280      0.000000       -157.890331        105.236560     23.389506      9.949025     -0.236037      6.015215
      0.764706      0.893907      0.124791      0.471938      0.000000       -166.702217        105.379449     23.721994     10.097268     -0.236037      6.015215
      0.774510      0.885708      0.154981      0.552296      0.000000       -175.836877        105.430202     24.051755     10.242575     -0.236037      6.015215
      0.784314      0.875612      0.189944      0.633302      0.000000       -184.949077        105.394881     24.378134     10.384190     -0.236037      6.015215
      0.794118      0.863353      0.229628      0.711878      0.000000       -193.696153        105.284044     24.700380     10.521250     -0.236037      6.015215
      0.803922      0.848687      0.273807      0.785387      0.000000       -201.791041        105.111280     25.017644     10.652804     -0.236037      6.015215
      0.813725      0.831394      0.322124      0.851962      0.000000       -209.037477        104.891362     25.328994     10.777860     -0.236037      6.015215
      0.823529      0.811295      0.374136      0.910608      0.000000       -215.339785        104.638516     25.633421     10.895428     -0.236037      6.015215
      0.833333      0.788251      0.429366      0.961123      0.000000       -220.690689        104.365186     25.929859     11.004583     -0.236037      6.015215
      0.843137      0.762172      0.487343      1.003889      0.000000       -225.146987        104.081396     26.217197     11.104516     -0.236037      6.015215
      0.852941      0.733012      0.547632      1.039654      0.000000       -228.803114        103.794640     26.494303     11.194592     -0.236037      6.015215
      0.862745      0.700768      0.609846      1.069327      0.000000       -231.769046        103.510104     26.760031     11.274391     -0.236037      6.015215
      0.872549      0.665479      0.673653      1.093845      0.000000       -234.154937        103.231065     27.013246     11.343736     -0.236037      6.015215
      0.882353      0.627219      0.738776      1.114086      0.000000       -236.062146        102.959310     27.252832     11.402712     -0.236037      6.015215
      0.892157      0.586097      0.804985      1.130827      0.000000       -237.579091        102.695526     27.477708     11.451660     -0.236037      6.015215
      0.901961      0.542252      0.872096      1.144730      0.000000       -238.780238        102.439608     27.686837     11.491168     -0.236037      6.015215
      0.911765      0.495848      0.939956      1.156349      0.000000       -239.726837        102.190901     27.879240     11.522040     -0.236037      6.015215
      0.921569      0.447074      1.008446      1.166138      0.000000       -240.468479        101.948372     28.054003     11.545253     -0.236037      6.015215
      0.931373      0.396139      1.077468      1.174468      0.000000       -241.044903        101.710720     28.210287     11.561911     -0.236037      6.015215
      0.941176      0.343271      1.146946      1.181642      0.000000       -241.487741        101.476461     28.347332     11.573185     -0.236037      6.015215
      0.950980      0.288714      1.216820      1.187906      0.000000       -241.822069        101.243972     28.464467     11.580256     -0.236037      6.015215
      0.960784      0.232726      1.287040      1.193463      0.000000       -242.067727        101.011521     28.561114     11.584252     -0.236037      6.015215
      0.970588      0.175577      1.357573      1.198483      0.000000       -242.240393        100.777289     28.636791     11.586190     -0.236037      6.015215
      0.980392      0.117546      1.428388      1.203109      0.000000       -242.352470        100.539381     28.691120     11.586922     -0.236037      6.015215
      0.990196      0.058923      1.499469      1.207485      0.000000       -242.413822        100.295836     28.723828     11.587093     -0.236037      6.015215
      1.000000      0.000000      1.570796      1.210571      0.000000       -242.430510        100.130611     28.734749     11.587104     -0.236037      6.015215
