             t             r           psi            cs            qs                 p               sig             A             V            Q2             S
      0.000000      0.000000     -1.570796     -0.912342      0.000000       -147.417289         80.790608      0.000000      0.000000      0.057312      8.258772
      0.009804      0.080895     -1.496781     -0.916949      0.000000       -147.443697         80.522800      0.020587      0.000031      0.057312      8.258772
      0.019608      0.161344     -1.422291     -0.923113      0.000000       -147.538977         80.177314      0.082233      0.000491      0.057312      8.258772
      0.029412      0.240898     -1.347273     -0.930077      0.000000       -147.721843         79.839025      0.184599      0.002470      0.057312      8.258772
      0.039216      0.319099     -1.271644     -0.938278      0.000000       -148.021143         79.502355      0.327112      0.007726      0.057312      8.258772
      0.049020      0.395488     -1.195282     -0.948307      0.000000       -148.479217         79.161668      0.508968      0.018603      0.057312      8.258772
      0.058824      0.469595     -1.118007     -0.961017      0.000000       -149.159532         78.811163      0.729125      0.037908      0.057312      8.258772
      0.068627      0.540945     -1.039552     -0.977684      0.000000       -150.159441         78.444793      0.986303      0.068758      0.057312      8.258772
      0.078431      0.609046     -0.959524     -1.000292      0.000000       -151.632201         78.056261      1.278974      0.114418      0.057312      8.258772
      0.088235      0.673379     -0.877324     -1.032030      0.000000       -153.825989         77.639334      1.605355      0.178108      0.057312      8.258772
      0.098039      0.733382     -0.792015     -1.078190      0.000000       -157.153959         77.189041      1.963389      0.262807      0.057312      8.258772
      0.107843      0.788407     -0.702100     -1.147721      0.000000       -162.317328         76.705398      2.350712      0.371057      0.057312      8.258772
      0.117647      0.837668     -0.605132     -1.255489      0.000000       -170.491450         76.204309      2.764600      0.504731      0.057312      8.258772
      0.127451      0.880127     -0.497185     -1.422553      0.000000       -183.402926         75.749030      3.201870      0.664756      0.057312      8.258772
      0.137255      0.914345     -0.372894     -1.655673      0.000000       -201.994766         75.534883      3.658715      0.850606      0.057312      8.258772
      0.147059      0.938468     -0.230144     -1.836916      0.000000       -218.586646         76.046321      4.130483      1.059271      0.057312      8.258772
      0.156863      0.951123     -0.087398     -1.583263      0.000000       -205.024473         77.937140      4.611624      1.283811      0.057312      8.258772
      0.166667      0.953757      0.012049     -0.838393      0.000000       -152.720542         80.941499      5.096509      1.514668      0.057312      8.258772
      0.176471      0.950821      0.051838     -0.198843      0.000000       -104.724947         83.836781      5.581111      1.745306      0.057312      8.258772
      0.186275      0.946396      0.053314      0.114923      0.000000        -80.924037         86.069649      6.063709      1.973864      0.057312      8.258772
      0.196078      0.942608      0.038985      0.214027      0.000000        -74.245350         87.754876      6.544164      2.200486      0.057312      8.258772
      0.205882      0.940165      0.021460      0.207494      0.000000        -76.274329         89.115550      7.023024      2.425748      0.057312      8.258772
      0.215686      0.939059      0.006569      0.156163      0.000000        -82.074225         90.319507      7.500990      2.650252      0.057312      8.258772
      0.225490      0.938970     -0.003512      0.092660      0.000000        -88.945350         91.476450      7.978669      2.874508      0.057312      8.258772
      0.235294      0.939492     -0.008608      0.035248      0.000000        -95.351879         92.653983      8.456475      3.098880      0.057312      8.258772
      0.245098      0.940254     -0.009649     -0.006494      0.000000       -100.458877         93.887976      8.934621      3.323567      0.057312      8.258772
      0.254902      0.940984     -0.008064     -0.029601      0.000000       -103.973512         95.189015      9.413156      3.548620      0.057312      8.258772
      0.264706      0.941528     -0.005302     -0.036251      0.000000       -106.043544         96.549042      9.892020      3.773986      0.057312      8.258772
      0.274510      0.941841     -0.002498     -0.031657      0.000000       -107.098362         97.949568     10.371101      3.999561      0.057312      8.258772
      0.284314      0.941950     -0.000320     -0.021679      0.000000       -107.648135         99.369962     10.850288      4.225236      0.057312      8.258772
      0.294118      0.941917      0.000996     -0.011016      0.000000       -108.119101        100.793441     11.329491      4.450927      0.057312      8.258772
      0.303922      0.941810      0.001522     -0.002462      0.000000       -108.776155        102.209633     11.808655      4.676581      0.057312      8.258772
      0.313725      0.941686      0.001481      0.002944      0.000000       -109.725586        103.614331     12.287759      4.902178      0.057312      8.258772
      0.323529      0.941579      0.001127      0.005361      0.000000       -110.960051        105.007767     12.766803      5.127719      0.057312      8.258772
      0.333333      0.941506      0.000673      0.005557      0.000000       -112.411358        106.392596     13.245801      5.353217      0.057312      8.258772
      0.343137      0.941469      0.000262      0.004450      0.000000       -113.992859        107.772241     13.724771      5.578688      0.057312      8.258772
      0.352941      0.941460     -0.000035      0.002843      0.000000       -115.626416        109.149811     14.203730      5.804149      0.057312      8.258772
      0.362745      0.941471     -0.000200      0.001297      0.000000       -117.255477        110.527560     14.682690      6.029611      0.057312      8.258772
      0.372549      0.941490     -0.000255      0.000120      0.000000       -118.847949        111.906768     15.161657      6.255080      0.057312      8.258772
      0.382353      0.941510     -0.000232     -0.000592      0.000000       -120.392769        113.287875     15.640635      6.480559      0.057312      8.258772
      0.392157      0.941526     -0.000170     -0.000882      0.000000       -121.893521        114.670738     16.119622      6.706046      0.057312      8.258772
      0.401961      0.941537     -0.000098     -0.000866      0.000000       -123.361623        116.054900     16.598617      6.931541      0.057312      8.258772
      0.411765      0.941542     -0.000035     -0.000676      0.000000       -124.810683        117.439820     17.077615      7.157039      0.057312      8.258772
      0.421569      0.941543      0.000010     -0.000424      0.000000       -126.252730        118.825018     17.556615      7.382538      0.057312      8.258772
      0.431373      0.941541      0.000034     -0.000188      0.000000       -127.696348        120.210154     18.035614      7.608037      0.057312      8.258772
      0.441176      0.941538      0.000042     -0.000010      0.000000       -129.146307        121.595038     18.514612      7.833535      0.057312      8.258772
      0.450980      0.941535      0.000038      0.000097      0.000000       -130.604147        122.979608     18.993609      8.059032      0.057312      8.258772
      0.460784      0.941532      0.000028      0.000141      0.000000       -132.069183        124.363892     19.472604      8.284526      0.057312      8.258772
      0.470588      0.941530      0.000016      0.000139      0.000000       -133.539555        125.747964     19.951597      8.510020      0.057312      8.258772
      0.480392      0.941530      0.000006      0.000110      0.000000       -135.013081        127.131910     20.430591      8.735513      0.057312      8.258772
      0.490196      0.941529     -0.000001      0.000070      0.000000       -136.487825        128.515808     20.909583      8.961006      0.057312      8.258772
      0.500000      0.941530     -0.000005      0.000033      0.000000       -137.962385        129.899713     21.388576      9.186499      0.057312      8.258772
      0.509804      0.941530     -0.000007      0.000004      0.000000       -139.435955        131.283657     21.867569      9.411992      0.057312      8.258772
      0.519608      0.941531     -0.000006     -0.000014      0.000000       -140.908245        132.667653     22.346563      9.637486      0.057312      8.258772
      0.529412      0.941531     -0.000005     -0.000023      0.000000       -142.379335        134.051696     22.825556      9.862980      0.057312      8.258772
      0.539216      0.941531     -0.000003     -0.000024      0.000000       -143.849514        135.435775     23.304550     10.088473      0.057312      8.258772
      0.549020      0.941532     -0.000001     -0.000021      0.000000       -145.319148        136.819876     23.783544     10.313967      0.057312      8.258772
      0.558824      0.941532      0.000001     -0.000016      0.000000       -146.788588        138.203985     24.262538     10.539461      0.057312      8.258772
      0.568627      0.941532      0.000002     -0.000012      0.000000       -148.258123        139.588090     24.741532     10.764955      0.057312      8.258772
      0.578431      0.941531      0.000003     -0.000011      0.000000       -149.727975        140.972183     25.220526     10.990449      0.057312      8.258772
      0.588235      0.941531      0.000003     -0.000012      0.000000       -151.198322        142.356255     25.699520     11.215943      0.057312      8.258772
      0.598039      0.941531      0.000005     -0.000019      0.000000       -152.669343        143.740301     26.178513     11.441437      0.057312      8.258772
      0.607843      0.941530      0.000007     -0.000032      0.000000       -154.141283        145.124311     26.657507     11.666930      0.057312      8.258772
      0.617647      0.941530      0.000010     -0.000054      0.000000       -155.614543        146.508268     27.136500     11.892423      0.057312      8.258772
      0.627451      0.941529      0.000016     -0.000089      0.000000       -157.089793        147.892145     27.615493     12.117916      0.057312      8.258772
      0.637255      0.941527      0.000025     -0.000144      0.000000       -158.568147        149.275899     28.094485     12.343408      0.057312      8.258772
      0.647059      0.941524      0.000040     -0.000232      0.000000       -160.051425        150.659457     28.573476     12.568900      0.057312      8.258772
      0.656863      0.941520      0.000064     -0.000369      0.000000       -161.542558        152.042703     29.052465     12.794389      0.057312      8.258772
      0.666667      0.941514      0.000102     -0.000587      0.000000       -163.046228        153.425450     29.531452     13.019876      0.057312      8.258772
      0.676471      0.941503      0.000162     -0.000931      0.000000       -164.569875        154.807401     30.010434     13.245359      0.057312      8.258772
      0.686275      0.941486      0.000258     -0.001473      0.000000       -166.125284        156.188086     30.489410     13.470836      0.057312      8.258772
      0.696078      0.941460      0.000409     -0.002328      0.000000       -167.731064        157.566764     30.968375     13.696302      0.057312      8.258772
      0.705882      0.941418      0.000648     -0.003672      0.000000       -169.416499        158.942261     31.447322     13.921753      0.057312      8.258772
      0.715686      0.941351      0.001025     -0.005782      0.000000       -171.227472        160.312738     31.926243     14.147177      0.057312      8.258772
      0.725490      0.941246      0.001616     -0.009082      0.000000       -173.235421        161.675313     32.405120     14.372562      0.057312      8.258772
      0.735294      0.941080      0.002545     -0.014224      0.000000       -175.550566        163.025503     32.883930     14.597882      0.057312      8.258772
      0.745098      0.940820      0.003996     -0.022191      0.000000       -178.340626        164.356401     33.362633     14.823101      0.057312      8.258772
      0.754902      0.940412      0.006253     -0.034437      0.000000       -181.855477        165.657497     33.841169     15.048161      0.057312      8.258772
      0.764706      0.939774      0.009743     -0.053045      0.000000       -186.455287        166.913125     34.319443     15.272970      0.057312      8.258772
      0.774510      0.938784      0.015091     -0.080849      0.000000       -192.632469        168.100634     34.797309     15.497387      0.057312      8.258772
      0.784314      0.937257      0.023179     -0.121388      0.000000       -201.003893        169.188784     35.274545     15.721188      0.057312      8.258772
      0.794118      0.934925      0.035195     -0.178466      0.000000       -212.230874        170.137529     35.750812     15.944028      0.057312      8.258772
      0.803922      0.931414      0.052608     -0.255037      0.000000       -226.817929        170.901127     36.225612     16.165379      0.057312      8.258772
      0.813725      0.926222      0.077033     -0.351419      0.000000       -244.789572        171.436574     36.698221     16.384446      0.057312      8.258772
      0.823529      0.918724      0.109945     -0.463569      0.000000       -265.382050        171.716945     37.167632     16.600069      0.057312      8.258772
      0.833333      0.908204      0.152298     -0.582907      0.000000       -287.025356        171.744289     37.632491     16.810639      0.057312      8.258772
      0.843137      0.893910      0.204242     -0.698695      0.000000       -307.787977        171.553314     38.091069     17.014060      0.057312      8.258772
      0.852941      0.875141      0.265096     -0.801791      0.000000       -326.061659        171.201578     38.541265     17.207814      0.057312      8.258772
      0.862745      0.851312      0.333601     -0.887243      0.000000       -341.015617        170.751934     38.980647     17.389142      0.057312      8.258772
      0.872549      0.822003      0.408277     -0.954395      0.000000       -352.594018        170.257688     39.406526     17.555312      0.057312      8.258772
      0.882353      0.786965      0.487715     -1.005355      0.000000       -361.224495        169.756143     39.816045     17.703921      0.057312      8.258772
      0.892157      0.746117      0.570729     -1.043296      0.000000       -367.508101        169.269267     40.206260     17.833170      0.057312      8.258772
      0.901961      0.699523      0.656396     -1.071356      0.000000       -372.024239        168.807546     40.574228     17.942061      0.057312      8.258772
      0.911765      0.647375      0.744026     -1.092158      0.000000       -375.250024        168.374079     40.917067     18.030510      0.057312      8.258772
      0.921569      0.589965      0.833116     -1.107718      0.000000       -377.547705        167.967701     41.232024     18.099358      0.057312      8.258772
      0.931373      0.527677      0.923305     -1.119517      0.000000       -379.180652        167.585000     41.516516     18.150293      0.057312      8.258772
      0.941176      0.460967      1.014335     -1.128627      0.000000       -380.336163        167.221475     41.768174     18.185689      0.057312      8.258772
      0.950980      0.390354      1.106019     -1.135812      0.000000       -381.146166        166.872142     41.984878     18.208393      0.057312      8.258772
      0.960784      0.316406      1.198227     -1.141626      0.000000       -381.703388        166.531808     42.164785     18.221463      0.057312      8.258772
      0.970588      0.239737      1.290864     -1.146471      0.000000       -382.073126        166.195175     42.306353     18.227893      0.057312      8.258772
      0.980392      0.160994      1.383865     -1.150652      0.000000       -382.301553        165.856851     42.408361     18.230349      0.057312      8.258772
      0.990196      0.080850      1.477186     -1.154405      0.000000       -382.421533        165.511345     42.469923     18.230927      0.057312      8.258772
      1.000000     -0.000000      1.570796     -1.157246      0.000000       -382.454965        165.243536     42.490504     18.230966      0.057312      8.258772
