             t             r           psi            cs            qs                 p               sig             A             V            Q2             S
      0.000000      0.000000     -1.570796      0.742329      0.000000         -7.382241          4.972355      0.000000     -0.000000     -0.673928      3.659483
      0.009804      0.035873     -1.544071      0.753457      0.000000         -7.384604          4.928474      0.004044      0.000001     -0.673928      3.659483
      0.019608      0.071720     -1.516637      0.775934      0.000000         -7.395431          4.831345      0.016171      0.000016     -0.673928      3.659483
      0.029412      0.107513     -1.488380      0.799503      0.000000         -7.414627          4.737158      0.036374      0.000080     -0.673928      3.659483
      0.039216      0.143220     -1.459247      0.824903      0.000000         -7.443233          4.645761      0.064637      0.000255     -0.673928      3.659483
      0.049020      0.178810     -1.429163      0.852512      0.000000         -7.482436          4.557030      0.100936      0.000628     -0.673928      3.659483
      0.058824      0.214244     -1.398044      0.882710      0.000000         -7.533614          4.470881      0.145241      0.001315     -0.673928      3.659483
      0.068627      0.249482     -1.365789      0.915924      0.000000         -7.598362          4.387267      0.197512      0.002460     -0.673928      3.659483
      0.078431      0.284480     -1.332281      0.952636      0.000000         -7.678532          4.306195      0.257701      0.004234     -0.673928      3.659483
      0.088235      0.319188     -1.297385      0.993394      0.000000         -7.776266          4.227730      0.325747      0.006843     -0.673928      3.659483
      0.098039      0.353549     -1.260944      1.038809      0.000000         -7.894035          4.152011      0.401580      0.010519     -0.673928      3.659483
      0.107843      0.387503     -1.222781      1.089558      0.000000         -8.034666          4.079266      0.485114      0.015528     -0.673928      3.659483
      0.117647      0.420977     -1.182691      1.146368      0.000000         -8.201362          4.009834      0.576249      0.022166     -0.673928      3.659483
      0.127451      0.453893     -1.140443      1.209987      0.000000         -8.397693          3.944190      0.674868      0.030760     -0.673928      3.659483
      0.137255      0.486157     -1.095779      1.281134      0.000000         -8.627542          3.882979      0.780836      0.041664     -0.673928      3.659483
      0.147059      0.517666     -1.048418      1.360401      0.000000         -8.894960          3.827052      0.893994      0.055258     -0.673928      3.659483
      0.156863      0.548299     -0.998063      1.448107      0.000000         -9.203900          3.777519      1.014158      0.071940     -0.673928      3.659483
      0.166667      0.577921     -0.944411      1.544059      0.000000         -9.557730          3.735796      1.141117      0.092121     -0.673928      3.659483
      0.176471      0.606376     -0.887183      1.647215      0.000000         -9.958457          3.703667      1.274625      0.116211     -0.673928      3.659483
      0.186275      0.633491     -0.826157      1.755241      0.000000        -10.405548          3.683330      1.414400      0.144597     -0.673928      3.659483
      0.196078      0.659073     -0.761227      1.863975      0.000000        -10.894290          3.677432      1.560118      0.177624     -0.673928      3.659483
      0.205882      0.682918     -0.692476      1.966930      0.000000        -11.413751          3.689046      1.711410      0.215563     -0.673928      3.659483
      0.215686      0.704815     -0.620267      2.055060      0.000000        -11.944692          3.721574      1.867863      0.258572     -0.673928      3.659483
      0.225490      0.724561     -0.545328      2.117136      0.000000        -12.458172          3.778522      2.029013      0.306661     -0.673928      3.659483
      0.235294      0.741982     -0.468809      2.141100      0.000000        -12.916081          3.863123      2.194355      0.359664     -0.673928      3.659483
      0.245098      0.756950     -0.392277      2.116483      0.000000        -13.274867          3.977815      2.363349      0.417225     -0.673928      3.659483
      0.254902      0.769407     -0.317597      2.037366      0.000000        -13.492909          4.123664      2.535434      0.478812     -0.673928      3.659483
      0.264706      0.779381     -0.246729      1.904734      0.000000        -13.540117          4.299887      2.710047      0.543763     -0.673928      3.659483
      0.274510      0.786984     -0.181465      1.726961      0.000000        -13.406382          4.503665      2.886638      0.611350     -0.673928      3.659483
      0.284314      0.792405     -0.123186      1.518006      0.000000        -13.105093          4.730356      3.064692      0.680853     -0.673928      3.659483
      0.294118      0.795889     -0.072720      1.294078      0.000000        -12.670055          4.974084      3.243746      0.751620     -0.673928      3.659483
      0.303922      0.797713     -0.030327      1.070276      0.000000        -12.147332          5.228518      3.423392      0.823105     -0.673928      3.659483
      0.313725      0.798158      0.004221      0.858359      0.000000        -11.585630          5.487616      3.603289      0.894878     -0.673928      3.659483
      0.323529      0.797497      0.031499      0.665980      0.000000        -11.028506          5.746165      3.783156      0.966623     -0.673928      3.659483
      0.333333      0.795976      0.052290      0.497044      0.000000        -10.509978          6.000059      3.962774      1.038117     -0.673928      3.659483
      0.343137      0.793814      0.067458      0.352599      0.000000        -10.053341          6.246349      4.141972      1.109213     -0.673928      3.659483
      0.352941      0.791196      0.077874      0.231815      0.000000         -9.672142          6.483129      4.320628      1.179820     -0.673928      3.659483
      0.362745      0.788279      0.084353      0.132803      0.000000         -9.372166          6.709361      4.498658      1.249887     -0.673928      3.659483
      0.372549      0.785189      0.087635      0.053195      0.000000         -9.153626          6.924665      4.676009      1.319392     -0.673928      3.659483
      0.382353      0.782029      0.088372     -0.009476      0.000000         -9.013082          7.129141      4.852653      1.388334     -0.673928      3.659483
      0.392157      0.778879      0.087129     -0.057572      0.000000         -8.944960          7.323207      5.028585      1.456722     -0.673928      3.659483
      0.401961      0.775803      0.084390     -0.093237      0.000000         -8.942641          7.507484      5.203814      1.524577     -0.673928      3.659483
      0.411765      0.772844      0.080565     -0.118368      0.000000         -8.999188          7.682702      5.378363      1.591924     -0.673928      3.659483
      0.421569      0.770037      0.076002     -0.134606      0.000000         -9.107816          7.849641      5.552260      1.658793     -0.673928      3.659483
      0.431373      0.767401      0.070996     -0.143360      0.000000         -9.262156          8.009081      5.725544      1.725215     -0.673928      3.659483
      0.441176      0.764949      0.065791     -0.145827      0.000000         -9.456406          8.161777      5.898255      1.791222     -0.673928      3.659483
      0.450980      0.762684      0.060595     -0.143025      0.000000         -9.685379          8.308439      6.070434      1.856846     -0.673928      3.659483
      0.460784      0.760602      0.055581     -0.135813      0.000000         -9.944519          8.449718      6.242123      1.922118     -0.673928      3.659483
      0.470588      0.758694      0.050894     -0.124916      0.000000        -10.229881          8.586202      6.413362      1.987065     -0.673928      3.659483
      0.480392      0.756946      0.046654     -0.110944      0.000000        -10.538091          8.718410      6.584190      2.051715     -0.673928      3.659483
      0.490196      0.755341      0.042964     -0.094407      0.000000        -10.866309          8.846792      6.754640      2.116092     -0.673928      3.659483
      0.500000      0.753857      0.039906     -0.075731      0.000000        -11.212190          8.971728      6.924742      2.180216     -0.673928      3.659483
      0.509804      0.752470      0.037551     -0.055264      0.000000        -11.573844          9.093527      7.094521      2.244103     -0.673928      3.659483
      0.519608      0.751154      0.035958     -0.033287      0.000000        -11.949797          9.212431      7.263996      2.307767     -0.673928      3.659483
      0.529412      0.749880      0.035178     -0.010020      0.000000        -12.338964          9.328609      7.433180      2.371214     -0.673928      3.659483
      0.539216      0.748620      0.035253      0.014370      0.000000        -12.740617          9.442169      7.602079      2.434449     -0.673928      3.659483
      0.549020      0.747341      0.036221      0.039765      0.000000        -13.154352          9.553148      7.770692      2.497469     -0.673928      3.659483
      0.558824      0.746010      0.038117      0.066092      0.000000        -13.580067          9.661521      7.939011      2.560266     -0.673928      3.659483
      0.568627      0.744595      0.040974      0.093319      0.000000        -14.017924          9.767202      8.107022      2.622827     -0.673928      3.659483
      0.578431      0.743059      0.044824      0.121446      0.000000        -14.468317          9.870042      8.274701      2.685133     -0.673928      3.659483
      0.588235      0.741367      0.049700      0.150507      0.000000        -14.931834          9.969839      8.442017      2.747157     -0.673928      3.659483
      0.598039      0.739482      0.055635      0.180560      0.000000        -15.409204         10.066338      8.608930      2.808867     -0.673928      3.659483
      0.607843      0.737364      0.062668      0.211682      0.000000        -15.901252         10.159236      8.775393      2.870221     -0.673928      3.659483
      0.617647      0.734974      0.070838      0.243965      0.000000        -16.408829         10.248191      8.941348      2.931173     -0.673928      3.659483
      0.627451      0.732271      0.080189      0.277508      0.000000        -16.932747         10.332826      9.106730      2.991667     -0.673928      3.659483
      0.637255      0.729212      0.090767      0.312410      0.000000        -17.473698         10.412741      9.271464      3.051639     -0.673928      3.659483
      0.647059      0.725752      0.102623      0.348763      0.000000        -18.032179         10.487519      9.435463      3.111017     -0.673928      3.659483
      0.656863      0.721846      0.115811      0.386646      0.000000        -18.608405         10.556742      9.598634      3.169720     -0.673928      3.659483
      0.666667      0.717445      0.130386      0.426115      0.000000        -19.202227         10.619996      9.760868      3.227658     -0.673928      3.659483
      0.676471      0.712500      0.146406      0.467202      0.000000        -19.813064         10.676891      9.922051      3.284732     -0.673928      3.659483
      0.686275      0.706960      0.163929      0.509900      0.000000        -20.439836         10.727067     10.082052      3.340834     -0.673928      3.659483
      0.696078      0.700772      0.183012      0.554170      0.000000        -21.080929         10.770209     10.240733      3.395846     -0.673928      3.659483
      0.705882      0.693883      0.203711      0.599929      0.000000        -21.734168         10.806058     10.397941      3.449643     -0.673928      3.659483
      0.715686      0.686237      0.226076      0.647052      0.000000        -22.396829         10.834419     10.553511      3.502092     -0.673928      3.659483
      0.725490      0.677780      0.250154      0.695375      0.000000        -23.065681         10.855171     10.707268      3.553051     -0.673928      3.659483
      0.735294      0.668456      0.275984      0.744695      0.000000        -23.737046         10.868270     10.859021      3.602375     -0.673928      3.659483
      0.745098      0.658209      0.303599      0.794777      0.000000        -24.406901         10.873753     11.008570      3.649916     -0.673928      3.659483
      0.754902      0.646987      0.333019      0.845362      0.000000        -25.070993         10.871732     11.155700      3.695521     -0.673928      3.659483
      0.764706      0.634736      0.364260      0.896170      0.000000        -25.724975         10.862396     11.300185      3.739043     -0.673928      3.659483
      0.774510      0.621407      0.397323      0.946917      0.000000        -26.364544         10.846003     11.441788      3.780336     -0.673928      3.659483
      0.784314      0.606956      0.432201      0.997319      0.000000        -26.985579         10.822867     11.580260      3.819265     -0.673928      3.659483
      0.794118      0.591338      0.468878      1.047102      0.000000        -27.584269         10.793349     11.715344      3.855706     -0.673928      3.659483
      0.803922      0.574519      0.507325      1.096013      0.000000        -28.157217         10.757845     11.846773      3.889552     -0.673928      3.659483
      0.813725      0.556468      0.547509      1.143824      0.000000        -28.701525         10.716772     11.974272      3.920716     -0.673928      3.659483
      0.823529      0.537160      0.589384      1.190341      0.000000        -29.214842         10.670556     12.097561      3.949136     -0.673928      3.659483
      0.833333      0.516579      0.632904      1.235405      0.000000        -29.695395         10.619619     12.216354      3.974779     -0.673928      3.659483
      0.843137      0.494717      0.678012      1.278896      0.000000        -30.141978         10.564368     12.330363      3.997645     -0.673928      3.659483
      0.852941      0.471573      0.724650      1.320730      0.000000        -30.553936         10.505185     12.439299      4.017765     -0.673928      3.659483
      0.862745      0.447157      0.772760      1.360865      0.000000        -30.931110         10.442422     12.542875      4.035207     -0.673928      3.659483
      0.872549      0.421488      0.822278      1.399290      0.000000        -31.273784         10.376391     12.640804      4.050077     -0.673928      3.659483
      0.882353      0.394594      0.873145      1.436030      0.000000        -31.582617         10.307361     12.732809      4.062514     -0.673928      3.659483
      0.892157      0.366513      0.925300      1.471138      0.000000        -31.858574         10.235556     12.818617      4.072688     -0.673928      3.659483
      0.901961      0.337294      0.978687      1.504694      0.000000        -32.102853         10.161152     12.897965      4.080802     -0.673928      3.659483
      0.911765      0.306994      1.033252      1.536798      0.000000        -32.316824         10.084279     12.970603      4.087080     -0.673928      3.659483
      0.921569      0.275683      1.088944      1.567572      0.000000        -32.501968         10.005019     13.036296      4.091763     -0.673928      3.659483
      0.931373      0.243438      1.145718      1.597153      0.000000        -32.659823          9.923409     13.094824      4.095104     -0.673928      3.659483
      0.941176      0.210345      1.203534      1.625691      0.000000        -32.791946          9.839442     13.145986      4.097356     -0.673928      3.659483
      0.950980      0.176502      1.262358      1.653351      0.000000        -32.899874          9.753072     13.189601      4.098765     -0.673928      3.659483
      0.960784      0.142013      1.322161      1.680310      0.000000        -32.985098          9.664215     13.225513      4.099561     -0.673928      3.659483
      0.970588      0.106993      1.382922      1.706767      0.000000        -33.049046          9.572754     13.253587      4.099947     -0.673928      3.659483
      0.980392      0.071563      1.444627      1.732985      0.000000        -33.093077          9.478542     13.273719      4.100093     -0.673928      3.659483
      0.990196      0.035853      1.507277      1.759753      0.000000        -33.118491          9.381407     13.285830      4.100127     -0.673928      3.659483
      1.000000     -0.000000      1.570796      1.773710      0.000000        -33.124121          9.337526     13.289873      4.100129     -0.673928      3.659483
