             t             r           psi            cs            qs                 p               sig             A             V            Q2             S
      0.000000      0.000000     -1.570796     -0.933029      0.000000       -128.953824         69.104975      0.000000      0.000000      0.074927      5.680527
      0.009804      0.055666     -1.518775     -0.936221      0.000000       -128.965090         68.953445      0.009742      0.000007      0.074927      5.680527
      0.019608      0.111182     -1.466506     -0.940893      0.000000       -129.007140         68.722813      0.038940      0.000113      0.074927      5.680527
      0.029412      0.166393     -1.413970     -0.945861      0.000000       -129.083992         68.497418      0.087515      0.000569      0.074927      5.680527
      0.039216      0.221146     -1.361145     -0.951275      0.000000       -129.202495         68.275599      0.155335      0.001790      0.074927      5.680527
      0.049020      0.275285     -1.308003     -0.957289      0.000000       -129.371371         68.055727      0.242210      0.004344      0.074927      5.680527
      0.058824      0.328652     -1.254505     -0.964089      0.000000       -129.601857         67.836202      0.347900      0.008936      0.074927      5.680527
      0.068627      0.381089     -1.200601     -0.971908      0.000000       -129.908548         67.615451      0.472105      0.016394      0.074927      5.680527
      0.078431      0.432436     -1.146227     -0.981045      0.000000       -130.310559         67.391936      0.614474      0.027645      0.074927      5.680527
      0.088235      0.482528     -1.091298     -0.991884      0.000000       -130.833121         67.164160      0.774595      0.043693      0.074927      5.680527
      0.098039      0.531202     -1.035707     -1.004933      0.000000       -131.509838         66.930707      0.952001      0.065587      0.074927      5.680527
      0.107843      0.578285     -0.979312     -1.020865      0.000000       -132.385843         66.690303      1.146165      0.094398      0.074927      5.680527
      0.117647      0.623602     -0.921930     -1.040586      0.000000       -133.522220         66.441950      1.356501      0.131182      0.074927      5.680527
      0.127451      0.666968     -0.863316     -1.065323      0.000000       -135.002117         66.185170      1.582359      0.176953      0.074927      5.680527
      0.137255      0.708185     -0.803148     -1.096735      0.000000       -136.938836         65.920460      1.823021      0.232644      0.074927      5.680527
      0.147059      0.747038     -0.740994     -1.137048      0.000000       -139.485537         65.650127      2.077699      0.299075      0.074927      5.680527
      0.156863      0.783285     -0.676282     -1.189144      0.000000       -142.843710         65.379826      2.345523      0.376913      0.074927      5.680527
      0.166667      0.816653     -0.608261     -1.256434      0.000000       -147.260171         65.121349      2.625537      0.466631      0.074927      5.680527
      0.176471      0.846818     -0.535995     -1.342005      0.000000       -152.982407         64.897598      2.916676      0.568451      0.074927      5.680527
      0.186275      0.873398     -0.458442     -1.445757      0.000000       -160.095528         64.750847      3.217755      0.682271      0.074927      5.680527
      0.196078      0.895955     -0.374807     -1.557131      0.000000       -168.087465         64.754254      3.527445      0.807552      0.074927      5.680527
      0.205882      0.914024     -0.285477     -1.641771      0.000000       -175.005171         65.020101      3.844256      0.943179      0.074927      5.680527
      0.215686      0.927233     -0.193686     -1.631998      0.000000       -176.704333         65.681776      4.166547      1.087322      0.074927      5.680527
      0.225490      0.935522     -0.106832     -1.456243      0.000000       -168.317045         66.817115      4.492594      1.237487      0.074927      5.680527
      0.235294      0.939368     -0.034574     -1.118086      0.000000       -149.129594         68.345495      4.820741      1.390952      0.074927      5.680527
      0.245098      0.939765      0.016582     -0.719566      0.000000       -124.911843         70.036856      5.149597      1.545461      0.074927      5.680527
      0.254902      0.937917      0.046536     -0.370327      0.000000       -102.857118         71.659244      5.478165      1.699630      0.074927      5.680527
      0.264706      0.934897      0.059639     -0.116815      0.000000        -86.576960         73.088478      5.805853      1.852838      0.074927      5.680527
      0.274510      0.931491      0.061251      0.045365      0.000000        -76.245446         74.301042      6.132398      2.004919      0.074927      5.680527
      0.284314      0.928208      0.055876      0.137989      0.000000        -70.629249         75.323829      6.457762      2.155921      0.074927      5.680527
      0.294118      0.925339      0.046773      0.182419      0.000000        -68.356017         76.197980      6.782044      2.305982      0.074927      5.680527
      0.303922      0.923028      0.036148      0.194897      0.000000        -68.326632         76.962946      7.105416      2.455272      0.074927      5.680527
      0.313725      0.921315      0.025444      0.186837      0.000000        -69.748152         77.651776      7.428085      2.603971      0.074927      5.680527
      0.323529      0.920178      0.015571      0.166142      0.000000        -72.064559         78.290843      7.750256      2.752251      0.074927      5.680527
      0.333333      0.919555      0.007069      0.138372      0.000000        -74.883427         78.900835      8.072121      2.900272      0.074927      5.680527
      0.343137      0.919360      0.000215      0.107539      0.000000        -77.921700         79.497838      8.393847      3.048172      0.074927      5.680527
      0.352941      0.919499     -0.004908      0.076592      0.000000        -80.970744         80.094199      8.715565      3.196066      0.074927      5.680527
      0.362745      0.919876     -0.008355      0.047700      0.000000        -83.875899         80.699113      9.037376      3.344043      0.074927      5.680527
      0.372549      0.920401     -0.010287      0.022397      0.000000        -86.525703         81.319018      9.359347      3.492164      0.074927      5.680527
      0.382353      0.920998     -0.010935      0.001660      0.000000        -88.846784         81.957885      9.681517      3.640466      0.074927      5.680527
      0.392157      0.921600     -0.010566     -0.014047      0.000000        -90.801190         82.617482     10.003898      3.788962      0.074927      5.680527
      0.401961      0.922161     -0.009464     -0.024719      0.000000        -92.383751         83.297681     10.326484      3.937648      0.074927      5.680527
      0.411765      0.922646     -0.007899     -0.030736      0.000000        -93.617920         83.996824     10.649254      4.086506      0.074927      5.680527
      0.421569      0.923037     -0.006114     -0.032768      0.000000        -94.549603         84.712149     10.972177      4.235507      0.074927      5.680527
      0.431373      0.923327     -0.004308     -0.031660      0.000000        -95.239404         85.440247     11.295219      4.384619      0.074927      5.680527
      0.441176      0.923519     -0.002630     -0.028319      0.000000        -95.754376         86.177489     11.618346      4.533811      0.074927      5.680527
      0.450980      0.923624     -0.001179     -0.023614      0.000000        -96.160476         86.920387     11.941524      4.683051      0.074927      5.680527
      0.460784      0.923655     -0.000010     -0.018306      0.000000        -96.516722         87.665866     12.264725      4.832312      0.074927      5.680527
      0.470588      0.923630      0.000860     -0.013006      0.000000        -96.871496         88.411422     12.587928      4.981575      0.074927      5.680527
      0.480392      0.923565      0.001447     -0.008158      0.000000        -97.260987         89.155181     12.911113      5.130822      0.074927      5.680527
      0.490196      0.923474      0.001783     -0.004051      0.000000        -97.709368         89.895886     13.234272      5.280043      0.074927      5.680527
      0.500000      0.923370      0.001915     -0.000838      0.000000        -98.230179         90.632825     13.557395      5.429233      0.074927      5.680527
      0.509804      0.923264      0.001894      0.001433      0.000000        -98.828388         91.365725     13.880482      5.578388      0.074927      5.680527
      0.519608      0.923161      0.001772      0.002793      0.000000        -99.502691         92.094641     14.203532      5.727510      0.074927      5.680527
      0.529412      0.923067      0.001598      0.003318      0.000000       -100.247773         92.819838     14.526547      5.876600      0.074927      5.680527
      0.539216      0.922983      0.001416      0.003107      0.000000       -101.056353         93.541689     14.849532      6.025661      0.074927      5.680527
      0.549020      0.922909      0.001264      0.002262      0.000000       -101.920949         94.260579     15.172488      6.174696      0.074927      5.680527
      0.558824      0.922841      0.001174      0.000868      0.000000       -102.835361         94.976830     15.495420      6.323709      0.074927      5.680527
      0.568627      0.922776      0.001176     -0.001018      0.000000       -103.795922         95.690630     15.818329      6.472701      0.074927      5.680527
      0.578431      0.922708      0.001296     -0.003376      0.000000       -104.802554         96.401978     16.141215      6.621671      0.074927      5.680527
      0.588235      0.922629      0.001561     -0.006237      0.000000       -105.859731         97.110630     16.464076      6.770617      0.074927      5.680527
      0.598039      0.922531      0.002002     -0.009687      0.000000       -106.977407         97.816045     16.786905      6.919536      0.074927      5.680527
      0.607843      0.922402      0.002654     -0.013878      0.000000       -108.171993         98.517332     17.109695      7.068417      0.074927      5.680527
      0.617647      0.922231      0.003565     -0.019035      0.000000       -109.467429         99.213181     17.432434      7.217251      0.074927      5.680527
      0.627451      0.921999      0.004798     -0.025467      0.000000       -110.896405         99.901787     17.755102      7.366019      0.074927      5.680527
      0.637255      0.921689      0.006433     -0.033578      0.000000       -112.501691        100.580753     18.077676      7.514699      0.074927      5.680527
      0.647059      0.921273      0.008579     -0.043878      0.000000       -114.337479        101.246979     18.400123      7.663261      0.074927      5.680527
      0.656863      0.920721      0.011373     -0.056992      0.000000       -116.470494        101.896536     18.722403      7.811665      0.074927      5.680527
      0.666667      0.919991      0.014992     -0.073662      0.000000       -118.980410        102.524540     19.044460      7.959859      0.074927      5.680527
      0.676471      0.919032      0.019659     -0.094740      0.000000       -121.958852        103.125044     19.366222      8.107772      0.074927      5.680527
      0.686275      0.917777      0.025644     -0.121154      0.000000       -125.505966        103.690986     19.687600      8.255316      0.074927      5.680527
      0.696078      0.916146      0.033270     -0.153850      0.000000       -129.723343        104.214251     20.008475      8.402374      0.074927      5.680527
      0.705882      0.914035      0.042913     -0.193684      0.000000       -134.702196        104.685899     20.328699      8.548792      0.074927      5.680527
      0.715686      0.911322      0.054988     -0.241278      0.000000       -140.506485        105.096642     20.648083      8.694374      0.074927      5.680527
      0.725490      0.907860      0.069935     -0.296837      0.000000       -147.152412        105.437598     20.966391      8.838870      0.074927      5.680527
      0.735294      0.903478      0.088191     -0.359969      0.000000       -154.588264        105.701294     21.283332      8.981958      0.074927      5.680527
      0.745098      0.897982      0.110150     -0.429568      0.000000       -162.681181        105.882781     21.598550      9.123242      0.074927      5.680527
      0.754902      0.891161      0.136124     -0.503809      0.000000       -171.218056        105.980630     21.911620      9.262236      0.074927      5.680527
      0.764706      0.882792      0.166308     -0.580304      0.000000       -179.924948        105.997505     22.222039      9.398357      0.074927      5.680527
      0.774510      0.872648      0.200753     -0.656411      0.000000       -188.502859        105.940090     22.529226      9.530934      0.074927      5.680527
      0.784314      0.860510      0.239366     -0.729601      0.000000       -196.670641        105.818336     22.832520      9.659211      0.074927      5.680527
      0.794118      0.846176      0.281925     -0.797793      0.000000       -204.202362        105.644205     23.131188      9.782376      0.074927      5.680527
      0.803922      0.829468      0.328107     -0.859563      0.000000       -210.949192        105.430250     23.424430      9.899586      0.074927      5.680527
      0.813725      0.810240      0.377532     -0.914184      0.000000       -216.842751        105.188361     23.711388     10.010013      0.074927      5.680527
      0.823529      0.788378      0.429797     -0.961546      0.000000       -221.883667        104.928896     23.991160     10.112882      0.074927      5.680527
      0.833333      0.763809      0.484504     -1.001994      0.000000       -226.122440        104.660248     24.262811     10.207517      0.074927      5.680527
      0.843137      0.736492      0.541285     -1.036159      0.000000       -229.639329        104.388776     24.525383     10.293378      0.074927      5.680527
      0.852941      0.706424      0.599812     -1.064807      0.000000       -232.527501        104.118985     24.777916     10.370096      0.074927      5.680527
      0.862745      0.673633      0.659799     -1.088733      0.000000       -234.881049        103.853816     25.019449     10.437493      0.074927      5.680527
      0.872549      0.638175      0.721004     -1.108690      0.000000       -236.787699        103.594971     25.249040     10.495600      0.074927      5.680527
      0.882353      0.600137      0.783227     -1.125354      0.000000       -238.325157        103.343214     25.465768     10.544652      0.074927      5.680527
      0.892157      0.559627      0.846299     -1.139313      0.000000       -239.559938        103.098622     25.668751     10.585086      0.074927      5.680527
      0.901961      0.516777      0.910086     -1.151065      0.000000       -240.547653        102.860780     25.857144     10.617516      0.074927      5.680527
      0.911765      0.471738      0.974475     -1.161023      0.000000       -241.334059        102.628925     26.030156     10.642712      0.074927      5.680527
      0.921569      0.424677      1.039377     -1.169530      0.000000       -241.956393        102.402049     26.187049     10.661559      0.074927      5.680527
      0.931373      0.375779      1.104719     -1.176870      0.000000       -242.444745        102.178972     26.327147     10.675022      0.074927      5.680527
      0.941176      0.325242      1.170443     -1.183274      0.000000       -242.823316        101.958386     26.449843     10.684098      0.074927      5.680527
      0.950980      0.273276      1.236501     -1.188935      0.000000       -243.111516        101.738885     26.554598     10.689770      0.074927      5.680527
      0.960784      0.220101      1.302859     -1.194013      0.000000       -243.324893        101.518984     26.640951     10.692967      0.074927      5.680527
      0.970588      0.165945      1.369486     -1.198645      0.000000       -243.475893        101.297130     26.708519     10.694513      0.074927      5.680527
      0.980392      0.111047      1.436361     -1.202947      0.000000       -243.574495        101.071713     26.757000     10.695096      0.074927      5.680527
      0.990196      0.055649      1.503470     -1.207044      0.000000       -243.628748        100.841075     26.786176     10.695232      0.074927      5.680527
      1.000000      0.000000      1.570796     -1.209874      0.000000       -243.643339        100.689544     26.795916     10.695241      0.074927      5.680527
