             t             r           psi            cs            qs                 p               sig             A             V            Q2             S
      0.000000      0.000000     -1.570796     -0.873338      0.000000        -46.452199         26.594635      0.000000      0.000000      0.110538      5.428633
      0.009804      0.053203     -1.524201     -0.879958      0.000000        -46.461211         26.466867      0.008897      0.000006      0.110538      5.428633
      0.019608      0.106289     -1.477104     -0.889944      0.000000        -46.495283         26.266457      0.035569      0.000088      0.110538      5.428633
      0.029412      0.159139     -1.429460     -0.900593      0.000000        -46.557287         26.071280      0.079958      0.000447      0.110538      5.428633
      0.039216      0.211630     -1.381224     -0.912216      0.000000        -46.652426         25.880159      0.141962      0.001413      0.110538      5.428633
      0.049020      0.263633     -1.332338     -0.925120      0.000000        -46.787228         25.691980      0.221442      0.003443      0.110538      5.428633
      0.058824      0.315016     -1.282722     -0.939670      0.000000        -46.969972         25.505706      0.318212      0.007115      0.110538      5.428633
      0.068627      0.365643     -1.232278     -0.956320      0.000000        -47.211228         25.320395      0.432043      0.013118      0.110538      5.428633
      0.078431      0.415370     -1.180880     -0.975643      0.000000        -47.524564         25.135228      0.562657      0.022239      0.110538      5.428633
      0.088235      0.464046     -1.128367     -0.998360      0.000000        -47.927481         24.949559      0.709728      0.035351      0.110538      5.428633
      0.098039      0.511510     -1.074535     -1.025397      0.000000        -48.442636         24.762990      0.872878      0.053391      0.110538      5.428633
      0.107843      0.557589     -1.019123     -1.057938      0.000000        -49.099414         24.575497      1.051674      0.077345      0.110538      5.428633
      0.117647      0.602097     -0.961800     -1.097500      0.000000        -49.935832         24.387639      1.245622      0.108220      0.110538      5.428633
      0.127451      0.644824     -0.902143     -1.145990      0.000000        -51.000605         24.200891      1.454162      0.147025      0.110538      5.428633
      0.137255      0.685535     -0.839616     -1.205740      0.000000        -52.354707         24.018195      1.676660      0.194734      0.110538      5.428633
      0.147059      0.723963     -0.773553     -1.279382      0.000000        -54.070584         23.844854      1.912398      0.252251      0.110538      5.428633
      0.156863      0.759793     -0.703143     -1.369375      0.000000        -56.224525         23.689937      2.160561      0.320362      0.110538      5.428633
      0.166667      0.792659     -0.627482     -1.476675      0.000000        -58.872314         23.568426      2.420221      0.399670      0.110538      5.428633
      0.176471      0.822135     -0.545711     -1.597708      0.000000        -61.989529         23.504117      2.690318      0.490496      0.110538      5.428633
      0.186275      0.847740     -0.457405     -1.718733      0.000000        -65.351826         23.532582      2.969639      0.592754      0.110538      5.428633
      0.196078      0.868984     -0.363305     -1.808452      0.000000        -68.357522         23.701450      3.256805      0.705782      0.110538      5.428633
      0.205882      0.885460     -0.266357     -1.816304      0.000000        -69.920406         24.062070      3.550288      0.828203      0.110538      5.428633
      0.215686      0.897008     -0.172348     -1.691606      0.000000        -68.762520         24.646883      3.848455      0.957923      0.110538      5.428633
      0.225490      0.903874     -0.088861     -1.424692      0.000000        -64.279272         25.440259      4.149689      1.092428      0.110538      5.428633
      0.235294      0.906746     -0.022299     -1.068602      0.000000        -57.255631         26.370842      4.452526      1.229329      0.110538      5.428633
      0.245098      0.906594      0.024773     -0.705307      0.000000        -49.434140         27.341925      4.755789      1.366827      0.110538      5.428633
      0.254902      0.904432      0.053744     -0.395160      0.000000        -42.388422         28.273480      5.058638      1.503845      0.110538      5.428633
      0.264706      0.901134      0.068188     -0.160383      0.000000        -36.912151         29.121637      5.360553      1.639874      0.110538      5.428633
      0.274510      0.897366      0.072095      0.002591      0.000000        -33.126696         29.873822      5.661270      1.774747      0.110538      5.428633
      0.284314      0.893591      0.068946      0.107296      0.000000        -30.814405         30.535757      5.960716      1.908481      0.110538      5.428633
      0.294118      0.890109      0.061449      0.168228      0.000000        -29.661616         31.120921      6.258942      2.041178      0.110538      5.428633
      0.303922      0.887096      0.051598      0.197576      0.000000        -29.372423         31.644566      6.556079      2.172978      0.110538      5.428633
      0.313725      0.884636      0.040811      0.204713      0.000000        -29.704059         32.121021      6.852299      2.304035      0.110538      5.428633
      0.323529      0.882752      0.030076      0.196631      0.000000        -30.468248         32.562758      7.147793      2.434509      0.110538      5.428633
      0.333333      0.881422      0.020058      0.178526      0.000000        -31.521731         32.980260      7.442751      2.564551      0.110538      5.428633
      0.343137      0.880597      0.011182      0.154295      0.000000        -32.755516         33.382182      7.737350      2.694301      0.110538      5.428633
      0.352941      0.880208      0.003690      0.126898      0.000000        -34.085982         33.775580      8.031748      2.823887      0.110538      5.428633
      0.362745      0.880177     -0.002310      0.098601      0.000000        -35.448397         34.166135      8.326078      2.953416      0.110538      5.428633
      0.372549      0.880427     -0.006820      0.071135      0.000000        -36.792564         34.558317      8.620447      3.082978      0.110538      5.428633
      0.382353      0.880878     -0.009920      0.045787      0.000000        -38.080100         34.955522      8.914936      3.212643      0.110538      5.428633
      0.392157      0.881460     -0.011748      0.023469      0.000000        -39.282814         35.360174      9.209599      3.342458      0.110538      5.428633
      0.401961      0.882109     -0.012482      0.004751      0.000000        -40.381745         35.773818      9.504469      3.472454      0.110538      5.428633
      0.411765      0.882773     -0.012322     -0.010100      0.000000        -41.366454         36.197215      9.799560      3.602644      0.110538      5.428633
      0.421569      0.883409     -0.011476     -0.021080      0.000000        -42.234312         36.630438     10.094870      3.733028      0.110538      5.428633
      0.431373      0.883986     -0.010143     -0.028411      0.000000        -42.989568         37.072993     10.390383      3.863593      0.110538      5.428633
      0.441176      0.884483     -0.008510     -0.032485      0.000000        -43.642149         37.523948     10.686076      3.994319      0.110538      5.428633
      0.450980      0.884889     -0.006734     -0.033812      0.000000        -44.206228         37.982062     10.981920      4.125182      0.110538      5.428633
      0.460784      0.885200     -0.004949     -0.032963      0.000000        -44.698668         38.445916     11.277884      4.256151      0.110538      5.428633
      0.470588      0.885418     -0.003254     -0.030524      0.000000        -45.137505         38.914036     11.573937      4.387200      0.110538      5.428633
      0.480392      0.885549     -0.001718     -0.027052      0.000000        -45.540598         39.384987     11.870047      4.518301      0.110538      5.428633
      0.490196      0.885604     -0.000384     -0.023048      0.000000        -45.924574         39.857446     12.166189      4.649430      0.110538      5.428633
      0.500000      0.885594      0.000733     -0.018938      0.000000        -46.304108         40.330256     12.462337      4.780565      0.110538      5.428633
      0.509804      0.885530      0.001636     -0.015066      0.000000        -46.691544         40.802443     12.758473      4.911689      0.110538      5.428633
      0.519608      0.885423      0.002346     -0.011698      0.000000        -47.096819         41.273221     13.054580      5.042787      0.110538      5.428633
      0.529412      0.885283      0.002894     -0.009028      0.000000        -47.527637         41.741978     13.350646      5.173848      0.110538      5.428633
      0.539216      0.885117      0.003322     -0.007189      0.000000        -47.989808         42.208245     13.646660      5.304864      0.110538      5.428633
      0.549020      0.884931      0.003676     -0.006273      0.000000        -48.487715         42.671665     13.942615      5.435827      0.110538      5.428633
      0.558824      0.884726      0.004007     -0.006341      0.000000        -49.024833         43.131946     14.238505      5.566732      0.110538      5.428633
      0.568627      0.884504      0.004369     -0.007438      0.000000        -49.604288         43.588824     14.534323      5.697574      0.110538      5.428633
      0.578431      0.884260      0.004818     -0.009612      0.000000        -50.229413         44.042012     14.830064      5.828346      0.110538      5.428633
      0.588235      0.883988      0.005412     -0.012924      0.000000        -50.904295         44.491156     15.125719      5.959043      0.110538      5.428633
      0.598039      0.883680      0.006215     -0.017459      0.000000        -51.634314         44.935791     15.421276      6.089653      0.110538      5.428633
      0.607843      0.883322      0.007294     -0.023341      0.000000        -52.426647         45.375294     15.716723      6.220165      0.110538      5.428633
      0.617647      0.882897      0.008726     -0.030738      0.000000        -53.290759         45.808836     16.012040      6.350560      0.110538      5.428633
      0.627451      0.882385      0.010597     -0.039875      0.000000        -54.238829         46.235334     16.307201      6.480816      0.110538      5.428633
      0.637255      0.881760      0.013007     -0.051039      0.000000        -55.286105         46.653409     16.602172      6.610901      0.110538      5.428633
      0.647059      0.880989      0.016072     -0.064582      0.000000        -56.451134         47.061334     16.896911      6.740777      0.110538      5.428633
      0.656863      0.880035      0.019931     -0.080920      0.000000        -57.755764         47.457001     17.191362      6.870393      0.110538      5.428633
      0.666667      0.878851      0.024744     -0.100531      0.000000        -59.224840         47.837888     17.485458      6.999684      0.110538      5.428633
      0.676471      0.877381      0.030699     -0.123937      0.000000        -60.885429         48.201050     17.779111      7.128570      0.110538      5.428633
      0.686275      0.875560      0.038013     -0.151681      0.000000        -62.765420         48.543135     18.072216      7.256948      0.110538      5.428633
      0.696078      0.873308      0.046931     -0.184285      0.000000        -64.891379         48.860446     18.364643      7.384693      0.110538      5.428633
      0.705882      0.870533      0.057723     -0.222202      0.000000        -67.285557         49.149053     18.656232      7.511647      0.110538      5.428633
      0.715686      0.867129      0.070683     -0.265744      0.000000        -69.962177         49.404966     18.946790      7.637620      0.110538      5.428633
      0.725490      0.862972      0.086112     -0.315013      0.000000        -72.923294         49.624385     19.236089      7.762375      0.110538      5.428633
      0.735294      0.857925      0.104312     -0.369825      0.000000        -76.154893         49.803992     19.523852      7.885631      0.110538      5.428633
      0.745098      0.851836      0.125567     -0.429661      0.000000        -79.624088         49.941278     19.809758      8.007047      0.110538      5.428633
      0.754902      0.844538      0.150121     -0.493646      0.000000        -83.278436         50.034846     20.093430      8.126228      0.110538      5.428633
      0.764706      0.835857      0.178165     -0.560580      0.000000        -87.048091         50.084646     20.374436      8.242712      0.110538      5.428633
      0.774510      0.825613      0.209818     -0.629022      0.000000        -90.850983         50.092072     20.652282      8.355979      0.110538      5.428633
      0.784314      0.813627      0.245119     -0.697417      0.000000        -94.600340         50.059902     20.926416      8.465455      0.110538      5.428633
      0.794118      0.799726      0.284026     -0.764245      0.000000        -98.213169         49.992075     21.196227      8.570523      0.110538      5.428633
      0.803922      0.783748      0.326417     -0.828155      0.000000       -101.617967         49.893353     21.461046      8.670543      0.110538      5.428633
      0.813725      0.765550      0.372107     -0.888078      0.000000       -104.760201         49.768907     21.720155      8.764878      0.110538      5.428633
      0.823529      0.745011      0.420863     -0.943274      0.000000       -107.604804         49.623930     21.972790      8.852919      0.110538      5.428633
      0.833333      0.722036      0.472421     -0.993340      0.000000       -110.135751         49.463298     22.218151      8.934120      0.110538      5.428633
      0.843137      0.696557      0.526505     -1.038173      0.000000       -112.353461         49.291343     22.455413      9.008027      0.110538      5.428633
      0.852941      0.668539      0.582838     -1.077907      0.000000       -114.270991         49.111713     22.683730      9.074308      0.110538      5.428633
      0.862745      0.637974      0.641156     -1.112851      0.000000       -115.909957         48.927336     22.902252      9.132775      0.110538      5.428633
      0.872549      0.604885      0.701216     -1.143415      0.000000       -117.296845         48.740437     23.110129      9.183403      0.110538      5.428633
      0.882353      0.569324      0.762796     -1.170065      0.000000       -118.460036         48.552605     23.306527      9.226337      0.110538      5.428633
      0.892157      0.531369      0.825701     -1.193277      0.000000       -119.427672         48.364875     23.490629      9.261891      0.110538      5.428633
      0.901961      0.491124      0.889760     -1.213515      0.000000       -120.226257         48.177816     23.661654      9.290541      0.110538      5.428633
      0.911765      0.448717      0.954827     -1.231210      0.000000       -120.879875         47.991610     23.818855      9.312900      0.110538      5.428633
      0.921569      0.404296      1.020777     -1.246755      0.000000       -121.409845         47.806132     23.961534      9.329700      0.110538      5.428633
      0.931373      0.358031      1.087505     -1.260502      0.000000       -121.834678         47.620997     24.089045      9.341751      0.110538      5.428633
      0.941176      0.310108      1.154923     -1.272760      0.000000       -122.170213         47.435618     24.200802      9.349907      0.110538      5.428633
      0.950980      0.260730      1.222961     -1.283806      0.000000       -122.429851         47.249239     24.296285      9.355024      0.110538      5.428633
      0.960784      0.210114      1.291559     -1.293881      0.000000       -122.624838         47.060961     24.375042      9.357917      0.110538      5.428633
      0.970588      0.158488      1.360673     -1.303201      0.000000       -122.764548         46.869771     24.436698      9.359321      0.110538      5.428633
      0.980392      0.106093      1.430267     -1.311963      0.000000       -122.856771         46.674561     24.480954      9.359852      0.110538      5.428633
      0.990196      0.053178      1.500317     -1.320399      0.000000       -122.907999         46.474141     24.507595      9.359976      0.110538      5.428633
      1.000000      0.000000      1.570796     -1.326119      0.000000       -122.921653         46.346372     24.516490      9.359984      0.110538      5.428633
