             t             r           psi            cs            qs                 p               sig             A             V            Q2             S
      0.000000      0.000000     -1.570796     -0.918904      0.000000        -19.238613         10.468242      0.000000     -0.000000      0.195236      2.723099
      0.009804      0.026694     -1.546253     -0.922117      0.000000        -19.239668         10.448172      0.002239      0.000000      0.195236      2.723099
      0.019608      0.053373     -1.521491     -0.932709      0.000000        -19.247099         10.369512      0.008955      0.000006      0.195236      2.723099
      0.029412      0.080018     -1.496453     -0.943042      0.000000        -19.260036         10.292519      0.020143      0.000030      0.195236      2.723099
      0.039216      0.106613     -1.471136     -0.953687      0.000000        -19.278929         10.217106      0.035797      0.000095      0.195236      2.723099
      0.049020      0.133141     -1.445528     -0.964766      0.000000        -19.304267         10.143194      0.055906      0.000232      0.195236      2.723099
      0.058824      0.159583     -1.419618     -0.976353      0.000000        -19.336583         10.070711      0.080459      0.000481      0.195236      2.723099
      0.068627      0.185920     -1.393392     -0.988522      0.000000        -19.376467          9.999595      0.109438      0.000893      0.195236      2.723099
      0.078431      0.212132     -1.366831     -1.001345      0.000000        -19.424571          9.929792      0.142825      0.001525      0.195236      2.723099
      0.088235      0.238200     -1.339919     -1.014901      0.000000        -19.481617          9.861262      0.180597      0.002446      0.195236      2.723099
      0.098039      0.264103     -1.312634     -1.029277      0.000000        -19.548402          9.793976      0.222728      0.003730      0.195236      2.723099
      0.107843      0.289817     -1.284954     -1.044563      0.000000        -19.625808          9.727921      0.269189      0.005462      0.195236      2.723099
      0.117647      0.315322     -1.256852     -1.060860      0.000000        -19.714809          9.663099      0.319946      0.007735      0.195236      2.723099
      0.127451      0.340594     -1.228300     -1.078276      0.000000        -19.816476          9.599534      0.374962      0.010647      0.195236      2.723099
      0.137255      0.365607     -1.199267     -1.096924      0.000000        -19.931984          9.537268      0.434196      0.014307      0.195236      2.723099
      0.147059      0.390336     -1.169719     -1.116929      0.000000        -20.062616          9.476371      0.497602      0.018826      0.195236      2.723099
      0.156863      0.414755     -1.139617     -1.138420      0.000000        -20.209767          9.416943      0.565130      0.024325      0.195236      2.723099
      0.166667      0.438834     -1.108919     -1.161530      0.000000        -20.374942          9.359115      0.636727      0.030928      0.195236      2.723099
      0.176471      0.462544     -1.077582     -1.186399      0.000000        -20.559748          9.303062      0.712332      0.038764      0.195236      2.723099
      0.186275      0.485853     -1.045556     -1.213160      0.000000        -20.765878          9.249000      0.791881      0.047964      0.195236      2.723099
      0.196078      0.508729     -1.012789     -1.241945      0.000000        -20.995088          9.197204      0.875304      0.058663      0.195236      2.723099
      0.205882      0.531136     -0.979224     -1.272866      0.000000        -21.249149          9.148008      0.962525      0.070996      0.195236      2.723099
      0.215686      0.553037     -0.944805     -1.306013      0.000000        -21.529789          9.101819      1.053464      0.085097      0.195236      2.723099
      0.225490      0.574392     -0.909471     -1.341432      0.000000        -21.838593          9.059128      1.148030      0.101098      0.195236      2.723099
      0.235294      0.595160     -0.873161     -1.379105      0.000000        -22.176873          9.020520      1.246131      0.119128      0.195236      2.723099
      0.245098      0.615296     -0.835816     -1.418927      0.000000        -22.545491          8.986690      1.347662      0.139308      0.195236      2.723099
      0.254902      0.634754     -0.797381     -1.460669      0.000000        -22.944619          8.958451      1.452515      0.161749      0.195236      2.723099
      0.264706      0.653484     -0.757811     -1.503938      0.000000        -23.373437          8.936749      1.560572      0.186553      0.195236      2.723099
      0.274510      0.671436     -0.717071     -1.548128      0.000000        -23.829755          8.922671      1.671706      0.213805      0.195236      2.723099
      0.284314      0.688556     -0.675149     -1.592374      0.000000        -24.309578          8.917443      1.785782      0.243571      0.195236      2.723099
      0.294118      0.704790     -0.632058     -1.635496      0.000000        -24.806624          8.922433      1.902657      0.275896      0.195236      2.723099
      0.303922      0.720084     -0.587847     -1.675970      0.000000        -25.311853          8.939122      2.022176      0.310798      0.195236      2.723099
      0.313725      0.734383     -0.542611     -1.711912      0.000000        -25.813089          8.969074      2.144178      0.348264      0.195236      2.723099
      0.323529      0.747639     -0.496501     -1.741112      0.000000        -26.294858          9.013873      2.268492      0.388249      0.195236      2.723099
      0.333333      0.759803     -0.449728     -1.761127      0.000000        -26.738599          9.075042      2.394939      0.430672      0.195236      2.723099
      0.343137      0.770838     -0.402571     -1.769456      0.000000        -27.123408          9.153926      2.523332      0.475412      0.195236      2.723099
      0.352941      0.780714     -0.355374     -1.763781      0.000000        -27.427426          9.251566      2.653479      0.522317      0.195236      2.723099
      0.362745      0.789413     -0.308537     -1.742268      0.000000        -27.629877          9.368554      2.785184      0.571198      0.195236      2.723099
      0.372549      0.796929     -0.262498     -1.703879      0.000000        -27.713565          9.504905      2.918249      0.621837      0.195236      2.723099
      0.382353      0.803274     -0.217710     -1.648620      0.000000        -27.667453          9.659956      3.052476      0.673999      0.195236      2.723099
      0.392157      0.808473     -0.174611     -1.577667      0.000000        -27.488795          9.832319      3.187671      0.727434      0.195236      2.723099
      0.401961      0.812565     -0.133592     -1.493322      0.000000        -27.184288         10.019913      3.323645      0.781890      0.195236      2.723099
      0.411765      0.815604     -0.094968     -1.398788      0.000000        -26.769910         10.220064      3.460216      0.837121      0.195236      2.723099
      0.421569      0.817651     -0.058962     -1.297830      0.000000        -26.269408         10.429660      3.597212      0.892897      0.195236      2.723099
      0.431373      0.818774     -0.025693     -1.194369      0.000000        -25.711772         10.645358      3.734473      0.949004      0.195236      2.723099
      0.441176      0.819047      0.004821     -1.092109      0.000000        -25.128222         10.863786      3.871851      1.005253      0.195236      2.723099
      0.450980      0.818541      0.032658     -0.994260      0.000000        -24.549296         11.081728      4.009208      1.061479      0.195236      2.723099
      0.460784      0.817326      0.057971     -0.903370      0.000000        -24.002496         11.296265      4.146419      1.117538      0.195236      2.723099
      0.470588      0.815468      0.080971     -0.821273      0.000000        -23.510730         11.504872      4.283372      1.173309      0.195236      2.723099
      0.480392      0.813026      0.101911     -0.749125      0.000000        -23.091557         11.705462      4.419964      1.228688      0.195236      2.723099
      0.490196      0.810052      0.121064     -0.687490      0.000000        -22.757124         11.896390      4.556100      1.283586      0.195236      2.723099
      0.500000      0.806591      0.138713     -0.636464      0.000000        -22.514584         12.076429      4.691697      1.337929      0.195236      2.723099
      0.509804      0.802680      0.155140     -0.595784      0.000000        -22.366794         12.244722      4.826675      1.391649      0.195236      2.723099
      0.519608      0.798349      0.170612     -0.564941      0.000000        -22.313128         12.400735      4.960961      1.444688      0.195236      2.723099
      0.529412      0.793621      0.185386     -0.543266      0.000000        -22.350280         12.544197      5.094487      1.496992      0.195236      2.723099
      0.539216      0.788512      0.199694     -0.530001      0.000000        -22.472993         12.675054      5.227187      1.548511      0.195236      2.723099
      0.549020      0.783032      0.213752     -0.524348      0.000000        -22.674676         12.793417      5.359000      1.599198      0.195236      2.723099
      0.558824      0.777186      0.227752     -0.525507      0.000000        -22.947902         12.899528      5.489862      1.649005      0.195236      2.723099
      0.568627      0.770976      0.241865     -0.532699      0.000000        -23.284797         12.993722      5.619714      1.697886      0.195236      2.723099
      0.578431      0.764396      0.256242     -0.545183      0.000000        -23.677337         13.076409      5.748492      1.745794      0.195236      2.723099
      0.588235      0.757440      0.271015     -0.562261      0.000000        -24.117557         13.148043      5.876136      1.792682      0.195236      2.723099
      0.598039      0.750098      0.286299     -0.583283      0.000000        -24.597710         13.209118      6.002581      1.838501      0.195236      2.723099
      0.607843      0.742357      0.302189     -0.607651      0.000000        -25.110374         13.260144      6.127760      1.883203      0.195236      2.723099
      0.617647      0.734202      0.318768     -0.634815      0.000000        -25.648526         13.301648      6.251607      1.926737      0.195236      2.723099
      0.627451      0.725618      0.336105     -0.664273      0.000000        -26.205592         13.334159      6.374050      1.969053      0.195236      2.723099
      0.637255      0.716586      0.354253     -0.695569      0.000000        -26.775478         13.358206      6.495016      2.010098      0.195236      2.723099
      0.647059      0.707090      0.373257     -0.728289      0.000000        -27.352589         13.374315      6.614428      2.049822      0.195236      2.723099
      0.656863      0.697110      0.393149     -0.762060      0.000000        -27.931835         13.383002      6.732207      2.088174      0.195236      2.723099
      0.666667      0.686628      0.413953     -0.796548      0.000000        -28.508635         13.384772      6.848270      2.125103      0.195236      2.723099
      0.676471      0.675627      0.435683     -0.831456      0.000000        -29.078912         13.380117      6.962531      2.160562      0.195236      2.723099
      0.686275      0.664089      0.458349     -0.866518      0.000000        -29.639081         13.369512      7.074903      2.194505      0.195236      2.723099
      0.696078      0.651997      0.481950     -0.901503      0.000000        -30.186039         13.353415      7.185292      2.226890      0.195236      2.723099
      0.705882      0.639335      0.506481     -0.936211      0.000000        -30.717141         13.332264      7.293606      2.257678      0.195236      2.723099
      0.715686      0.626091      0.531934     -0.970468      0.000000        -31.230179         13.306476      7.399747      2.286837      0.195236      2.723099
      0.725490      0.612250      0.558293     -1.004130      0.000000        -31.723362         13.276444      7.503617      2.314338      0.195236      2.723099
      0.735294      0.597802      0.585542     -1.037073      0.000000        -32.195279         13.242542      7.605114      2.340162      0.195236      2.723099
      0.745098      0.582739      0.613659     -1.069202      0.000000        -32.644876         13.205114      7.704136      2.364295      0.195236      2.723099
      0.754902      0.567053      0.642623     -1.100438      0.000000        -33.071421         13.164484      7.800579      2.386731      0.195236      2.723099
      0.764706      0.550739      0.672408     -1.130724      0.000000        -33.474469         13.120947      7.894338      2.407476      0.195236      2.723099
      0.774510      0.533795      0.702988     -1.160020      0.000000        -33.853834         13.074777      7.985308      2.426541      0.195236      2.723099
      0.784314      0.516220      0.734337     -1.188302      0.000000        -34.209553         13.026219      8.073383      2.443949      0.195236      2.723099
      0.794118      0.498017      0.766427     -1.215559      0.000000        -34.541855         12.975495      8.158457      2.459733      0.195236      2.723099
      0.803922      0.479189      0.799232     -1.241794      0.000000        -34.851132         12.922802      8.240425      2.473936      0.195236      2.723099
      0.813725      0.459745      0.832723     -1.267017      0.000000        -35.137908         12.868315      8.319183      2.486609      0.195236      2.723099
      0.823529      0.439694      0.866874     -1.291253      0.000000        -35.402815         12.812183      8.394629      2.497814      0.195236      2.723099
      0.833333      0.419047      0.901660     -1.314529      0.000000        -35.646568         12.754536      8.466661      2.507623      0.195236      2.723099
      0.843137      0.397819      0.937054     -1.336883      0.000000        -35.869946         12.695480      8.535180      2.516114      0.195236      2.723099
      0.852941      0.376027      0.973033     -1.358357      0.000000        -36.073767         12.635103      8.600092      2.523373      0.195236      2.723099
      0.862745      0.353690      1.009575     -1.378996      0.000000        -36.258878         12.573473      8.661301      2.529494      0.195236      2.723099
      0.872549      0.330831      1.046657     -1.398851      0.000000        -36.426135         12.510638      8.718720      2.534575      0.195236      2.723099
      0.882353      0.307473      1.084259     -1.417976      0.000000        -36.576396         12.446633      8.772262      2.538717      0.195236      2.723099
      0.892157      0.283642      1.122362     -1.436426      0.000000        -36.710505         12.381472      8.821846      2.542024      0.195236      2.723099
      0.901961      0.259368      1.160950     -1.454259      0.000000        -36.829292         12.315157      8.867395      2.544603      0.195236      2.723099
      0.911765      0.234681      1.200006     -1.471534      0.000000        -36.933556         12.247675      8.908837      2.546555      0.195236      2.723099
      0.921569      0.209614      1.239517     -1.488312      0.000000        -37.024070         12.179000      8.946106      2.547983      0.195236      2.723099
      0.931373      0.184202      1.279469     -1.504654      0.000000        -37.101571         12.109094      8.979140      2.548984      0.195236      2.723099
      0.941176      0.158482      1.319853     -1.520625      0.000000        -37.166759         12.037907      9.007885      2.549647      0.195236      2.723099
      0.950980      0.132493      1.360659     -1.536290      0.000000        -37.220298         11.965378      9.032293      2.550056      0.195236      2.723099
      0.960784      0.106276      1.401880     -1.551722      0.000000        -37.262816         11.891440      9.052322      2.550284      0.195236      2.723099
      0.970588      0.079874      1.443510     -1.567009      0.000000        -37.294903         11.816013      9.067937      2.550393      0.195236      2.723099
      0.980392      0.053329      1.485549     -1.582319      0.000000        -37.317122         11.739015      9.079111      2.550434      0.195236      2.723099
      0.990196      0.026689      1.528003     -1.598539      0.000000        -37.330016         11.660354      9.085823      2.550444      0.195236      2.723099
      1.000000      0.000000      1.570796     -1.603563      0.000000        -37.331856         11.640284      9.088062      2.550445      0.195236      2.723099
