             t             r           psi            cs            qs                 p               sig             A             V            Q2             S
      0.000000      0.000000     -1.570796      0.746678      0.000000        -13.410855          8.980345     -0.000000      0.000000     -0.505884      4.767658
      0.009804      0.046732     -1.535728      0.758633      0.000000        -13.416101          8.891396      0.006863      0.000003     -0.505884      4.767658
      0.019608      0.093406     -1.499816      0.778148      0.000000        -13.436740          8.739777      0.027444      0.000045     -0.505884      4.767658
      0.029412      0.139959     -1.462961      0.799091      0.000000        -13.474007          8.592700      0.061715      0.000231     -0.505884      4.767658
      0.039216      0.186323     -1.425083      0.822053      0.000000        -13.530672          8.449611      0.109633      0.000735     -0.505884      4.767658
      0.049020      0.232426     -1.386074      0.847548      0.000000        -13.610107          8.310022      0.171131      0.001807     -0.505884      4.767658
      0.058824      0.278189     -1.345802      0.876179      0.000000        -13.716455          8.173527      0.246121      0.003770     -0.505884      4.767658
      0.068627      0.323523     -1.304105      0.908678      0.000000        -13.854834          8.039825      0.334490      0.007023     -0.505884      4.767658
      0.078431      0.368333     -1.260782      0.945934      0.000000        -14.031577          7.908742      0.436099      0.012041     -0.505884      4.767658
      0.088235      0.412512     -1.215585      0.989036      0.000000        -14.254527          7.780281      0.550778      0.019374     -0.505884      4.767658
      0.098039      0.455938     -1.168212      1.039306      0.000000        -14.533379          7.654674      0.678324      0.029641     -0.505884      4.767658
      0.107843      0.498472     -1.118291      1.098331      0.000000        -14.880042          7.532476      0.818497      0.043535     -0.505884      4.767658
      0.117647      0.539955     -1.065370      1.167978      0.000000        -15.308966          7.414685      0.971011      0.061808     -0.505884      4.767658
      0.127451      0.580200     -1.008906      1.250335      0.000000        -15.837252          7.302930      1.135531      0.085270     -0.505884      4.767658
      0.137255      0.618986     -0.948253      1.347534      0.000000        -16.484226          7.199725      1.311663      0.114769     -0.505884      4.767658
      0.147059      0.656051     -0.882675      1.461292      0.000000        -17.269753          7.108832      1.498939      0.151171     -0.505884      4.767658
      0.156863      0.691083     -0.811382      1.591962      0.000000        -18.210051          7.035745      1.696811      0.195319     -0.505884      4.767658
      0.166667      0.723717     -0.733630      1.736762      0.000000        -19.308965          6.988255      1.904629      0.247975     -0.505884      4.767658
      0.176471      0.753528     -0.648934      1.886946      0.000000        -20.542211          6.976997      2.121628      0.309727     -0.505884      4.767658
      0.186275      0.780054     -0.557425      2.024277      0.000000        -21.833803          7.015608      2.346910      0.380867     -0.505884      4.767658
      0.196078      0.802833     -0.460358      2.118891      0.000000        -23.031248          7.119825      2.579444      0.461237     -0.505884      4.767658
      0.205882      0.821480     -0.360600      2.133085      0.000000        -23.901609          7.304652      2.818069      0.550107     -0.505884      4.767658
      0.215686      0.835790     -0.262711      2.035166      0.000000        -24.182393          7.579293      3.061535      0.646146     -0.505884      4.767658
      0.225490      0.845833     -0.172208      1.818978      0.000000        -23.695646          7.941546      3.308572      0.747587     -0.505884      4.767658
      0.235294      0.851981     -0.094076      1.513129      0.000000        -22.460090          8.375400      3.557973      0.852539     -0.505884      4.767658
      0.245098      0.854847     -0.031356      1.168597      0.000000        -20.700488          8.854607      3.808682      0.959330     -0.505884      4.767658
      0.254902      0.855160      0.015348      0.834904      0.000000        -18.739654          9.350483      4.059839      1.066710     -0.505884      4.767658
      0.264706      0.853642      0.047372      0.544127      0.000000        -16.866770          9.839074      4.310802      1.173876     -0.505884      4.767658
      0.274510      0.850926      0.067090      0.309091      0.000000        -15.267529         10.304493      4.561129      1.280379     -0.505884      4.767658
      0.284314      0.847525      0.077133      0.129439      0.000000        -14.022921         10.738654      4.810547      1.386009     -0.505884      4.767658
      0.294118      0.843834      0.079948     -0.001623      0.000000        -13.140542         11.139276      5.058915      1.490703     -0.505884      4.767658
      0.303922      0.840139      0.077603     -0.092813      0.000000        -12.588070         11.507686      5.306193      1.594478     -0.505884      4.767658
      0.313725      0.836641      0.071762     -0.152513      0.000000        -12.317052         11.847120      5.552411      1.697399     -0.505884      4.767658
      0.323529      0.833471      0.063723     -0.187922      0.000000        -12.276471         12.161600      5.797647      1.799552     -0.505884      4.767658
      0.333333      0.830707      0.054480     -0.204906      0.000000        -12.419196         12.455288      6.042010      1.901036     -0.505884      4.767658
      0.343137      0.828387      0.044781     -0.208140      0.000000        -12.704322         12.732148      6.285626      2.001952     -0.505884      4.767658
      0.352941      0.826520      0.035179     -0.201320      0.000000        -13.097456         12.995790      6.528628      2.102403     -0.505884      4.767658
      0.362745      0.825092      0.026072     -0.187369      0.000000        -13.570122         13.249414      6.771146      2.202488     -0.505884      4.767658
      0.372549      0.824071      0.017738     -0.168609      0.000000        -14.098897         13.495809      7.013305      2.302300     -0.505884      4.767658
      0.382353      0.823419      0.010356     -0.146891      0.000000        -14.664550         13.737376      7.255220      2.401925     -0.505884      4.767658
      0.392157      0.823087      0.004029     -0.123690      0.000000        -15.251314         13.976148      7.496991      2.501438     -0.505884      4.767658
      0.401961      0.823025     -0.001202     -0.100178      0.000000        -15.846303         14.213825      7.738706      2.600908     -0.505884      4.767658
      0.411765      0.823182     -0.005346     -0.077269      0.000000        -16.439081         14.451797      7.980436      2.700390     -0.505884      4.767658
      0.421569      0.823508     -0.008446     -0.055663      0.000000        -17.021343         14.691169      8.222239      2.799930     -0.505884      4.767658
      0.431373      0.823957     -0.010577     -0.035864      0.000000        -17.586692         14.932781      8.464156      2.899561     -0.505884      4.767658
      0.441176      0.824484     -0.011832     -0.018211      0.000000        -18.130477         15.177229      8.706217      2.999310     -0.505884      4.767658
      0.450980      0.825051     -0.012316     -0.002892      0.000000        -18.649660         15.424888      8.948440      3.099192     -0.505884      4.767658
      0.460784      0.825625     -0.012140      0.010038      0.000000        -19.142699         15.675929      9.190831      3.199211     -0.505884      4.767658
      0.470588      0.826177     -0.011414      0.020633      0.000000        -19.609428         15.930342      9.433388      3.299369     -0.505884      4.767658
      0.480392      0.826685     -0.010245      0.029044      0.000000        -20.050924         16.187962      9.676102      3.399656     -0.505884      4.767658
      0.490196      0.827129     -0.008730      0.035497      0.000000        -20.469353         16.448490      9.918956      3.500061     -0.505884      4.767658
      0.500000      0.827497     -0.006953      0.040273      0.000000        -20.867810         16.711519     10.161929      3.600566     -0.505884      4.767658
      0.509804      0.827776     -0.004986      0.043694      0.000000        -21.250150         16.976554     10.404997      3.701152     -0.505884      4.767658
      0.519608      0.827961     -0.002884      0.046105      0.000000        -21.620816         17.243036     10.648134      3.801795     -0.505884      4.767658
      0.529412      0.828045     -0.000686      0.047861      0.000000        -21.984691         17.510358     10.891310      3.902471     -0.505884      4.767658
      0.539216      0.828024      0.001585      0.049316      0.000000        -22.346954         17.777879     11.134496      4.003155     -0.505884      4.767658
      0.549020      0.827895      0.003925      0.050817      0.000000        -22.712982         18.044934     11.377659      4.103820     -0.505884      4.767658
      0.558824      0.827656      0.006342      0.052699      0.000000        -23.088272         18.310844     11.620769      4.204440     -0.505884      4.767658
      0.568627      0.827301      0.008862      0.055282      0.000000        -23.478395         18.574911     11.863791      4.304986     -0.505884      4.767658
      0.578431      0.826825      0.011525      0.058868      0.000000        -23.888983         18.836422     12.106692      4.405429     -0.505884      4.767658
      0.588235      0.826220      0.014386      0.063751      0.000000        -24.325738         19.094640     12.349434      4.505738     -0.505884      4.767658
      0.598039      0.825476      0.017510      0.070211      0.000000        -24.794454         19.348795     12.591979      4.605880     -0.505884      4.767658
      0.607843      0.824578      0.020978      0.078522      0.000000        -25.301050         19.598076     12.834283      4.705816     -0.505884      4.767658
      0.617647      0.823508      0.024883      0.088956      0.000000        -25.851587         19.841621     13.076298      4.805508     -0.505884      4.767658
      0.627451      0.822244      0.029331      0.101781      0.000000        -26.452270         20.078501     13.317971      4.904907     -0.505884      4.767658
      0.637255      0.820757      0.034440      0.117266      0.000000        -27.109418         20.307715     13.559241      5.003960     -0.505884      4.767658
      0.647059      0.819013      0.040339      0.135677      0.000000        -27.829371         20.528183     13.800037      5.102607     -0.505884      4.767658
      0.656863      0.816972      0.047173      0.157275      0.000000        -28.618338         20.738744     14.040279      5.200774     -0.505884      4.767658
      0.666667      0.814587      0.055095      0.182306      0.000000        -29.482163         20.938161     14.279872      5.298378     -0.505884      4.767658
      0.676471      0.811805      0.064273      0.210995      0.000000        -30.425995         21.125135     14.518707      5.395320     -0.505884      4.767658
      0.686275      0.808561      0.074880      0.243524      0.000000        -31.453876         21.298327     14.756660      5.491485     -0.505884      4.767658
      0.696078      0.804786      0.087100      0.280025      0.000000        -32.568245         21.456394     14.993583      5.586738     -0.505884      4.767658
      0.705882      0.800401      0.101120      0.320549      0.000000        -33.769401         21.598031     15.229311      5.680923     -0.505884      4.767658
      0.715686      0.795319      0.117128      0.365055      0.000000        -35.054966         21.722032     15.463650      5.773861     -0.505884      4.767658
      0.725490      0.789444      0.135307      0.413386      0.000000        -36.419422         21.827342     15.696383      5.865343     -0.505884      4.767658
      0.735294      0.782673      0.155828      0.465257      0.000000        -37.853803         21.913132     15.927261      5.955137     -0.505884      4.767658
      0.745098      0.774898      0.178849      0.520250      0.000000        -39.345625         21.978852     16.156006      6.042977     -0.505884      4.767658
      0.754902      0.766004      0.204503      0.577820      0.000000        -40.879114         22.024286     16.382307      6.128571     -0.505884      4.767658
      0.764706      0.755874      0.232896      0.637306      0.000000        -42.435770         22.049582     16.605816      6.211599     -0.505884      4.767658
      0.774510      0.744389      0.264099      0.697967      0.000000        -43.995239         22.055263     16.826155      6.291720     -0.505884      4.767658
      0.784314      0.731432      0.298150      0.759011      0.000000        -45.536414         22.042209     17.042907      6.368571     -0.505884      4.767658
      0.794118      0.716891      0.335048      0.819645      0.000000        -47.038647         22.011618     17.255624      6.441785     -0.505884      4.767658
      0.803922      0.700660      0.374755      0.879114      0.000000        -48.482917         21.964939     17.463825      6.510993     -0.505884      4.767658
      0.813725      0.682642      0.417201      0.936742      0.000000        -49.852818         21.903801     17.666999      6.575843     -0.505884      4.767658
      0.823529      0.662754      0.462287      0.991962      0.000000        -51.135262         21.829920     17.864608      6.636011     -0.505884      4.767658
      0.833333      0.640929      0.509889      1.044334      0.000000        -52.320840         21.745023     18.056094      6.691218     -0.505884      4.767658
      0.843137      0.617113      0.559866      1.093553      0.000000        -53.403845         21.650776     18.240878      6.741247     -0.505884      4.767658
      0.852941      0.591274      0.612066      1.139443      0.000000        -54.382018         21.548719     18.418372      6.785953     -0.505884      4.767658
      0.862745      0.563400      0.666332      1.181948      0.000000        -55.256086         21.440229     18.587978      6.825279     -0.505884      4.767658
      0.872549      0.533498      0.722507      1.221112      0.000000        -56.029183         21.326488     18.749100      6.859264     -0.505884      4.767658
      0.882353      0.501596      0.780436      1.257061      0.000000        -56.706246         21.208474     18.901145      6.888047     -0.505884      4.767658
      0.892157      0.467744      0.839974      1.289983      0.000000        -57.293427         21.086953     19.043533      6.911868     -0.505884      4.767658
      0.901961      0.432012      0.900985      1.320105      0.000000        -57.797588         20.962492     19.175701      6.931062     -0.505884      4.767658
      0.911765      0.394492      0.963343      1.347685      0.000000        -58.225874         20.835466     19.297110      6.946050     -0.505884      4.767658
      0.921569      0.355292      1.026936      1.372993      0.000000        -58.585394         20.706075     19.407251      6.957322     -0.505884      4.767658
      0.931373      0.314542      1.091664      1.396306      0.000000        -58.882981         20.574361     19.505648      6.965419     -0.505884      4.767658
      0.941176      0.272387      1.157440      1.417896      0.000000        -59.125034         20.440225     19.591867      6.970909     -0.505884      4.767658
      0.950980      0.228988      1.224191      1.438035      0.000000        -59.317430         20.303439     19.665519      6.974359     -0.505884      4.767658
      0.960784      0.184524      1.291854      1.456982      0.000000        -59.465476         20.163668     19.726265      6.976314     -0.505884      4.767658
      0.970588      0.139184      1.360380      1.474997      0.000000        -59.573902         20.020480     19.773818      6.977265     -0.505884      4.767658
      0.980392      0.093172      1.429732      1.492342      0.000000        -59.646896         19.873361     19.807952      6.977625     -0.505884      4.767658
      0.990196      0.046702      1.499885      1.509425      0.000000        -59.688160         19.721731     19.828500      6.977710     -0.505884      4.767658
      1.000000      0.000000      1.570796      1.520386      0.000000        -59.698800         19.632781     19.835361      6.977716     -0.505884      4.767658
