             t             r           psi            cs            qs                 p               sig             A             V            Q2             S
      0.000000      0.000000     -1.570796      0.964844      0.000000       -624.111477        323.426211      0.000000      0.000000     -0.091593      9.364978
      0.009804      0.091693     -1.482155      0.966362      0.000000       -624.149703        323.089564      0.026465      0.000054     -0.091593      9.364978
      0.019608      0.182666     -1.393340      0.968356      0.000000       -624.288092        322.671562      0.105654      0.000854     -0.091593      9.364978
      0.029412      0.272198     -1.304329      0.970662      0.000000       -624.560040        322.259182      0.236941      0.004269     -0.091593      9.364978
      0.039216      0.359576     -1.215084      0.973475      0.000000       -625.018555        321.842853      0.419291      0.013256     -0.091593      9.364978
      0.049020      0.444097     -1.125548      0.977074      0.000000       -625.746517        321.412347      0.651257      0.031632     -0.091593      9.364978
      0.058824      0.525073     -1.035630      0.981892      0.000000       -626.877345        320.956216      0.930992      0.063774     -0.091593      9.364978
      0.068627      0.601828     -0.945188      0.988634      0.000000       -628.633411        320.460993      1.256254      0.114270     -0.091593      9.364978
      0.078431      0.673704     -0.853995      0.998513      0.000000       -631.401286        319.910073      1.624420      0.187538     -0.091593      9.364978
      0.088235      0.740050     -0.761673      1.013732      0.000000       -635.887685        319.282327      2.032486      0.287452     -0.091593      9.364978
      0.098039      0.800209     -0.667557      1.038554      0.000000       -643.463048        318.550992      2.477073      0.416989     -0.091593      9.364978
      0.107843      0.853483     -0.570412      1.081796      0.000000       -656.962974        317.685824      2.954414      0.577911     -0.091593      9.364978
      0.117647      0.899061     -0.467779      1.162702      0.000000       -682.584041        316.673129      3.460311      0.770503     -0.091593      9.364978
      0.127451      0.935838     -0.354554      1.321256      0.000000       -733.311616        315.626392      3.990028      0.993304     -0.091593      9.364978
      0.137255      0.962087     -0.221685      1.582088      0.000000       -818.602367        315.325050      4.538028      1.242585     -0.091593      9.364978
      0.147059      0.975524     -0.073245      1.502016      0.000000       -804.107224        318.539329      5.097568      1.510785     -0.091593      9.364978
      0.156863      0.977127      0.023061      0.542247      0.000000       -510.259365        325.964577      5.661219      1.785996     -0.091593      9.364978
      0.166667      0.973816      0.039796     -0.067794      0.000000       -318.249025        332.104143      6.224020      2.060346     -0.091593      9.364978
      0.176471      0.970742      0.025222     -0.201579      0.000000       -278.286317        335.999959      6.784843      2.332797     -0.091593      9.364978
      0.186275      0.969251      0.007906     -0.161367      0.000000       -294.901831        338.840764      7.344339      2.604075     -0.091593      9.364978
      0.196078      0.969093     -0.003199     -0.079358      0.000000       -325.181595        341.387442      7.903387      2.874957     -0.091593      9.364978
      0.205882      0.969613     -0.007063     -0.009333      0.000000       -351.582035        344.020399      8.462572      3.145968     -0.091593      9.364978
      0.215686      0.970237     -0.005942      0.027808      0.000000       -367.166827        346.885552      9.022109      3.417318     -0.091593      9.364978
      0.225490      0.970648     -0.002938      0.033352      0.000000       -372.219696        349.966246      9.581952      3.688970     -0.091593      9.364978
      0.235294      0.970790     -0.000348      0.021548      0.000000       -371.399367        353.163129     10.141953      3.960777     -0.091593      9.364978
      0.245098      0.970753      0.000946      0.007086      0.000000       -369.640632        356.378324     10.701979      4.232608     -0.091593      9.364978
      0.254902      0.970651      0.001116     -0.002273      0.000000       -369.613990        359.559708     11.261959      4.504395     -0.091593      9.364978
      0.264706      0.970565      0.000721     -0.005431      0.000000       -371.729084        362.698990     11.821883      4.776128     -0.091593      9.364978
      0.274510      0.970521      0.000243     -0.004559      0.000000       -375.253680        365.810376     12.381769      5.047823     -0.091593      9.364978
      0.284314      0.970515     -0.000074     -0.002275      0.000000       -379.280233        368.911787     12.941642      5.319506     -0.091593      9.364978
      0.294118      0.970528     -0.000186     -0.000308      0.000000       -383.197522        372.015373     13.501517      5.591191     -0.091593      9.364978
      0.303922      0.970545     -0.000160      0.000704      0.000000       -386.774665        375.125717     14.061401      5.862885     -0.091593      9.364978
      0.313725      0.970556     -0.000083      0.000872      0.000000       -390.046606        378.242119     14.621294      6.134588     -0.091593      9.364978
      0.323529      0.970560     -0.000014      0.000590      0.000000       -393.154622        381.361771     15.181191      6.406294     -0.091593      9.364978
      0.333333      0.970560      0.000023      0.000222      0.000000       -396.230203        384.482066     15.741089      6.678002     -0.091593      9.364978
      0.343137      0.970557      0.000031     -0.000035      0.000000       -399.346454        387.601555     16.300986      6.949708     -0.091593      9.364978
      0.352941      0.970555      0.000022     -0.000137      0.000000       -402.520172        390.719904     16.860882      7.221413     -0.091593      9.364978
      0.362745      0.970553      0.000009     -0.000129      0.000000       -405.735793        393.837423     17.420776      7.493117     -0.091593      9.364978
      0.372549      0.970553     -0.000001     -0.000073      0.000000       -408.969336        396.954586     17.980670      7.764820     -0.091593      9.364978
      0.382353      0.970553     -0.000005     -0.000019      0.000000       -412.202616        400.071755     18.540564      8.036523     -0.091593      9.364978
      0.392157      0.970554     -0.000005      0.000014      0.000000       -415.427377        403.189093     19.100458      8.308227     -0.091593      9.364978
      0.401961      0.970554     -0.000003      0.000023      0.000000       -418.643200        406.306608     19.660352      8.579930     -0.091593      9.364978
      0.411765      0.970554     -0.000001      0.000018      0.000000       -421.853429        409.424233     20.220247      8.851634     -0.091593      9.364978
      0.421569      0.970554      0.000000      0.000009      0.000000       -425.061819        412.541895     20.780141      9.123338     -0.091593      9.364978
      0.431373      0.970554      0.000001      0.000001      0.000000       -428.270833        415.659545     21.340036      9.395042     -0.091593      9.364978
      0.441176      0.970554      0.000001     -0.000003      0.000000       -431.481370        418.777165     21.899930      9.666746     -0.091593      9.364978
      0.450980      0.970554      0.000000     -0.000004      0.000000       -434.693257        421.894758     22.459825      9.938450     -0.091593      9.364978
      0.460784      0.970554      0.000000     -0.000003      0.000000       -437.905887        425.012336     23.019719     10.210154     -0.091593      9.364978
      0.470588      0.970554     -0.000000     -0.000001      0.000000       -441.118691        428.129911     23.579613     10.481858     -0.091593      9.364978
      0.480392      0.970554     -0.000000      0.000000      0.000000       -444.331334        431.247489     24.139508     10.753561     -0.091593      9.364978
      0.490196      0.970554     -0.000000      0.000001      0.000000       -447.543721        434.365071     24.699402     11.025265     -0.091593      9.364978
      0.500000      0.970554     -0.000000      0.000001      0.000000       -450.755906        437.482658     25.259297     11.296969     -0.091593      9.364978
      0.509804      0.970554     -0.000000      0.000000      0.000000       -453.967991        440.600247     25.819191     11.568673     -0.091593      9.364978
      0.519608      0.970554      0.000000      0.000000      0.000000       -457.180061        443.717837     26.379085     11.840377     -0.091593      9.364978
      0.529412      0.970554      0.000000     -0.000000      0.000000       -460.392164        446.835425     26.938980     12.112081     -0.091593      9.364978
      0.539216      0.970554      0.000000     -0.000000      0.000000       -463.604308        449.953013     27.498874     12.383785     -0.091593      9.364978
      0.549020      0.970554      0.000000     -0.000000      0.000000       -466.816483        453.070600     28.058769     12.655488     -0.091593      9.364978
      0.558824      0.970554      0.000000     -0.000000      0.000000       -470.028673        456.188187     28.618663     12.927192     -0.091593      9.364978
      0.568627      0.970554     -0.000000     -0.000000      0.000000       -473.240863        459.305774     29.178557     13.198896     -0.091593      9.364978
      0.578431      0.970554     -0.000000      0.000000      0.000000       -476.453049        462.423361     29.738452     13.470600     -0.091593      9.364978
      0.588235      0.970554     -0.000000      0.000000      0.000000       -479.665229        465.540948     30.298346     13.742304     -0.091593      9.364978
      0.598039      0.970554      0.000000      0.000000      0.000000       -482.877409        468.658535     30.858241     14.014008     -0.091593      9.364978
      0.607843      0.970554      0.000000      0.000000      0.000000       -486.089593        471.776122     31.418135     14.285712     -0.091593      9.364978
      0.617647      0.970554      0.000000      0.000000      0.000000       -489.301792        474.893709     31.978030     14.557415     -0.091593      9.364978
      0.627451      0.970554      0.000000      0.000000      0.000000       -492.514023        478.011295     32.537924     14.829119     -0.091593      9.364978
      0.637255      0.970554      0.000000      0.000000      0.000000       -495.726318        481.128879     33.097818     15.100823     -0.091593      9.364978
      0.647059      0.970554      0.000000      0.000001      0.000000       -498.938743        484.246462     33.657713     15.372527     -0.091593      9.364978
      0.656863      0.970554      0.000000      0.000002      0.000000       -502.151433        487.364039     34.217607     15.644231     -0.091593      9.364978
      0.666667      0.970554      0.000001      0.000004      0.000000       -505.364666        490.481605     34.777502     15.915935     -0.091593      9.364978
      0.676471      0.970554      0.000001      0.000009      0.000000       -508.579009        493.599149     35.337396     16.187638     -0.091593      9.364978
      0.686275      0.970554      0.000002      0.000018      0.000000       -511.795617        496.716648     35.897290     16.459342     -0.091593      9.364978
      0.696078      0.970553      0.000005      0.000036      0.000000       -515.016844        499.834056     36.457184     16.731046     -0.091593      9.364978
      0.705882      0.970553      0.000009      0.000072      0.000000       -518.247467        502.951277     37.017078     17.002749     -0.091593      9.364978
      0.715686      0.970551      0.000019      0.000146      0.000000       -521.497185        506.068120     37.576972     17.274452     -0.091593      9.364978
      0.725490      0.970549      0.000038      0.000295      0.000000       -524.785638        509.184194     38.136864     17.546154     -0.091593      9.364978
      0.735294      0.970544      0.000078      0.000596      0.000000       -528.152527        512.298712     38.696754     17.817854     -0.091593      9.364978
      0.745098      0.970533      0.000157      0.001202      0.000000       -531.677904        515.410085     39.256640     18.089549     -0.091593      9.364978
      0.754902      0.970513      0.000317      0.002417      0.000000       -535.522628        518.515112     39.816517     18.361236     -0.091593      9.364978
      0.764706      0.970470      0.000638      0.004849      0.000000       -540.008135        521.607383     40.376377     18.632907     -0.091593      9.364978
      0.774510      0.970386      0.001280      0.009691      0.000000       -545.770485        524.674128     40.936202     18.904543     -0.091593      9.364978
      0.784314      0.970216      0.002560      0.019250      0.000000       -554.045544        527.690231     41.495956     19.176110     -0.091593      9.364978
      0.794118      0.969878      0.005087      0.037827      0.000000       -567.150973        530.607366     42.055569     19.447539     -0.091593      9.364978
      0.803922      0.969210      0.010006      0.072908      0.000000       -589.136670        533.336476     42.614902     19.718691     -0.091593      9.364978
      0.813725      0.967907      0.019323      0.135764      0.000000       -626.118285        535.726528     43.173687     19.989290     -0.091593      9.364978
      0.823529      0.965432      0.036168      0.238584      0.000000       -684.695840        537.559475     43.731414     20.258794     -0.091593      9.364978
      0.833333      0.960917      0.064472      0.384339      0.000000       -766.357906        538.607862     44.287176     20.526170     -0.091593      9.364978
      0.843137      0.953152      0.107511      0.554535      0.000000       -860.767606        538.778330     44.839461     20.789573     -0.091593      9.364978
      0.852941      0.940749      0.165983      0.714743      0.000000       -948.953049        538.224722     45.385994     21.046063     -0.091593      9.364978
      0.862745      0.922435      0.237644      0.839411      0.000000      -1017.058898        537.265092     45.923723     21.291607     -0.091593      9.364978
      0.872549      0.897279      0.318896      0.924480      0.000000      -1063.139397        536.188803     46.448947     21.521525     -0.091593      9.364978
      0.882353      0.864751      0.406458      0.978689      0.000000      -1092.197413        535.161461     46.957550     21.731176     -0.091593      9.364978
      0.892157      0.824667      0.497989      1.012504      0.000000      -1110.074162        534.245182     47.445210     21.916634     -0.091593      9.364978
      0.901961      0.777100      0.592000      1.033749      0.000000      -1121.092433        533.447407     47.907580     22.075178     -0.091593      9.364978
      0.911765      0.722313      0.687583      1.047391      0.000000      -1127.980676        532.754254     48.340410     22.205569     -0.091593      9.364978
      0.921569      0.660713      0.784189      1.056407      0.000000      -1132.364609        532.146434     48.739647     22.308137     -0.091593      9.364978
      0.931373      0.592815      0.881481      1.062558      0.000000      -1135.201006        531.605301     49.101504     22.384686     -0.091593      9.364978
      0.941176      0.519227      0.979248      1.066895      0.000000      -1137.057868        531.114547     49.422520     22.438270     -0.091593      9.364978
      0.950980      0.440628      1.077356      1.070060      0.000000      -1138.278539        530.660243     49.699605     22.472842     -0.091593      9.364978
      0.960784      0.357761      1.175717      1.072458      0.000000      -1139.075048        530.230352     49.930079     22.492834     -0.091593      9.364978
      0.970588      0.271418      1.274273      1.074348      0.000000      -1139.581189        529.814161     50.111707     22.502704     -0.091593      9.364978
      0.980392      0.182431      1.372986      1.075908      0.000000      -1139.883108        529.401781     50.242723     22.506482     -0.091593      9.364978
      0.990196      0.091664      1.471832      1.077263      0.000000      -1140.037316        528.983768     50.321847     22.507372     -0.091593      9.364978
      1.000000     -0.000000      1.570796      1.078300      0.000000      -1140.080004        528.647119     50.348308     22.507432     -0.091593      9.364978
