             t             r           psi            cs            qs                 p               sig             A             V            Q2             S
      0.000000      0.000000     -1.570796      0.679924      0.000000        -19.101682         14.046929      0.000000      0.000000     -0.319606      7.561577
      0.009804      0.074101     -1.519943      0.695946      0.000000        -19.117002         13.833652      0.017262      0.000016     -0.319606      7.561577
      0.019608      0.148007     -1.467537      0.718331      0.000000        -19.172629         13.551869      0.069001      0.000262     -0.319606      7.561577
      0.029412      0.221504     -1.413356      0.744067      0.000000        -19.278831         13.278208      0.155079      0.001336     -0.319606      7.561577
      0.039216      0.294357     -1.357096      0.774703      0.000000        -19.451446         13.009441      0.275251      0.004252     -0.319606      7.561577
      0.049020      0.366304     -1.298321      0.812366      0.000000        -19.713321         12.742557      0.429157      0.010443     -0.319606      7.561577
      0.058824      0.437046     -1.236401      0.860145      0.000000        -20.098106         12.474841      0.616307      0.021759     -0.319606      7.561577
      0.068627      0.506230     -1.170428      0.922660      0.000000        -20.656420         12.204085      0.836060      0.040467     -0.319606      7.561577
      0.078431      0.573428     -1.099066      1.006995      0.000000        -21.465996         11.929057      1.087595      0.069242     -0.319606      7.561577
      0.088235      0.638097     -1.020318      1.124179      0.000000        -22.648175         11.650578      1.369865      0.111157     -0.319606      7.561577
      0.098039      0.699510     -0.931161      1.291284      0.000000        -24.392640         11.373986      1.681532      0.169656     -0.319606      7.561577
      0.107843      0.756649     -0.827028      1.532857      0.000000        -26.983173         11.114804      2.020856      0.248485     -0.319606      7.561577
      0.117647      0.808026     -0.701400      1.874162      0.000000        -30.766147         10.911522      2.385523      0.351435     -0.319606      7.561577
      0.127451      0.851468     -0.547012      2.296369      0.000000        -35.802491         10.851082      2.772373      0.481565     -0.319606      7.561577
      0.137255      0.884148     -0.363560      2.600557      0.000000        -40.588831         11.096937      3.177065      0.639197     -0.319606      7.561577
      0.147059      0.903745     -0.175305      2.356017      0.000000        -40.758023         11.829127      3.593983      0.818899     -0.319606      7.561577
      0.156863      0.910941     -0.029993      1.504485      0.000000        -33.825548         13.001041      4.017033      1.009941     -0.319606      7.561577
      0.166667      0.909889      0.047477      0.627170      0.000000        -24.648038         14.288992      4.441320      1.203112     -0.319606      7.561577
      0.176471      0.905234      0.071393      0.075728      0.000000        -18.177868         15.436366      4.864122      1.394620     -0.319606      7.561577
      0.186275      0.900030      0.065955     -0.183773      0.000000        -15.156846         16.387801      5.284544      1.583888     -0.319606      7.561577
      0.196078      0.895753      0.048487     -0.266172      0.000000        -14.586934         17.183435      5.702724      1.771290     -0.319606      7.561577
      0.205882      0.892895      0.028769     -0.255241      0.000000        -15.451382         17.878431      6.119236      1.957372     -0.319606      7.561577
      0.215686      0.891421      0.011692     -0.201240      0.000000        -17.046035         18.518468      6.534747      2.142662     -0.319606      7.561577
      0.225490      0.891046     -0.000742     -0.133647      0.000000        -18.919112         19.136717      6.949841      2.327615     -0.319606      7.561577
      0.235294      0.891407     -0.008220     -0.069676      0.000000        -20.784957         19.755542      7.364946      2.512579     -0.319606      7.561577
      0.245098      0.892158     -0.011396     -0.018616      0.000000        -22.471922         20.388445      7.780322      2.697778     -0.319606      7.561577
      0.254902      0.893018     -0.011392      0.015899      0.000000        -23.895500         21.041729      8.196083      2.883317     -0.319606      7.561577
      0.264706      0.893799     -0.009438      0.034322      0.000000        -25.040688         21.716119      8.612231      3.069204     -0.319606      7.561577
      0.274510      0.894397     -0.006626      0.039698      0.000000        -25.943397         22.408552      9.028703      3.255385     -0.319606      7.561577
      0.284314      0.894781     -0.003771      0.036208      0.000000        -26.668760         23.113991      9.445403      3.441774     -0.319606      7.561577
      0.294118      0.894967     -0.001375      0.027973      0.000000        -27.289808         23.827006      9.862235      3.628283     -0.319606      7.561577
      0.303922      0.895001      0.000341      0.018296      0.000000        -27.871205         24.542886     10.279117      3.814836     -0.319606      7.561577
      0.313725      0.894934      0.001358      0.009381      0.000000        -28.460448         25.258201     10.695989      4.001381     -0.319606      7.561577
      0.323529      0.894815      0.001781      0.002394      0.000000        -29.085894         25.970898     11.112815      4.187885     -0.319606      7.561577
      0.333333      0.894681      0.001770     -0.002304      0.000000        -29.759313         26.680118     11.529582      4.374335     -0.319606      7.561577
      0.343137      0.894559      0.001492     -0.004869      0.000000        -30.480445         27.385869     11.946288      4.560731     -0.319606      7.561577
      0.352941      0.894463      0.001090     -0.005735      0.000000        -31.241757         28.088689     12.362943      4.747081     -0.319606      7.561577
      0.362745      0.894398      0.000671     -0.005423      0.000000        -32.032431         28.789364     12.779560      4.933398     -0.319606      7.561577
      0.372549      0.894362      0.000303     -0.004427      0.000000        -32.841244         29.488710     13.196154      5.119695     -0.319606      7.561577
      0.382353      0.894351      0.000021     -0.003151      0.000000        -33.658370         30.187447     13.612737      5.305981     -0.319606      7.561577
      0.392157      0.894357     -0.000165     -0.001884      0.000000        -34.476279         30.886127     14.029319      5.492267     -0.319606      7.561577
      0.401961      0.894373     -0.000263     -0.000804      0.000000        -35.289971         31.585115     14.445907      5.678557     -0.319606      7.561577
      0.411765      0.894394     -0.000291      0.000004      0.000000        -36.096770         32.284609     14.862504      5.864856     -0.319606      7.561577
      0.421569      0.894415     -0.000269      0.000527      0.000000        -36.895873         32.984667     15.279110      6.051163     -0.319606      7.561577
      0.431373      0.894433     -0.000219      0.000795      0.000000        -37.687800         33.685249     15.695726      6.237479     -0.319606      7.561577
      0.441176      0.894447     -0.000156      0.000864      0.000000        -38.473863         34.386261     16.112349      6.423801     -0.319606      7.561577
      0.450980      0.894456     -0.000094      0.000795      0.000000        -39.255714         35.087581     16.528978      6.610128     -0.319606      7.561577
      0.460784      0.894461     -0.000041      0.000646      0.000000        -40.035006         35.789088     16.945610      6.796458     -0.319606      7.561577
      0.470588      0.894463      0.000001      0.000465      0.000000        -40.813178         36.490677     17.362243      6.982790     -0.319606      7.561577
      0.480392      0.894461      0.000029      0.000288      0.000000        -41.591339         37.192267     17.778876      7.169121     -0.319606      7.561577
      0.490196      0.894459      0.000044      0.000136      0.000000        -42.370242         37.893802     18.195509      7.355451     -0.319606      7.561577
      0.500000      0.894455      0.000050      0.000022      0.000000        -43.150310         38.595252     18.612139      7.541781     -0.319606      7.561577
      0.509804      0.894451      0.000048     -0.000052      0.000000        -43.931702         39.296606     19.028769      7.728108     -0.319606      7.561577
      0.519608      0.894448      0.000043     -0.000089      0.000000        -44.714387         39.997864     19.445396      7.914434     -0.319606      7.561577
      0.529412      0.894445      0.000036     -0.000093      0.000000        -45.498224         40.699039     19.862022      8.100759     -0.319606      7.561577
      0.539216      0.894443      0.000030     -0.000071      0.000000        -46.283031         41.400143     20.278647      8.287083     -0.319606      7.561577
      0.549020      0.894441      0.000026     -0.000029      0.000000        -47.068646         42.101187     20.695271      8.473406     -0.319606      7.561577
      0.558824      0.894439      0.000026      0.000030      0.000000        -47.854969         42.802180     21.111894      8.659728     -0.319606      7.561577
      0.568627      0.894437      0.000031      0.000105      0.000000        -48.642002         43.503121     21.528516      8.846049     -0.319606      7.561577
      0.578431      0.894434      0.000042      0.000196      0.000000        -49.429878         44.204000     21.945137      9.032369     -0.319606      7.561577
      0.588235      0.894430      0.000061      0.000311      0.000000        -50.218898         44.904795     22.361756      9.218688     -0.319606      7.561577
      0.598039      0.894425      0.000089      0.000460      0.000000        -51.009568         45.605470     22.778373      9.405005     -0.319606      7.561577
      0.607843      0.894417      0.000130      0.000657      0.000000        -51.802656         46.305968     23.194988      9.591320     -0.319606      7.561577
      0.617647      0.894405      0.000188      0.000924      0.000000        -52.599273         47.006207     23.611597      9.777630     -0.319606      7.561577
      0.627451      0.894388      0.000269      0.001293      0.000000        -53.400992         47.706073     24.028200      9.963934     -0.319606      7.561577
      0.637255      0.894364      0.000383      0.001804      0.000000        -54.210013         48.405404     24.444794     10.150230     -0.319606      7.561577
      0.647059      0.894330      0.000542      0.002516      0.000000        -55.029402         49.103975     24.861374     10.336514     -0.319606      7.561577
      0.656863      0.894282      0.000763      0.003508      0.000000        -55.863422         49.801473     25.277936     10.522781     -0.319606      7.561577
      0.666667      0.894215      0.001071      0.004886      0.000000        -56.717989         50.497462     25.694471     10.709024     -0.319606      7.561577
      0.676471      0.894121      0.001501      0.006799      0.000000        -57.601287         51.191337     26.110968     10.895234     -0.319606      7.561577
      0.686275      0.893988      0.002098      0.009447      0.000000        -58.524601         51.882261     26.527414     11.081397     -0.319606      7.561577
      0.696078      0.893804      0.002926      0.013100      0.000000        -59.503410         52.569079     26.943786     11.267494     -0.319606      7.561577
      0.705882      0.893547      0.004074      0.018124      0.000000        -60.558788         53.250204     27.360056     11.453500     -0.319606      7.561577
      0.715686      0.893189      0.005659      0.025003      0.000000        -61.719145         53.923472     27.776184     11.639377     -0.319606      7.561577
      0.725490      0.892693      0.007842      0.034380      0.000000        -63.022278         54.585957     28.192115     11.825077     -0.319606      7.561577
      0.735294      0.892006      0.010838      0.047080      0.000000        -64.517543         55.233744     28.607773     12.010529     -0.319606      7.561577
      0.745098      0.891059      0.014930      0.064148      0.000000        -66.267760         55.861675     29.023054     12.195637     -0.319606      7.561577
      0.754902      0.889757      0.020489      0.086859      0.000000        -68.350034         56.463092     29.437815     12.380269     -0.319606      7.561577
      0.764706      0.887974      0.027985      0.116690      0.000000        -70.854120         57.029637     29.851863     12.564241     -0.319606      7.561577
      0.774510      0.885546      0.038005      0.155232      0.000000        -73.876375         57.551199     30.264937     12.747304     -0.319606      7.561577
      0.784314      0.882261      0.051253      0.203994      0.000000        -77.507113         58.016179     30.676690     12.929116     -0.319606      7.561577
      0.794118      0.877851      0.068531      0.264093      0.000000        -81.810033         58.412203     31.086663     13.109216     -0.319606      7.561577
      0.803922      0.871988      0.090698      0.335844      0.000000        -86.795373         58.727443     31.494257     13.286988     -0.319606      7.561577
      0.813725      0.864282      0.118593      0.418353      0.000000        -92.393539         58.952448     31.898707     13.461627     -0.319606      7.561577
      0.823529      0.854290      0.152935      0.509274      0.000000        -98.441172         59.082167     32.299054     13.632100     -0.319606      7.561577
      0.833333      0.841531      0.194219      0.604944      0.000000       -104.691898         59.117503     32.694121     13.797134     -0.319606      7.561577
      0.843137      0.825512      0.242635      0.700927      0.000000       -110.855398         59.065726     33.082505     13.955222     -0.319606      7.561577
      0.852941      0.805757      0.298042      0.792854      0.000000       -116.653463         58.939443     33.462574     14.104673     -0.319606      7.561577
      0.862745      0.781844      0.360000      0.877210      0.000000       -121.871195         58.754400     33.832489     14.243708     -0.319606      7.561577
      0.872549      0.753427      0.427860      0.951803      0.000000       -126.384584         58.526926     34.190228     14.370598     -0.319606      7.561577
      0.882353      0.720260      0.500858      1.015810      0.000000       -130.159599         58.271805     34.533631     14.483828     -0.319606      7.561577
      0.892157      0.682205      0.578215      1.069504      0.000000       -133.231333         58.001014     34.860451     14.582256     -0.319606      7.561577
      0.901961      0.639238      0.659198      1.113858      0.000000       -135.676418         57.723327     35.168400     14.665257     -0.319606      7.561577
      0.911765      0.591440      0.743164      1.150176      0.000000       -137.588690         57.444521     35.455204     14.732813     -0.319606      7.561577
      0.921569      0.538995      0.829566      1.179832      0.000000       -139.062357         57.167877     35.718654     14.785545     -0.319606      7.561577
      0.931373      0.482179      0.917960      1.204110      0.000000       -140.182626         56.894746     35.956644     14.824685     -0.319606      7.561577
      0.941176      0.421350      1.007990      1.224133      0.000000       -141.021842         56.625051     36.167221     14.851984     -0.319606      7.561577
      0.950980      0.356936      1.099376      1.240851      0.000000       -141.638989         56.357675     36.348610     14.869558     -0.319606      7.561577
      0.960784      0.289429      1.191904      1.255049      0.000000       -142.080883         56.090747     36.499256     14.879713     -0.319606      7.561577
      0.970588      0.219375      1.285411      1.267373      0.000000       -142.384024         55.821830     36.617842     14.884726     -0.319606      7.561577
      0.980392      0.147363      1.379780      1.278358      0.000000       -142.576533         55.548060     36.703317     14.886647     -0.319606      7.561577
      0.990196      0.074019      1.474927      1.288477      0.000000       -142.679954         55.266239     36.754916     14.887100     -0.319606      7.561577
      1.000000      0.000000      1.570796      1.296106      0.000000       -142.708962         55.052958     36.772168     14.887131     -0.319606      7.561577
