             t             r           psi            cs            qs                 p               sig             A             V            Q2             S
      0.000000      0.000000     -1.570796     -0.825689      0.000000        -43.954499         26.616858      0.000000     -0.000000      0.093406      6.999918
      0.009804      0.068590     -1.513895     -0.835072      0.000000        -43.970260         26.421085      0.014792      0.000014      0.093406      6.999918
      0.019608      0.136955     -1.456145     -0.848142      0.000000        -44.027504         26.153037      0.059119      0.000231      0.093406      6.999918
      0.029412      0.204862     -1.397452     -0.862645      0.000000        -44.134866         25.892179      0.132834      0.001171      0.093406      6.999918
      0.039216      0.272068     -1.337696     -0.879241      0.000000        -44.305638         25.635771      0.235689      0.003695      0.093406      6.999918
      0.049020      0.338316     -1.276707     -0.898756      0.000000        -44.558066         25.381200      0.367325      0.008991      0.093406      6.999918
      0.058824      0.403336     -1.214247     -0.922302      0.000000        -44.917576         25.126017      0.527272      0.018543      0.093406      6.999918
      0.068627      0.466837     -1.149991     -0.951418      0.000000        -45.420083         24.867996      0.714939      0.034096      0.093406      6.999918
      0.078431      0.528505     -1.083485     -0.988279      0.000000        -46.117012         24.605296      0.929603      0.057615      0.093406      6.999918
      0.088235      0.587989     -1.014099     -1.036010      0.000000        -47.082930         24.336780      1.170401      0.091221      0.093406      6.999918
      0.098039      0.644890     -0.940939     -1.099147      0.000000        -48.426856         24.062699      1.436307      0.137134      0.093406      6.999918
      0.107843      0.698732     -0.862737     -1.184234      0.000000        -50.307754         23.786098      1.726108      0.197589      0.093406      6.999918
      0.117647      0.748934     -0.777692     -1.300305      0.000000        -52.950471         23.515736      2.038363      0.274738      0.093406      6.999918
      0.127451      0.794754     -0.683309     -1.458088      0.000000        -56.640699         23.272092      2.371350      0.370501      0.093406      6.999918
      0.137255      0.835224     -0.576452     -1.663699      0.000000        -61.616941         23.099110      2.722981      0.486305      0.093406      6.999918
      0.147059      0.869106     -0.454299     -1.895638      0.000000        -67.624107         23.083542      3.090692      0.622619      0.093406      6.999918
      0.156863      0.894987     -0.317858     -2.053914      0.000000        -72.804004         23.369984      3.471337      0.778137      0.093406      6.999918
      0.166667      0.911793     -0.178614     -1.942924      0.000000        -72.880345         24.114874      3.861207      0.948900      0.093406      6.999918
      0.176471      0.919764     -0.059832     -1.467301      0.000000        -64.639351         25.323032      4.256377      1.128649      0.093406      6.999918
      0.186275      0.920907      0.019255     -0.838996      0.000000        -51.494042         26.754601      4.653415      1.311369      0.093406      6.999918
      0.196078      0.918051      0.058123     -0.325116      0.000000        -39.728533         28.125580      5.049984      1.493562      0.093406      6.999918
      0.205882      0.913588      0.068391     -0.004774      0.000000        -32.139180         29.302668      5.444905      1.674028      0.093406      6.999918
      0.215686      0.909041      0.062348      0.159775      0.000000        -28.408609         30.281578      5.837843      1.852673      0.093406      6.999918
      0.225490      0.905206      0.048756      0.223440      0.000000        -27.372446         31.106156      6.228955      2.029773      0.093406      6.999918
      0.235294      0.902399      0.033034      0.227416      0.000000        -28.010442         31.825099      6.618630      2.205701      0.093406      6.999918
      0.245098      0.900649      0.018286      0.198582      0.000000        -29.605943         32.478963      7.007325      2.380835      0.093406      6.999918
      0.254902      0.899829      0.006130      0.154168      0.000000        -31.679858         33.098687      7.395473      2.555521      0.093406      6.999918
      0.264706      0.899733     -0.002777      0.105398      0.000000        -33.910484         33.706953      7.783431      2.730049      0.093406      6.999918
      0.274510      0.900135     -0.008406      0.059598      0.000000        -36.080508         34.319673      8.171464      2.904642      0.093406      6.999918
      0.284314      0.900820     -0.011130      0.021286      0.000000        -38.048453         34.947098      8.559738      3.079446      0.093406      6.999918
      0.294118      0.901610     -0.011553     -0.007254      0.000000        -39.734571         35.594673      8.948335      3.254539      0.093406      6.999918
      0.303922      0.902369     -0.010370     -0.025563      0.000000        -41.112234         36.263849      9.337271      3.429937      0.093406      6.999918
      0.313725      0.903012     -0.008257     -0.034590      0.000000        -42.198748         36.953010      9.726511      3.605613      0.093406      6.999918
      0.323529      0.903495     -0.005792     -0.036191      0.000000        -43.043130         37.658509     10.115994      3.781513      0.093406      6.999918
      0.333333      0.903809     -0.003408     -0.032622      0.000000        -43.711643         38.375722     10.505649      3.957570      0.093406      6.999918
      0.343137      0.903971     -0.001382     -0.026094      0.000000        -44.273790         39.099960     10.895406      4.133720      0.093406      6.999918
      0.352941      0.904010      0.000148     -0.018464      0.000000        -44.791419         39.827125     11.285205      4.309909      0.093406      6.999918
      0.362745      0.903962      0.001158     -0.011091      0.000000        -45.312332         40.554074     11.675001      4.486095      0.093406      6.999918
      0.372549      0.903862      0.001696     -0.004822      0.000000        -45.868240         41.278724     12.064764      4.662252      0.093406      6.999918
      0.382353      0.903738      0.001855     -0.000057      0.000000        -46.475917         41.999962     12.454477      4.838363      0.093406      6.999918
      0.392157      0.903614      0.001740      0.003133      0.000000        -47.140148         42.717462     12.844137      5.014425      0.093406      6.999918
      0.401961      0.903503      0.001457      0.004898      0.000000        -47.857272         43.431454     13.233745      5.190442      0.093406      6.999918
      0.411765      0.903415      0.001095      0.005510      0.000000        -48.618548         44.142511     13.623310      5.366419      0.093406      6.999918
      0.421569      0.903353      0.000720      0.005282      0.000000        -49.412925         44.851360     14.012843      5.542368      0.093406      6.999918
      0.431373      0.903316      0.000382      0.004520      0.000000        -50.229109         45.558754     14.402355      5.718297      0.093406      6.999918
      0.441176      0.903299      0.000106      0.003486      0.000000        -51.056934         46.265369     14.791855      5.894216      0.093406      6.999918
      0.450980      0.903299     -0.000095      0.002386      0.000000        -51.888134         46.971759     15.181352      6.070132      0.093406      6.999918
      0.460784      0.903311     -0.000223      0.001365      0.000000        -52.716657         47.678327     15.570851      6.246050      0.093406      6.999918
      0.470588      0.903329     -0.000287      0.000511      0.000000        -53.538632         48.385334     15.960357      6.421974      0.093406      6.999918
      0.480392      0.903349     -0.000298     -0.000136      0.000000        -54.352116         49.092908     16.349871      6.597906      0.093406      6.999918
      0.490196      0.903369     -0.000273     -0.000573      0.000000        -55.156709         49.801076     16.739394      6.773845      0.093406      6.999918
      0.500000      0.903386     -0.000224     -0.000821      0.000000        -55.953135         50.509789     17.128925      6.949792      0.093406      6.999918
      0.509804      0.903399     -0.000163     -0.000918      0.000000        -56.742830         51.218951     17.518462      7.125745      0.093406      6.999918
      0.519608      0.903408     -0.000100     -0.000905      0.000000        -57.527592         51.928442     17.908005      7.301702      0.093406      6.999918
      0.529412      0.903413     -0.000041     -0.000825      0.000000        -58.309310         52.638136     18.297550      7.477662      0.093406      6.999918
      0.539216      0.903414      0.000012     -0.000718      0.000000        -59.089779         53.347914     18.687097      7.653623      0.093406      6.999918
      0.549020      0.903412      0.000058     -0.000617      0.000000        -59.870602         54.057667     19.076643      7.829583      0.093406      6.999918
      0.558824      0.903406      0.000098     -0.000548      0.000000        -60.653163         54.767305     19.466188      8.005542      0.093406      6.999918
      0.568627      0.903398      0.000135     -0.000535      0.000000        -61.438671         55.476747     19.855729      8.181499      0.093406      6.999918
      0.578431      0.903388      0.000173     -0.000597      0.000000        -62.228249         56.185917     20.245267      8.357451      0.093406      6.999918
      0.588235      0.903374      0.000219     -0.000753      0.000000        -63.023068         56.894737     20.634799      8.533400      0.093406      6.999918
      0.598039      0.903357      0.000279     -0.001023      0.000000        -63.824521         57.603115     21.024325      8.709342      0.093406      6.999918
      0.607843      0.903335      0.000362     -0.001436      0.000000        -64.634437         58.310927     21.413843      8.885277      0.093406      6.999918
      0.617647      0.903307      0.000480     -0.002031      0.000000        -65.455344         59.018005     21.803350      9.061202      0.093406      6.999918
      0.627451      0.903268      0.000646     -0.002860      0.000000        -66.290798         59.724110     22.192843      9.237114      0.093406      6.999918
      0.637255      0.903217      0.000880     -0.004000      0.000000        -67.145792         60.428907     22.582316      9.413008      0.093406      6.999918
      0.647059      0.903146      0.001205     -0.005554      0.000000        -68.027293         61.131927     22.971763      9.588879      0.093406      6.999918
      0.656863      0.903048      0.001655     -0.007668      0.000000        -68.944928         61.832520     23.361174      9.764718      0.093406      6.999918
      0.666667      0.902915      0.002275     -0.010536      0.000000        -69.911881         62.529791     23.750536      9.940511      0.093406      6.999918
      0.676471      0.902731      0.003124     -0.014420      0.000000        -70.946032         63.222520     24.139829     10.116243      0.093406      6.999918
      0.686275      0.902479      0.004285     -0.019669      0.000000        -72.071387         63.909051     24.529030     10.291890      0.093406      6.999918
      0.696078      0.902133      0.005865     -0.026742      0.000000        -73.319808         64.587162     24.918103     10.467421      0.093406      6.999918
      0.705882      0.901661      0.008011     -0.036236      0.000000        -74.732977         65.253890     25.307001     10.642792      0.093406      6.999918
      0.715686      0.901017      0.010911     -0.048907      0.000000        -76.364397         65.905339     25.695660     10.817944      0.093406      6.999918
      0.725490      0.900140      0.014817     -0.065697      0.000000        -78.281012         66.536453     26.083993     10.992797      0.093406      6.999918
      0.735294      0.898953      0.020049     -0.087739      0.000000        -80.563640         67.140808     26.471885     11.167240      0.093406      6.999918
      0.745098      0.897349      0.027009     -0.116325      0.000000        -83.304948         67.710450     26.859179     11.341124      0.093406      6.999918
      0.754902      0.895195      0.036196     -0.152831      0.000000        -86.603231         68.235882     27.245669     11.514248      0.093406      6.999918
      0.764706      0.892318      0.048197     -0.198555      0.000000        -90.550114         68.706301     27.631081     11.686342      0.093406      6.999918
      0.774510      0.888503      0.063682     -0.254464      0.000000        -95.211138         69.110238     28.015059     11.857042      0.093406      6.999918
      0.784314      0.883488      0.083364     -0.320867      0.000000       -100.600733         69.436669     28.397143     12.025871      0.093406      6.999918
      0.794118      0.876964      0.107947     -0.397087      0.000000       -106.657293         69.676573     28.776752     12.192208      0.093406      6.999918
      0.803922      0.868577      0.138048     -0.481256      0.000000       -113.228491         69.824667     29.153159     12.355264      0.093406      6.999918
      0.813725      0.857944      0.174115     -0.570368      0.000000       -120.077714         69.880827     29.525480     12.514061      0.093406      6.999918
      0.823529      0.844667      0.216360     -0.660669      0.000000       -126.916252         69.850647     29.892660     12.667436      0.093406      6.999918
      0.833333      0.828353      0.264732     -0.748298      0.000000       -133.453725         69.744818     30.253473     12.814064      0.093406      6.999918
      0.843137      0.808641      0.318929     -0.829947      0.000000       -139.449021         69.577443     30.606532     12.952512      0.093406      6.999918
      0.852941      0.785224      0.378455     -0.903327      0.000000       -144.743648         69.363860     30.950303     13.081325      0.093406      6.999918
      0.862745      0.757861      0.442698     -0.967309      0.000000       -149.269426         69.118636     31.283133     13.199132      0.093406      6.999918
      0.872549      0.726387      0.511003     -1.021779      0.000000       -153.034699         68.854187     31.603282     13.304763      0.093406      6.999918
      0.882353      0.690723      0.582736     -1.067348      0.000000       -156.099931         68.580157     31.908957     13.397357      0.093406      6.999918
      0.892157      0.650868      0.657320     -1.105033      0.000000       -158.552957         68.303395     32.198350     13.476451      0.093406      6.999918
      0.901961      0.606900      0.734252     -1.136007      0.000000       -160.489702         68.028296     32.469667     13.542038      0.093406      6.999918
      0.911765      0.558965      0.813114     -1.161428      0.000000       -162.001902         67.757281     32.721163     13.594582      0.093406      6.999918
      0.921569      0.507275      0.893559     -1.182347      0.000000       -163.170779         67.491271     32.951171     13.635001      0.093406      6.999918
      0.931373      0.452101      0.975313     -1.199675      0.000000       -164.064824         67.230091     33.158130     13.664607      0.093406      6.999918
      0.941176      0.393761      1.058154     -1.214171      0.000000       -164.739965         66.972777     33.340602     13.685013      0.093406      6.999918
      0.950980      0.332619      1.141911     -1.226464      0.000000       -165.240907         66.717795     33.497301     13.698016      0.093406      6.999918
      0.960784      0.269078      1.226452     -1.237069      0.000000       -165.602879         66.463191     33.627104     13.705462      0.093406      6.999918
      0.970588      0.203573      1.311674     -1.246410      0.000000       -165.853372         66.206691     33.729069     13.709113      0.093406      6.999918
      0.980392      0.136565      1.397505     -1.254842      0.000000       -166.013718         65.945768     33.802447     13.710504      0.093406      6.999918
      0.990196      0.068540      1.483892     -1.262684      0.000000       -166.100454         65.677699     33.846695     13.710830      0.093406      6.999918
      1.000000     -0.000000      1.570796     -1.268477      0.000000       -166.124579         65.481924     33.861481     13.710852      0.093406      6.999918
