             t             r           psi            cs            qs                 p               sig             A             V            Q2             S
      0.000000      0.000000     -1.570796     -0.481186      0.000000        -12.050736         12.521900     -0.000000      0.000000      0.064411     11.259580
      0.009804      0.110335     -1.516612     -0.504566      0.000000        -12.078362         12.134032      0.038273      0.000057      0.064411     11.259580
      0.019608      0.220331     -1.459165     -0.537592      0.000000        -12.182179         11.677790      0.152976      0.000928      0.064411     11.259580
      0.029412      0.329590     -1.397530     -0.581477      0.000000        -12.402080         11.228138      0.343741      0.004797      0.064411     11.259580
      0.039216      0.437615     -1.330084     -0.644789      0.000000        -12.812437         10.770833      0.609892      0.015487      0.064411     11.259580
      0.049020      0.543741     -1.253855     -0.744618      0.000000        -13.560615         10.290359      0.950354      0.038717      0.064411     11.259580
      0.058824      0.646988     -1.163000     -0.919254      0.000000        -14.969265          9.769600      1.363497      0.082547      0.064411     11.259580
      0.068627      0.745659     -1.044728     -1.267165      0.000000        -17.841431          9.193864      1.846795      0.158370      0.064411     11.259580
      0.078431      0.836168     -0.866915     -2.074843      0.000000        -24.458441          8.585441      2.396009      0.283092      0.064411     11.259580
      0.088235      0.908972     -0.546797     -3.899769      0.000000        -39.983085          8.261810      3.002739      0.481956      0.064411     11.259580
      0.098039      0.942522     -0.086854     -3.274907      0.000000        -42.195891          9.740757      3.647684      0.764996      0.064411     11.259580
      0.107843      0.940114      0.070042     -0.069861      0.000000        -14.176624         12.535108      4.301533      1.072796      0.064411     11.259580
      0.117647      0.933829      0.035293      0.438957      0.000000         -9.148713         14.493325      4.951166      1.376516      0.064411     11.259580
      0.127451      0.932224     -0.001655      0.201898      0.000000        -13.957166         16.027914      5.598065      1.678143      0.064411     11.259580
      0.137255      0.933134     -0.010933     -0.008117      0.000000        -18.953108         17.553878      6.244903      1.979751      0.064411     11.259580
      0.147059      0.934113     -0.005849     -0.061829      0.000000        -21.722700         19.183807      6.892488      2.282054      0.064411     11.259580
      0.156863      0.934420     -0.000262     -0.033999      0.000000        -23.054020         20.878839      7.540520      2.584787      0.064411     11.259580
      0.166667      0.934314      0.001619     -0.002949      0.000000        -24.234665         22.580598      8.188598      2.887564      0.064411     11.259580
      0.176471      0.934149      0.001154      0.008250      0.000000        -25.776597         24.266230      8.836567      3.190239      0.064411     11.259580
      0.186275      0.934073      0.000274      0.006522      0.000000        -27.600816         25.939200      9.484450      3.492833      0.064411     11.259580
      0.196078      0.934073     -0.000190      0.001977      0.000000        -29.502727         27.608674     10.132309      3.795405      0.064411     11.259580
      0.205882      0.934099     -0.000237     -0.000704      0.000000        -31.366211         29.279877     10.780180      4.097989      0.064411     11.259580
      0.215686      0.934119     -0.000116     -0.001207      0.000000        -33.174019         30.953586     11.428068      4.400588      0.064411     11.259580
      0.225490      0.934125     -0.000007     -0.000699      0.000000        -34.952416         32.628617     12.075965      4.703196      0.064411     11.259580
      0.235294      0.934123      0.000037     -0.000134      0.000000        -36.727586         34.303793     12.723863      5.005805      0.064411     11.259580
      0.245098      0.934119      0.000033      0.000143      0.000000        -38.510950         35.978600     13.371759      5.308411      0.064411     11.259580
      0.254902      0.934116      0.000015      0.000169      0.000000        -40.302361         37.653046     14.019652      5.611015      0.064411     11.259580
      0.264706      0.934115     -0.000000      0.000092      0.000000        -42.097514         39.327324     14.667544      5.913618      0.064411     11.259580
      0.274510      0.934116     -0.000006      0.000016      0.000000        -43.892814         41.001595     15.315436      6.216221      0.064411     11.259580
      0.284314      0.934117     -0.000005     -0.000021      0.000000        -45.686775         42.675926     15.963328      6.518824      0.064411     11.259580
      0.294118      0.934117     -0.000002     -0.000026      0.000000        -47.479467         44.350315     16.611221      6.821428      0.064411     11.259580
      0.303922      0.934117     -0.000000     -0.000015      0.000000        -49.271536         46.024731     17.259114      7.124032      0.064411     11.259580
      0.313725      0.934117      0.000001     -0.000004      0.000000        -51.063541         47.699150     17.907006      7.426636      0.064411     11.259580
      0.323529      0.934117      0.000001      0.000003      0.000000        -52.855744         49.373561     18.554899      7.729240      0.064411     11.259580
      0.333333      0.934117      0.000001      0.000004      0.000000        -54.648164         51.047961     19.202792      8.031843      0.064411     11.259580
      0.343137      0.934117      0.000000      0.000003      0.000000        -56.440710         52.722356     19.850685      8.334447      0.064411     11.259580
      0.352941      0.934117     -0.000000      0.000001      0.000000        -58.233288         54.396749     20.498577      8.637051      0.064411     11.259580
      0.362745      0.934117     -0.000000     -0.000000      0.000000        -60.025843         56.071144     21.146470      8.939655      0.064411     11.259580
      0.372549      0.934117     -0.000000     -0.000001      0.000000        -61.818361         57.745540     21.794363      9.242258      0.064411     11.259580
      0.382353      0.934117     -0.000000     -0.000001      0.000000        -63.610852         59.419937     22.442256      9.544862      0.064411     11.259580
      0.392157      0.934117      0.000000     -0.000000      0.000000        -65.403331         61.094335     23.090148      9.847466      0.064411     11.259580
      0.401961      0.934117      0.000000     -0.000000      0.000000        -67.195810         62.768733     23.738041     10.150070      0.064411     11.259580
      0.411765      0.934117      0.000000      0.000000      0.000000        -68.988294         64.443131     24.385934     10.452673      0.064411     11.259580
      0.421569      0.934117      0.000000      0.000000      0.000000        -70.780784         66.117528     25.033826     10.755277      0.064411     11.259580
      0.431373      0.934117      0.000000      0.000000      0.000000        -72.573278         67.791926     25.681719     11.057881      0.064411     11.259580
      0.441176      0.934117     -0.000000      0.000000      0.000000        -74.365773         69.466323     26.329612     11.360485      0.064411     11.259580
      0.450980      0.934117     -0.000000      0.000000      0.000000        -76.158267         71.140720     26.977505     11.663088      0.064411     11.259580
      0.460784      0.934117     -0.000000     -0.000000      0.000000        -77.950761         72.815117     27.625397     11.965692      0.064411     11.259580
      0.470588      0.934117     -0.000000     -0.000000      0.000000        -79.743253         74.489515     28.273290     12.268296      0.064411     11.259580
      0.480392      0.934117     -0.000000     -0.000000      0.000000        -81.535745         76.163912     28.921183     12.570900      0.064411     11.259580
      0.490196      0.934117      0.000000     -0.000000      0.000000        -83.328237         77.838309     29.569076     12.873503      0.064411     11.259580
      0.500000      0.934117      0.000000     -0.000000      0.000000        -85.120729         79.512706     30.216968     13.176107      0.064411     11.259580
      0.509804      0.934117      0.000000      0.000000      0.000000        -86.913221         81.187104     30.864861     13.478711      0.064411     11.259580
      0.519608      0.934117      0.000000      0.000000      0.000000        -88.705714         82.861501     31.512754     13.781315      0.064411     11.259580
      0.529412      0.934117      0.000000      0.000000      0.000000        -90.498206         84.535898     32.160646     14.083918      0.064411     11.259580
      0.539216      0.934117      0.000000      0.000000      0.000000        -92.290699         86.210296     32.808539     14.386522      0.064411     11.259580
      0.549020      0.934117      0.000000     -0.000000      0.000000        -94.083191         87.884693     33.456432     14.689126      0.064411     11.259580
      0.558824      0.934117      0.000000     -0.000000      0.000000        -95.875684         89.559090     34.104325     14.991730      0.064411     11.259580
      0.568627      0.934117      0.000000     -0.000000      0.000000        -97.668176         91.233488     34.752217     15.294333      0.064411     11.259580
      0.578431      0.934117      0.000000     -0.000000      0.000000        -99.460669         92.907885     35.400110     15.596937      0.064411     11.259580
      0.588235      0.934117      0.000000     -0.000000      0.000000       -101.253162         94.582282     36.048003     15.899541      0.064411     11.259580
      0.598039      0.934117      0.000000     -0.000000      0.000000       -103.045656         96.256679     36.695896     16.202145      0.064411     11.259580
      0.607843      0.934117      0.000000     -0.000000      0.000000       -104.838151         97.931076     37.343788     16.504748      0.064411     11.259580
      0.617647      0.934117      0.000000     -0.000000      0.000000       -106.630650         99.605474     37.991681     16.807352      0.064411     11.259580
      0.627451      0.934117      0.000000     -0.000000      0.000000       -108.423153        101.279870     38.639574     17.109956      0.064411     11.259580
      0.637255      0.934117      0.000000     -0.000000      0.000000       -110.215668        102.954267     39.287466     17.412560      0.064411     11.259580
      0.647059      0.934117      0.000000     -0.000001      0.000000       -112.008202        104.628662     39.935359     17.715163      0.064411     11.259580
      0.656863      0.934117      0.000000     -0.000002      0.000000       -113.800773        106.303056     40.583252     18.017767      0.064411     11.259580
      0.666667      0.934117      0.000001     -0.000003      0.000000       -115.593416        107.977446     41.231145     18.320371      0.064411     11.259580
      0.676471      0.934117      0.000001     -0.000006      0.000000       -117.386193        109.651831     41.879037     18.622975      0.064411     11.259580
      0.686275      0.934117      0.000002     -0.000010      0.000000       -119.179221        111.326204     42.526930     18.925578      0.064411     11.259580
      0.696078      0.934116      0.000003     -0.000019      0.000000       -120.972719        113.000556     43.174822     19.228182      0.064411     11.259580
      0.705882      0.934116      0.000006     -0.000036      0.000000       -122.767095        114.674869     43.822714     19.530785      0.064411     11.259580
      0.715686      0.934115      0.000012     -0.000066      0.000000       -124.563102        116.349108     44.470606     19.833388      0.064411     11.259580
      0.725490      0.934113      0.000022     -0.000121      0.000000       -126.362134        118.023211     45.118497     20.135989      0.064411     11.259580
      0.735294      0.934110      0.000040     -0.000221      0.000000       -128.166754        119.697063     45.766386     20.438590      0.064411     11.259580
      0.745098      0.934104      0.000074     -0.000405      0.000000       -129.981671        121.370452     46.414272     20.741187      0.064411     11.259580
      0.754902      0.934092      0.000135     -0.000738      0.000000       -131.815496        123.042991     47.062152     21.043779      0.064411     11.259580
      0.764706      0.934072      0.000246     -0.001343      0.000000       -133.683930        124.713972     47.710021     21.346361      0.064411     11.259580
      0.774510      0.934035      0.000449     -0.002435      0.000000       -135.615466        126.382111     48.357871     21.648925      0.064411     11.259580
      0.784314      0.933967      0.000816     -0.004401      0.000000       -137.661524        128.045083     49.005685     21.951455      0.064411     11.259580
      0.794118      0.933844      0.001477     -0.007921      0.000000       -139.914162        129.698709     49.653436     22.253926      0.064411     11.259580
      0.803922      0.933622      0.002665     -0.014188      0.000000       -142.536154        131.335537     50.301070     22.556287      0.064411     11.259580
      0.813725      0.933222      0.004784     -0.025242      0.000000       -145.809526        132.942458     50.948493     22.858451      0.064411     11.259580
      0.823529      0.932506      0.008536     -0.044460      0.000000       -150.206173        134.496920     51.595541     23.160259      0.064411     11.259580
      0.833333      0.931235      0.015091     -0.077107      0.000000       -156.468299        135.961541     52.241917     23.461428      0.064411     11.259580
      0.843137      0.929003      0.026322     -0.130529      0.000000       -165.637000        137.278216     52.887108     23.761450      0.064411     11.259580
      0.852941      0.925152      0.044979     -0.212924      0.000000       -178.870636        138.366170     53.530238     24.059436      0.064411     11.259580
      0.862745      0.918675      0.074591     -0.329236      0.000000       -196.836728        139.133437     54.169855     24.353841      0.064411     11.259580
      0.872549      0.908168      0.118756     -0.474699      0.000000       -218.760763        139.510390     54.803673     24.642108      0.064411     11.259580
      0.882353      0.891910      0.179831     -0.631850      0.000000       -242.015882        139.493713     55.428316     24.920286      0.064411     11.259580
      0.892157      0.868097      0.257828     -0.777718      0.000000       -263.235990        139.161497     56.039162     25.182907      0.064411     11.259580
      0.901961      0.835162      0.350511     -0.896288      0.000000       -280.164675        138.636635     56.630407     25.423412      0.064411     11.259580
      0.911765      0.792019      0.454554     -0.983789      0.000000       -292.375935        138.031898     57.195316     25.635184      0.064411     11.259580
      0.921569      0.738151      0.566730     -1.044773      0.000000       -300.637215        137.420863     57.726594     25.812869      0.064411     11.259580
      0.931373      0.673579      0.684499     -1.086268      0.000000       -306.033453        136.839204     58.216783     25.953518      0.064411     11.259580
      0.941176      0.598784      0.806066     -1.114503      0.000000       -309.498202        136.297739     58.658601     26.057239      0.064411     11.259580
      0.950980      0.514609      0.930236     -1.134037      0.000000       -311.700901        135.794124     59.045232     26.127238      0.064411     11.259580
      0.960784      0.422196      1.056229     -1.147947      0.000000       -313.084130        135.319939     59.370549     26.169272      0.064411     11.259580
      0.970588      0.322913      1.183543     -1.158254      0.000000       -313.930528        134.864154     59.629302     26.190664      0.064411     11.259580
      0.980392      0.218311      1.311861     -1.166292      0.000000       -314.418552        134.414556     59.817255     26.199046      0.064411     11.259580
      0.990196      0.110078      1.440983     -1.172972      0.000000       -314.660889        133.958215     59.931298     26.201052      0.064411     11.259580
      1.000000      0.000000      1.570796     -1.178134      0.000000       -314.727578        133.570333     59.969526     26.201188      0.064411     11.259580
