             t             r           psi            cs            qs                 p               sig             A             V            Q2             S
      0.000000      0.000000     -1.570796      0.213671      0.000000         -1.006384          2.354990     -0.000000      0.000000     -0.591940      5.039438
      0.009804      0.049405     -1.560034      0.227149      0.000000         -1.008055          2.265345      0.007668      0.000001     -0.591940      5.039438
      0.019608      0.098805     -1.548252      0.250435      0.000000         -1.014633          2.120056      0.030673      0.000017     -0.591940      5.039438
      0.029412      0.148190     -1.535207      0.278572      0.000000         -1.026966          1.979964      0.069011      0.000088     -0.591940      5.039438
      0.039216      0.197550     -1.520615      0.313442      0.000000         -1.046542          1.844605      0.122675      0.000291     -0.591940      5.039438
      0.049020      0.246872     -1.504085      0.357507      0.000000         -1.075359          1.713625      0.191657      0.000744     -0.591940      5.039438
      0.058824      0.296135     -1.485080      0.414289      0.000000         -1.116144          1.586820      0.275942      0.001621     -0.591940      5.039438
      0.068627      0.345310     -1.462855      0.488932      0.000000         -1.172687          1.464179      0.375506      0.003172     -0.591940      5.039438
      0.078431      0.394355     -1.436350      0.589059      0.000000         -1.250343          1.345959      0.490317      0.005746     -0.591940      5.039438
      0.088235      0.443204     -1.404044      0.726067      0.000000         -1.356791          1.232810      0.620324      0.009837     -0.591940      5.039438
      0.098039      0.491754     -1.363722      0.916950      0.000000         -1.503196          1.125957      0.765453      0.016143     -0.591940      5.039438
      0.107843      0.539834     -1.312149      1.186391      0.000000         -1.705863          1.027511      0.925585      0.025667     -0.591940      5.039438
      0.117647      0.587157     -1.244657      1.567372      0.000000         -1.988290          0.940965      1.100535      0.039854     -0.591940      5.039438
      0.127451      0.633224     -1.154859      2.094177      0.000000         -2.382449          0.871971      1.289997      0.060764     -0.591940      5.039438
      0.137255      0.677180     -1.035179      2.772490      0.000000         -2.924801          0.829457      1.493460      0.091211     -0.591940      5.039438
      0.147059      0.717629     -0.879846      3.508593      0.000000         -3.635130          0.826802      1.710068      0.134579     -0.591940      5.039438
      0.156863      0.752605     -0.691820      4.038788      0.000000         -4.463181          0.881700      1.938439      0.193833     -0.591940      5.039438
      0.166667      0.780076     -0.489677      4.037703      0.000000         -5.229584          1.011724      2.176548      0.269615     -0.591940      5.039438
      0.176471      0.799005     -0.302831      3.444100      0.000000         -5.678787          1.224218      2.421865      0.359029     -0.591940      5.039438
      0.186275      0.810012     -0.154385      2.545738      0.000000         -5.678129          1.507893      2.671792      0.457023     -0.591940      5.039438
      0.196078      0.814891     -0.050752      1.672574      0.000000         -5.322965          1.836676      2.924132      0.559037     -0.591940      5.039438
      0.205882      0.815659      0.014003      0.983868      0.000000         -4.822668          2.182449      3.177299      0.662241     -0.591940      5.039438
      0.215686      0.813983      0.049832      0.497922      0.000000         -4.354546          2.524488      3.430288      0.765265     -0.591940      5.039438
      0.225490      0.811060      0.065933      0.177551      0.000000         -4.014275          2.851401      3.682539      0.867572     -0.591940      5.039438
      0.235294      0.807680      0.069360     -0.022077      0.000000         -3.831963          3.158923      3.933795      0.969016     -0.591940      5.039438
      0.245098      0.804337      0.065126     -0.137907      0.000000         -3.801122          3.447052      4.183997      1.069615     -0.591940      5.039438
      0.254902      0.801319      0.056662     -0.197043      0.000000         -3.899705          3.717911      4.433207      1.169460     -0.591940      5.039438
      0.264706      0.798773      0.046271     -0.218585      0.000000         -4.101621          3.974454      4.681551      1.268666     -0.591940      5.039438
      0.274510      0.796755      0.035461     -0.215859      0.000000         -4.381993          4.219772      4.929186      1.367354     -0.591940      5.039438
      0.284314      0.795260      0.025186     -0.198182      0.000000         -4.719119          4.456756      5.176276      1.465647     -0.591940      5.039438
      0.294118      0.794248      0.016016     -0.172088      0.000000         -5.094883          4.687954      5.422979      1.563655     -0.591940      5.039438
      0.303922      0.793655      0.008244     -0.142153      0.000000         -5.494557          4.915520      5.669435      1.661481     -0.591940      5.039438
      0.313725      0.793409      0.001980     -0.111549      0.000000         -5.906409          5.141222      5.915761      1.759210     -0.591940      5.039438
      0.323529      0.793435     -0.002803     -0.082411      0.000000         -6.321296          5.366457      6.162056      1.856915     -0.591940      5.039438
      0.333333      0.793663     -0.006211     -0.056101      0.000000         -6.732307          5.592288      6.408392      1.954652     -0.591940      5.039438
      0.343137      0.794028     -0.008406     -0.033396      0.000000         -7.134453          5.819479      6.654822      2.052462     -0.591940      5.039438
      0.352941      0.794476     -0.009576     -0.014629      0.000000         -7.524400          6.048534      6.901379      2.150372     -0.591940      5.039438
      0.362745      0.794961     -0.009916      0.000190      0.000000         -7.900230          6.279733      7.148082      2.248397     -0.591940      5.039438
      0.372549      0.795446     -0.009618      0.011285      0.000000         -8.261204          6.513174      7.394936      2.346542     -0.591940      5.039438
      0.382353      0.795904     -0.008856      0.019032      0.000000         -8.607541          6.748810      7.641937      2.444804     -0.591940      5.039438
      0.392157      0.796316     -0.007785      0.023897      0.000000         -8.940202          6.986486      7.889074      2.543175     -0.591940      5.039438
      0.401961      0.796670     -0.006534      0.026385      0.000000         -9.260680          7.225967      8.136330      2.641642     -0.591940      5.039438
      0.411765      0.796960     -0.005209      0.027002      0.000000         -9.570814          7.466975      8.383686      2.740190     -0.591940      5.039438
      0.421569      0.797185     -0.003889      0.026223      0.000000         -9.872621          7.709207      8.631121      2.838801     -0.591940      5.039438
      0.431373      0.797346     -0.002633      0.024478      0.000000        -10.168161          7.952357      8.878617      2.937461     -0.591940      5.039438
      0.441176      0.797447     -0.001480      0.022141      0.000000        -10.459427          8.196132      9.126153      3.036154     -0.591940      5.039438
      0.450980      0.797494     -0.000450      0.019525      0.000000        -10.748277          8.440260      9.373712      3.134865     -0.591940      5.039438
      0.460784      0.797493      0.000449      0.016885      0.000000        -11.036377          8.684498      9.621278      3.233581     -0.591940      5.039438
      0.470588      0.797452      0.001221      0.014419      0.000000        -11.325189          8.928631      9.868837      3.332292     -0.591940      5.039438
      0.480392      0.797375      0.001879      0.012280      0.000000        -11.615968          9.172477     10.116378      3.430989     -0.591940      5.039438
      0.490196      0.797267      0.002442      0.010580      0.000000        -11.909776          9.415881     10.363890      3.529662     -0.591940      5.039438
      0.500000      0.797134      0.002933      0.009399      0.000000        -12.207517          9.658709     10.611365      3.628305     -0.591940      5.039438
      0.509804      0.796978      0.003380      0.008793      0.000000        -12.509967          9.900847     10.858794      3.726913     -0.591940      5.039438
      0.519608      0.796801      0.003812      0.008802      0.000000        -12.817824         10.142191     11.106172      3.825479     -0.591940      5.039438
      0.529412      0.796601      0.004261      0.009458      0.000000        -13.131750         10.382640     11.353492      3.923998     -0.591940      5.039438
      0.539216      0.796379      0.004758      0.010787      0.000000        -13.452424         10.622094     11.600746      4.022465     -0.591940      5.039438
      0.549020      0.796130      0.005338      0.012821      0.000000        -13.780585         10.860439     11.847926      4.120874     -0.591940      5.039438
      0.558824      0.795849      0.006037      0.015595      0.000000        -14.117087         11.097544     12.095025      4.219216     -0.591940      5.039438
      0.568627      0.795531      0.006892      0.019159      0.000000        -14.462944         11.333253     12.342031      4.317485     -0.591940      5.039438
      0.578431      0.795165      0.007944      0.023575      0.000000        -14.819382         11.567378     12.588932      4.415669     -0.591940      5.039438
      0.588235      0.794742      0.009237      0.028926      0.000000        -15.187880         11.799686     12.835710      4.513754     -0.591940      5.039438
      0.598039      0.794248      0.010819      0.035315      0.000000        -15.570224         12.029897     13.082345      4.611726     -0.591940      5.039438
      0.607843      0.793667      0.012746      0.042867      0.000000        -15.968542         12.257671     13.328815      4.709563     -0.591940      5.039438
      0.617647      0.792982      0.015077      0.051735      0.000000        -16.385346         12.482603     13.575089      4.807242     -0.591940      5.039438
      0.627451      0.792170      0.017882      0.062097      0.000000        -16.823562         12.704210     13.821130      4.904734     -0.591940      5.039438
      0.637255      0.791206      0.021241      0.074160      0.000000        -17.286546         12.921927     14.066897      5.002002     -0.591940      5.039438
      0.647059      0.790060      0.025242      0.088157      0.000000        -17.778088         13.135096     14.312337      5.099005     -0.591940      5.039438
      0.656863      0.788700      0.029988      0.104349      0.000000        -18.302385         13.342960     14.557390      5.195690     -0.591940      5.039438
      0.666667      0.787084      0.035594      0.123016      0.000000        -18.863985         13.544662     14.801981      5.291997     -0.591940      5.039438
      0.676471      0.785167      0.042189      0.144459      0.000000        -19.467686         13.739240     15.046025      5.387852     -0.591940      5.039438
      0.686275      0.782897      0.049919      0.168986      0.000000        -20.118378         13.925629     15.289421      5.483170     -0.591940      5.039438
      0.696078      0.780215      0.058943      0.196902      0.000000        -20.820824         14.102675     15.532050      5.577849     -0.591940      5.039438
      0.705882      0.777052      0.069436      0.228496      0.000000        -21.579368         14.269149     15.773774      5.671768     -0.591940      5.039438
      0.715686      0.773332      0.081586      0.264020      0.000000        -22.397577         14.423770     16.014431      5.764787     -0.591940      5.039438
      0.725490      0.768969      0.095592      0.303671      0.000000        -23.277816         14.565242     16.253836      5.856741     -0.591940      5.039438
      0.735294      0.763868      0.111662      0.347562      0.000000        -24.220795         14.692301     16.491775      5.947441     -0.591940      5.039438
      0.745098      0.757922      0.130006      0.395704      0.000000        -25.225113         14.803761     16.728001      6.036668     -0.591940      5.039438
      0.754902      0.751018      0.150831      0.447978      0.000000        -26.286868         14.898581     16.962237      6.124172     -0.591940      5.039438
      0.764706      0.743032      0.174336      0.504126      0.000000        -27.399388         14.975923     17.194164      6.209672     -0.591940      5.039438
      0.774510      0.733834      0.200702      0.563734      0.000000        -28.553160         15.035208     17.423428      6.292851     -0.591940      5.039438
      0.784314      0.723287      0.230087      0.626244      0.000000        -29.736004         15.076165     17.649631      6.373365     -0.591940      5.039438
      0.794118      0.711252      0.262619      0.690965      0.000000        -30.933520         15.098863     17.872332      6.450842     -0.591940      5.039438
      0.803922      0.697588      0.298387      0.757109      0.000000        -32.129790         15.103718     18.091048      6.524886     -0.591940      5.039438
      0.813725      0.682158      0.337440      0.823827      0.000000        -33.308271         15.091475     18.305252      6.595094     -0.591940      5.039438
      0.823529      0.664831      0.379787      0.890258      0.000000        -34.452773         15.063170     18.514374      6.661062     -0.591940      5.039438
      0.833333      0.645488      0.425391      0.955581      0.000000        -35.548416         15.020073     18.717808      6.722403     -0.591940      5.039438
      0.843137      0.624021      0.474179      1.019058      0.000000        -36.582419         14.963606     18.914910      6.778767     -0.591940      5.039438
      0.852941      0.600343      0.526046      1.080068      0.000000        -37.544669         14.895272     19.105007      6.829861     -0.591940      5.039438
      0.862745      0.574387      0.580855      1.138129      0.000000        -38.428000         14.816573     19.287402      6.875465     -0.591940      5.039438
      0.872549      0.546111      0.638453      1.192910      0.000000        -39.228201         14.728944     19.461380      6.915457     -0.591940      5.039438
      0.882353      0.515499      0.698672      1.244226      0.000000        -39.943792         14.633694     19.626217      6.949825     -0.591940      5.039438
      0.892157      0.482564      0.761340      1.292026      0.000000        -40.575641         14.531970     19.781191      6.978679     -0.591940      5.039438
      0.901961      0.447348      0.826284      1.336376      0.000000        -41.126484         14.424729     19.925584      7.002256     -0.591940      5.039438
      0.911765      0.409925      0.893337      1.377435      0.000000        -41.600429         14.312724     20.058701      7.020914     -0.591940      5.039438
      0.921569      0.370396      0.962341      1.415435      0.000000        -42.002485         14.196505     20.179871      7.035127     -0.591940      5.039438
      0.931373      0.328895      1.033154      1.450664      0.000000        -42.338149         14.076421     20.288460      7.045460     -0.591940      5.039438
      0.941176      0.285583      1.105645      1.483446      0.000000        -42.613079         13.952636     20.383881      7.052542     -0.591940      5.039438
      0.950980      0.240648      1.179702      1.514129      0.000000        -42.832832         13.825138     20.465598      7.057039     -0.591940      5.039438
      0.960784      0.194307      1.255231      1.543080      0.000000        -43.002694         13.693759     20.533143      7.059610     -0.591940      5.039438
      0.970588      0.146799      1.332155      1.570675      0.000000        -43.127558         13.558195     20.586115      7.060870     -0.591940      5.039438
      0.980392      0.098386      1.410418      1.597321      0.000000        -43.211880         13.418020     20.624191      7.061351     -0.591940      5.039438
      0.990196      0.049352      1.489984      1.623618      0.000000        -43.259680         13.272709     20.647134      7.061464     -0.591940      5.039438
      1.000000      0.000000      1.570796      1.641210      0.000000        -43.272360         13.183062     20.654798      7.061472     -0.591940      5.039438
