             t             r           psi            cs            qs                 p               sig             A             V            Q2             S
      0.000000      0.000000     -1.570796     -0.694346      0.000000         -4.912742          3.537675     -0.000000      0.000000      0.235622      3.302313
      0.009804      0.032373     -1.548247     -0.705115      0.000000         -4.914299          3.506197      0.003293      0.000001      0.235622      3.302313
      0.019608      0.064729     -1.525016     -0.729933      0.000000         -4.922207          3.425467      0.013170      0.000010      0.235622      3.302313
      0.029412      0.097050     -1.500970     -0.755818      0.000000         -4.936173          3.347185      0.029625      0.000050      0.235622      3.302313
      0.039216      0.129315     -1.476054     -0.783733      0.000000         -4.956899          3.271269      0.052650      0.000159      0.235622      3.302313
      0.049020      0.161503     -1.450196     -0.814081      0.000000         -4.985176          3.197654      0.082231      0.000393      0.235622      3.302313
      0.058824      0.193587     -1.423311     -0.847246      0.000000         -5.021910          3.126304      0.118349      0.000825      0.235622      3.302313
      0.068627      0.225541     -1.395301     -0.883645      0.000000         -5.068135          3.057210      0.160982      0.001547      0.235622      3.302313
      0.078431      0.257333     -1.366054     -0.923744      0.000000         -5.125034          2.990399      0.210099      0.002672      0.235622      3.302313
      0.088235      0.288928     -1.335442     -0.968065      0.000000         -5.193962          2.925937      0.265663      0.004334      0.235622      3.302313
      0.098039      0.320285     -1.303319     -1.017178      0.000000         -5.276458          2.863938      0.327631      0.006688      0.235622      3.302313
      0.107843      0.351360     -1.269520     -1.071707      0.000000         -5.374267          2.804572      0.395950      0.009913      0.235622      3.302313
      0.117647      0.382101     -1.233859     -1.132308      0.000000         -5.489341          2.748080      0.470557      0.014212      0.235622      3.302313
      0.127451      0.412450     -1.196129     -1.199645      0.000000         -5.623842          2.694783      0.551379      0.019812      0.235622      3.302313
      0.137255      0.442337     -1.156101     -1.274345      0.000000         -5.780116          2.645101      0.638329      0.026964      0.235622      3.302313
      0.147059      0.471684     -1.113528     -1.356922      0.000000         -5.960629          2.599573      0.731304      0.035944      0.235622      3.302313
      0.156863      0.500403     -1.068150     -1.447658      0.000000         -6.167851          2.558878      0.830188      0.047048      0.235622      3.302313
      0.166667      0.528390     -1.019704     -1.546438      0.000000         -6.404063          2.523861      0.934841      0.060590      0.235622      3.302313
      0.176471      0.555527     -0.967938     -1.652510      0.000000         -6.671031          2.495558      1.045103      0.076896      0.235622      3.302313
      0.186275      0.581680     -0.912641     -1.764186      0.000000         -6.969540          2.475221      1.160787      0.096293      0.235622      3.302313
      0.196078      0.606701     -0.853675     -1.878484      0.000000         -7.298733          2.464332      1.281679      0.119096      0.235622      3.302313
      0.205882      0.630426     -0.791027     -1.990783      0.000000         -7.655268          2.464604      1.407532      0.145591      0.235622      3.302313
      0.215686      0.652685     -0.724861     -2.094590      0.000000         -8.032355          2.477950      1.538064      0.176007      0.235622      3.302313
      0.225490      0.673301     -0.655581     -2.181608      0.000000         -8.418871          2.506411      1.672961      0.210496      0.235622      3.302313
      0.235294      0.692105     -0.583883     -2.242307      0.000000         -8.798872          2.552025      1.811870      0.249102      0.235622      3.302313
      0.245098      0.708952     -0.510776     -2.267128      0.000000         -9.151993          2.616628      1.954407      0.291744      0.235622      3.302313
      0.254902      0.723730     -0.437557     -2.248252      0.000000         -9.455133          2.701613      2.100162      0.338199      0.235622      3.302313
      0.264706      0.736378     -0.365718     -2.181500      0.000000         -9.685548          2.807657      2.248708      0.388118      0.235622      3.302313
      0.274510      0.746896     -0.296811     -2.067719      0.000000         -9.824858          2.934503      2.399609      0.441044      0.235622      3.302313
      0.284314      0.755347     -0.232274     -1.913003      0.000000         -9.862849          3.080845      2.552438      0.496455      0.235622      3.302313
      0.294118      0.761850     -0.173274     -1.727595      0.000000         -9.799765          3.244382      2.706785      0.553811      0.235622      3.302313
      0.303922      0.766572     -0.120608     -1.523848      0.000000         -9.646263          3.422019      2.862271      0.612592      0.235622      3.302313
      0.313725      0.769710     -0.074668     -1.314020      0.000000         -9.421128          3.610193      3.018553      0.672337      0.235622      3.302313
      0.323529      0.771474     -0.035475     -1.108574      0.000000         -9.147672          3.805222      3.175329      0.732657      0.235622      3.302313
      0.333333      0.772076     -0.002754     -0.915296      0.000000         -8.850008          4.003622      3.332343      0.793241      0.235622      3.302313
      0.343137      0.771717      0.023978     -0.739175      0.000000         -8.550119          4.202329      3.489379      0.853848      0.235622      3.302313
      0.352941      0.770582      0.045322     -0.582772      0.000000         -8.266096          4.398823      3.646259      0.914304      0.235622      3.302313
      0.362745      0.768834      0.061934     -0.446806      0.000000         -8.011489          4.591157      3.802844      0.974481      0.235622      3.302313
      0.372549      0.766618      0.074468     -0.330741      0.000000         -7.795462          4.777928      3.959023      1.034294      0.235622      3.302313
      0.382353      0.764054      0.083551     -0.233290      0.000000         -7.623405          4.958207      4.114714      1.093687      0.235622      3.302313
      0.392157      0.761245      0.089757     -0.152781      0.000000         -7.497718          5.131451      4.269857      1.152625      0.235622      3.302313
      0.401961      0.758275      0.093607     -0.087408      0.000000         -7.418600          5.297424      4.424411      1.211090      0.235622      3.302313
      0.411765      0.755213      0.095561     -0.035391      0.000000         -7.384736          5.456115      4.578351      1.269076      0.235622      3.302313
      0.421569      0.752113      0.096024      0.004940      0.000000         -7.393844          5.607673      4.731663      1.326583      0.235622      3.302313
      0.431373      0.749017      0.095351      0.035096      0.000000         -7.443097          5.752355      4.884344      1.383619      0.235622      3.302313
      0.441176      0.745957      0.093847      0.056424      0.000000         -7.529427          5.890483      5.036398      1.440194      0.235622      3.302313
      0.450980      0.742955      0.091780      0.070101      0.000000         -7.649732          6.022415      5.187836      1.496320      0.235622      3.302313
      0.460784      0.740026      0.089379      0.077146      0.000000         -7.801016          6.148519      5.338670      1.552011      0.235622      3.302313
      0.470588      0.737177      0.086846      0.078440      0.000000         -7.980473          6.269157      5.488917      1.607282      0.235622      3.302313
      0.480392      0.734409      0.084354      0.074736      0.000000         -8.185538          6.384675      5.638592      1.662145      0.235622      3.302313
      0.490196      0.731720      0.082054      0.066679      0.000000         -8.413909          6.495390      5.787712      1.716613      0.235622      3.302313
      0.500000      0.729099      0.080078      0.054817      0.000000         -8.663555          6.601588      5.936292      1.770697      0.235622      3.302313
      0.509804      0.726535      0.078541      0.039613      0.000000         -8.932707          6.703519      6.084345      1.824405      0.235622      3.302313
      0.519608      0.724013      0.077545      0.021459      0.000000         -9.219848          6.801395      6.231881      1.877744      0.235622      3.302313
      0.529412      0.721512      0.077179      0.000683      0.000000         -9.523696          6.895391      6.378907      1.930718      0.235622      3.302313
      0.539216      0.719012      0.077526     -0.022441      0.000000         -9.843185          6.985639      6.525424      1.983326      0.235622      3.302313
      0.549020      0.716489      0.078655     -0.047690      0.000000        -10.177439          7.072235      6.671431      2.035565      0.235622      3.302313
      0.558824      0.713916      0.080635     -0.074881      0.000000        -10.525751          7.155237      6.816920      2.087428      0.235622      3.302313
      0.568627      0.711264      0.083523     -0.103868      0.000000        -10.887559          7.234665      6.961878      2.138903      0.235622      3.302313
      0.578431      0.708503      0.087378     -0.134538      0.000000        -11.262416          7.310507      7.106286      2.189973      0.235622      3.302313
      0.588235      0.705602      0.092252     -0.166802      0.000000        -11.649965          7.382716      7.250119      2.240618      0.235622      3.302313
      0.598039      0.702527      0.098195     -0.200597      0.000000        -12.049906          7.451218      7.393344      2.290811      0.235622      3.302313
      0.607843      0.699242      0.105257     -0.235873      0.000000        -12.461966          7.515912      7.535924      2.340521      0.235622      3.302313
      0.617647      0.695711      0.113484     -0.272596      0.000000        -12.885865          7.576676      7.677810      2.389709      0.235622      3.302313
      0.627451      0.691897      0.122923     -0.310741      0.000000        -13.321284          7.633370      7.818950      2.438331      0.235622      3.302313
      0.637255      0.687759      0.133620     -0.350286      0.000000        -13.767825          7.685840      7.959282      2.486338      0.235622      3.302313
      0.647059      0.683257      0.145620     -0.391207      0.000000        -14.224983          7.733928      8.098736      2.533675      0.235622      3.302313
      0.656863      0.678349      0.158966     -0.433479      0.000000        -14.692112          7.777471      8.237234      2.580277      0.235622      3.302313
      0.666667      0.672992      0.173702     -0.477066      0.000000        -15.168392          7.816311      8.374688      2.626076      0.235622      3.302313
      0.676471      0.667143      0.189870     -0.521921      0.000000        -15.652812          7.850302      8.511003      2.670998      0.235622      3.302313
      0.686275      0.660757      0.207510     -0.567980      0.000000        -16.144148          7.879310      8.646075      2.714960      0.235622      3.302313
      0.696078      0.653788      0.226660     -0.615163      0.000000        -16.640954          7.903226      8.779788      2.757877      0.235622      3.302313
      0.705882      0.646190      0.247354     -0.663372      0.000000        -17.141568          7.921965      8.912021      2.799655      0.235622      3.302313
      0.715686      0.637919      0.269624     -0.712486      0.000000        -17.644115          7.935473      9.042641      2.840200      0.235622      3.302313
      0.725490      0.628927      0.293496     -0.762368      0.000000        -18.146537          7.943729      9.171506      2.879412      0.235622      3.302313
      0.735294      0.619171      0.318995     -0.812863      0.000000        -18.646622          7.946747      9.298465      2.917189      0.235622      3.302313
      0.745098      0.608606      0.346135     -0.863798      0.000000        -19.142043          7.944580      9.423357      2.953430      0.235622      3.302313
      0.754902      0.597189      0.374929     -0.914993      0.000000        -19.630414          7.937314      9.546015      2.988035      0.235622      3.302313
      0.764706      0.584881      0.405383     -0.966256      0.000000        -20.109337          7.925069      9.666260      3.020906      0.235622      3.302313
      0.774510      0.571641      0.437494     -1.017393      0.000000        -20.576466          7.907999      9.783907      3.051953      0.235622      3.302313
      0.784314      0.557436      0.471257     -1.068213      0.000000        -21.029555          7.886282      9.898763      3.081092      0.235622      3.302313
      0.794118      0.542234      0.506657     -1.118531      0.000000        -21.466515          7.860121     10.010629      3.108251      0.235622      3.302313
      0.803922      0.526007      0.543676     -1.168172      0.000000        -21.885455          7.829734     10.119298      3.133371      0.235622      3.302313
      0.813725      0.508732      0.582288     -1.216979      0.000000        -22.284723          7.795351     10.224560      3.156408      0.235622      3.302313
      0.823529      0.490393      0.622466     -1.264812      0.000000        -22.662926          7.757208     10.326201      3.177337      0.235622      3.302313
      0.833333      0.470977      0.664175     -1.311555      0.000000        -23.018952          7.715539     10.424001      3.196155      0.235622      3.302313
      0.843137      0.450479      0.707378     -1.357113      0.000000        -23.351971          7.670573     10.517741      3.212878      0.235622      3.302313
      0.852941      0.428900      0.752036     -1.401419      0.000000        -23.661429          7.622527     10.607202      3.227549      0.235622      3.302313
      0.862745      0.406250      0.798108     -1.444433      0.000000        -23.947037          7.571603     10.692164      3.240232      0.235622      3.302313
      0.872549      0.382543      0.845551     -1.486137      0.000000        -24.208751          7.517985     10.772411      3.251018      0.235622      3.302313
      0.882353      0.357803      0.894323     -1.526540      0.000000        -24.446740          7.461833     10.847729      3.260020      0.235622      3.302313
      0.892157      0.332062      0.944382     -1.565677      0.000000        -24.661365          7.403285     10.917913      3.267370      0.235622      3.302313
      0.901961      0.305360      0.995689     -1.603602      0.000000        -24.853141          7.342450     10.982761      3.273223      0.235622      3.302313
      0.911765      0.277745      1.048205     -1.640393      0.000000        -25.022712          7.279412     11.042085      3.277745      0.235622      3.302313
      0.921569      0.249272      1.101896     -1.676145      0.000000        -25.170814          7.214228     11.095702      3.281116      0.235622      3.302313
      0.931373      0.220005      1.156728     -1.710975      0.000000        -25.298254          7.146928     11.143446      3.283519      0.235622      3.302313
      0.941176      0.190018      1.212675     -1.745015      0.000000        -25.405879          7.077516     11.185161      3.285138      0.235622      3.302313
      0.950980      0.159390      1.269713     -1.778415      0.000000        -25.494560          7.005969     11.220710      3.286151      0.235622      3.302313
      0.960784      0.128210      1.327824     -1.811348      0.000000        -25.565171          6.932243     11.249970      3.286723      0.235622      3.302313
      0.970588      0.096574      1.386997     -1.844019      0.000000        -25.618576          6.856271     11.272840      3.287001      0.235622      3.302313
      0.980392      0.064585      1.447227     -1.876745      0.000000        -25.655626          6.777968     11.289237      3.287106      0.235622      3.302313
      0.990196      0.032355      1.508530     -1.910745      0.000000        -25.677162          6.697233     11.299100      3.287131      0.235622      3.302313
      1.000000      0.000000      1.570796     -1.926374      0.000000        -25.681471          6.665754     11.302392      3.287132      0.235622      3.302313
