             t             r           psi            cs            qs                 p               sig             A             V            Q2             S
      0.000000      0.000000     -1.570796      0.799397      0.000000         -9.462805          5.918714     -0.000000     -0.000000     -0.665376      3.119810
      0.009804      0.030583     -1.546306      0.806487      0.000000         -9.464348          5.888829      0.002939      0.000001     -0.665376      3.119810
      0.019608      0.061148     -1.521370      0.823962      0.000000         -9.472724          5.804559      0.011754      0.000009     -0.665376      3.119810
      0.029412      0.091675     -1.495898      0.841694      0.000000         -9.487423          5.722461      0.026439      0.000045     -0.665376      3.119810
      0.039216      0.122142     -1.469871      0.860390      0.000000         -9.509085          5.642429      0.046986      0.000143     -0.665376      3.119810
      0.049020      0.152528     -1.443254      0.880272      0.000000         -9.538418          5.564373      0.073381      0.000353     -0.665376      3.119810
      0.058824      0.182810     -1.416008      0.901528      0.000000         -9.576216          5.488221      0.105605      0.000736     -0.665376      3.119810
      0.068627      0.212961     -1.388089      0.924353      0.000000         -9.623376          5.413917      0.143637      0.001371     -0.665376      3.119810
      0.078431      0.242955     -1.359445      0.948962      0.000000         -9.680913          5.341429      0.187449      0.002353     -0.665376      3.119810
      0.088235      0.272763     -1.330018      0.975590      0.000000         -9.749972          5.270752      0.237007      0.003790     -0.665376      3.119810
      0.098039      0.302352     -1.299742      1.004499      0.000000         -9.831844          5.201906      0.292274      0.005807     -0.665376      3.119810
      0.107843      0.331690     -1.268544      1.035974      0.000000         -9.927979          5.134950      0.353203      0.008543     -0.665376      3.119810
      0.117647      0.360739     -1.236339      1.070329      0.000000        -10.040003          5.069983      0.419743      0.012155     -0.665376      3.119810
      0.127451      0.389459     -1.203036      1.107896      0.000000        -10.169722          5.007152      0.491836      0.016812     -0.665376      3.119810
      0.137255      0.417806     -1.168530      1.149030      0.000000        -10.319131          4.946663      0.569412      0.022699     -0.665376      3.119810
      0.147059      0.445732     -1.132707      1.194090      0.000000        -10.490400          4.888792      0.652396      0.030014     -0.665376      3.119810
      0.156863      0.473183     -1.095441      1.243427      0.000000        -10.685855          4.833895      0.740703      0.038968     -0.665376      3.119810
      0.166667      0.500102     -1.056596      1.297355      0.000000        -10.907918          4.782430      0.834235      0.049782     -0.665376      3.119810
      0.176471      0.526423     -1.016029      1.356111      0.000000        -11.159020          4.734970      0.932884      0.062686     -0.665376      3.119810
      0.186275      0.552075     -0.973589      1.419795      0.000000        -11.441442          4.692230      1.036528      0.077914     -0.665376      3.119810
      0.196078      0.576980     -0.929127      1.488287      0.000000        -11.757081          4.655082      1.145031      0.095702     -0.665376      3.119810
      0.205882      0.601050     -0.882501      1.561133      0.000000        -12.107102          4.624589      1.258242      0.116282     -0.665376      3.119810
      0.215686      0.624193     -0.833593      1.637398      0.000000        -12.491454          4.602020      1.375991      0.139874     -0.665376      3.119810
      0.225490      0.646305     -0.782318      1.715500      0.000000        -12.908221          4.588870      1.498091      0.166678     -0.665376      3.119810
      0.235294      0.667278     -0.728657      1.793021      0.000000        -13.352823          4.586865      1.624332      0.196862     -0.665376      3.119810
      0.245098      0.686999     -0.672675      1.866551      0.000000        -13.817112          4.597942      1.754485      0.230552     -0.665376      3.119810
      0.254902      0.705356     -0.614560      1.931619      0.000000        -14.288510          4.624205      1.888299      0.267818     -0.665376      3.119810
      0.264706      0.722236     -0.554654      1.982797      0.000000        -14.749439          4.667822      2.025501      0.308659     -0.665376      3.119810
      0.274510      0.737541     -0.493470      2.014062      0.000000        -15.177397          4.730878      2.165797      0.352994     -0.665376      3.119810
      0.284314      0.751189     -0.431712      2.019486      0.000000        -15.546110          4.815170      2.308876      0.400656     -0.665376      3.119810
      0.294118      0.763124     -0.370247      1.994190      0.000000        -15.828015          4.921957      2.454414      0.451391     -0.665376      3.119810
      0.303922      0.773323     -0.310064      1.935387      0.000000        -15.997988          5.051714      2.602079      0.504869     -0.665376      3.119810
      0.313725      0.781801     -0.252195      1.843203      0.000000        -16.037674          5.203929      2.751537      0.560703     -0.665376      3.119810
      0.323529      0.788612     -0.197618      1.720968      0.000000        -15.939293          5.377014      2.902464      0.618473     -0.665376      3.119810
      0.333333      0.793847     -0.147164      1.574810      0.000000        -15.707696          5.568362      3.054547      0.677755     -0.665376      3.119810
      0.343137      0.797626     -0.101446      1.412663      0.000000        -15.359948          5.774552      3.207494      0.738145     -0.665376      3.119810
      0.352941      0.800092     -0.060823      1.243009      0.000000        -14.922555          5.991660      3.361038      0.799280     -0.665376      3.119810
      0.362745      0.801397     -0.025403      1.073712      0.000000        -14.427260          6.215617      3.514942      0.860846     -0.665376      3.119810
      0.372549      0.801697      0.004929      0.911229      0.000000        -13.906631          6.442528      3.668998      0.922589     -0.665376      3.119810
      0.382353      0.801144      0.030457      0.760255      0.000000        -13.390464          6.668918      3.823028      0.984303     -0.665376      3.119810
      0.392157      0.799879      0.051583      0.623751      0.000000        -12.903499          6.891877      3.976880      1.045834     -0.665376      3.119810
      0.401961      0.798030      0.068776      0.503188      0.000000        -12.464477          7.109111      4.130432      1.107064     -0.665376      3.119810
      0.411765      0.795710      0.082531      0.398906      0.000000        -12.086226          7.318922      4.283581      1.167911     -0.665376      3.119810
      0.421569      0.793017      0.093340      0.310460      0.000000        -11.776377          7.520146      4.436247      1.228314     -0.665376      3.119810
      0.431373      0.790034      0.101675      0.236915      0.000000        -11.538378          7.712065      4.588366      1.288231     -0.665376      3.119810
      0.441176      0.786829      0.107973      0.177076      0.000000        -11.372539          7.894313      4.739890      1.347637     -0.665376      3.119810
      0.450980      0.783459      0.112634      0.129646      0.000000        -11.276974          8.066793      4.890781      1.406512     -0.665376      3.119810
      0.460784      0.779967      0.116017      0.093332      0.000000        -11.248376          8.229600      5.041012      1.464848     -0.665376      3.119810
      0.470588      0.776387      0.118444      0.066906      0.000000        -11.282620          8.382960      5.190563      1.522637     -0.665376      3.119810
      0.480392      0.772745      0.120199      0.049241      0.000000        -11.375194          8.527183      5.339420      1.579877     -0.665376      3.119810
      0.490196      0.769056      0.121535      0.039321      0.000000        -11.521506          8.662620      5.487572      1.636566     -0.665376      3.119810
      0.500000      0.765330      0.122674      0.036249      0.000000        -11.717080          8.789643      5.635011      1.692702     -0.665376      3.119810
      0.509804      0.761571      0.123814      0.039236      0.000000        -11.957684          8.908618      5.781732      1.748285     -0.665376      3.119810
      0.519608      0.757774      0.125129      0.047595      0.000000        -12.239384          9.019895      5.927726      1.803310     -0.665376      3.119810
      0.529412      0.753933      0.126774      0.060730      0.000000        -12.558576          9.123798      6.072987      1.857774     -0.665376      3.119810
      0.539216      0.750035      0.128887      0.078125      0.000000        -12.911980          9.220618      6.217504      1.911669     -0.665376      3.119810
      0.549020      0.746064      0.131592      0.099336      0.000000        -13.296622          9.310614      6.361265      1.964985     -0.665376      3.119810
      0.558824      0.742001      0.134999      0.123975      0.000000        -13.709798          9.394006      6.504255      2.017708     -0.665376      3.119810
      0.568627      0.737823      0.139208      0.151707      0.000000        -14.149036          9.470984      6.646453      2.069823     -0.665376      3.119810
      0.578431      0.733504      0.144308      0.182240      0.000000        -14.612057          9.541703      6.787835      2.121308     -0.665376      3.119810
      0.588235      0.729016      0.150382      0.215315      0.000000        -15.096725          9.606289      6.928371      2.172137     -0.665376      3.119810
      0.598039      0.724329      0.157503      0.250702      0.000000        -15.601007          9.664843      7.068027      2.222281     -0.665376      3.119810
      0.607843      0.719410      0.165739      0.288193      0.000000        -16.122927          9.717446      7.206759      2.271704     -0.665376      3.119810
      0.617647      0.714225      0.175152      0.327596      0.000000        -16.660533          9.764161      7.344522      2.320366     -0.665376      3.119810
      0.627451      0.708738      0.185797      0.368733      0.000000        -17.211853          9.805039      7.481259      2.368222     -0.665376      3.119810
      0.637255      0.702912      0.197724      0.411431      0.000000        -17.774874          9.840127      7.616910      2.415221     -0.665376      3.119810
      0.647059      0.696708      0.210979      0.455522      0.000000        -18.347514          9.869470      7.751406      2.461306     -0.665376      3.119810
      0.656863      0.690088      0.225602      0.500840      0.000000        -18.927606          9.893114      7.884670      2.506416     -0.665376      3.119810
      0.666667      0.683011      0.241628      0.547215      0.000000        -19.512891          9.911117      8.016618      2.550484     -0.665376      3.119810
      0.676471      0.675437      0.259086      0.594478      0.000000        -20.101020          9.923546      8.147160      2.593439     -0.665376      3.119810
      0.686275      0.667325      0.278001      0.642453      0.000000        -20.689560          9.930486      8.276195      2.635207     -0.665376      3.119810
      0.696078      0.658635      0.298392      0.690962      0.000000        -21.276015          9.932039      8.403616      2.675709     -0.665376      3.119810
      0.705882      0.649328      0.320273      0.739824      0.000000        -21.857854          9.928326      8.529308      2.714864     -0.665376      3.119810
      0.715686      0.639364      0.343651      0.788855      0.000000        -22.432539          9.919491      8.653149      2.752589     -0.665376      3.119810
      0.725490      0.628705      0.368529      0.837873      0.000000        -22.997565          9.905697      8.775009      2.788803     -0.665376      3.119810
      0.735294      0.617315      0.394904      0.886696      0.000000        -23.550502          9.887127      8.894751      2.823425     -0.665376      3.119810
      0.745098      0.605159      0.422767      0.935150      0.000000        -24.089033          9.863983      9.012231      2.856377     -0.665376      3.119810
      0.754902      0.592206      0.452104      0.983066      0.000000        -24.611000          9.836481      9.127299      2.887585     -0.665376      3.119810
      0.764706      0.578426      0.482897      1.030286      0.000000        -25.114433          9.804849      9.239798      2.916984     -0.665376      3.119810
      0.774510      0.563793      0.515121      1.076667      0.000000        -25.597586          9.769321      9.349568      2.944514     -0.665376      3.119810
      0.784314      0.548283      0.548749      1.122080      0.000000        -26.058961          9.730140      9.456441      2.970129     -0.665376      3.119810
      0.794118      0.531878      0.583751      1.166412      0.000000        -26.497321          9.687544      9.560248      2.993794     -0.665376      3.119810
      0.803922      0.514563      0.620090      1.209571      0.000000        -26.911698          9.641769      9.660815      3.015489     -0.665376      3.119810
      0.813725      0.496327      0.657731      1.251483      0.000000        -27.301397          9.593044      9.757967      3.035207     -0.665376      3.119810
      0.823529      0.477166      0.696633      1.292095      0.000000        -27.665984          9.541584      9.851524      3.052961     -0.665376      3.119810
      0.833333      0.457077      0.736758      1.331373      0.000000        -28.005273          9.487591      9.941310      3.068782     -0.665376      3.119810
      0.843137      0.436067      0.778063      1.369304      0.000000        -28.319306          9.431249     10.027147      3.082718     -0.665376      3.119810
      0.852941      0.414144      0.820508      1.405891      0.000000        -28.608330          9.372722     10.108858      3.094836     -0.665376      3.119810
      0.862745      0.391326      0.864052      1.441158      0.000000        -28.872769          9.312154     10.186270      3.105224     -0.665376      3.119810
      0.872549      0.367632      0.908655      1.475141      0.000000        -29.113197          9.249666     10.259212      3.113984     -0.665376      3.119810
      0.882353      0.343090      0.954278      1.507894      0.000000        -29.330312          9.185356     10.327519      3.121235     -0.665376      3.119810
      0.892157      0.317733      1.000885      1.539483      0.000000        -29.524905          9.119296     10.391030      3.127110     -0.665376      3.119810
      0.901961      0.291599      1.048441      1.569986      0.000000        -29.697838          9.051538     10.449593      3.131753     -0.665376      3.119810
      0.911765      0.264734      1.096915      1.599492      0.000000        -29.850018          8.982109     10.503062      3.135315     -0.665376      3.119810
      0.921569      0.237185      1.146277      1.628100      0.000000        -29.982379          8.911014     10.551302      3.137951     -0.665376      3.119810
      0.931373      0.209010      1.196502      1.655917      0.000000        -30.095859          8.838236     10.594186      3.139819     -0.665376      3.119810
      0.941176      0.180269      1.247567      1.683059      0.000000        -30.191393          8.763737     10.631601      3.141071     -0.665376      3.119810
      0.950980      0.151028      1.299454      1.709652      0.000000        -30.269893          8.687461     10.663442      3.141849     -0.665376      3.119810
      0.960784      0.121359      1.352147      1.735833      0.000000        -30.332245          8.609335     10.689622      3.142287     -0.665376      3.119810
      0.970588      0.091338      1.405637      1.761765      0.000000        -30.379301          8.529267     10.710065      3.142498     -0.665376      3.119810
      0.980392      0.061047      1.459919      1.787705      0.000000        -30.411880          8.447154     10.724712      3.142578     -0.665376      3.119810
      0.990196      0.030570      1.515005      1.814733      0.000000        -30.430781          8.362881     10.733517      3.142597     -0.665376      3.119810
      1.000000      0.000000      1.570796      1.826132      0.000000        -30.434301          8.332996     10.736456      3.142598     -0.665376      3.119810
