             t             r           psi            cs            qs                 p               sig             A             V            Q2             S
      0.000000      0.000000     -1.570796      0.963705      0.000000       -193.052658        100.161716      0.000000      0.000000     -0.226124      4.105833
      0.009804      0.040243     -1.531990      0.965066      0.000000       -193.057826        100.075078      0.005090      0.000002     -0.226124      4.105833
      0.019608      0.080426     -1.493094      0.967465      0.000000       -193.079675         99.905198      0.020351      0.000032     -0.226124      4.105833
      0.029412      0.120486     -1.454102      0.969915      0.000000       -193.118599         99.738532      0.045762      0.000161     -0.226124      4.105833
      0.039216      0.160364     -1.415008      0.972484      0.000000       -193.176871         99.574435      0.081283      0.000506     -0.226124      4.105833
      0.049020      0.199997     -1.375808      0.975210      0.000000       -193.257149         99.412270      0.126859      0.001231     -0.226124      4.105833
      0.058824      0.239325     -1.336495      0.978131      0.000000       -193.362597         99.251410      0.182423      0.002542     -0.226124      4.105833
      0.068627      0.278284     -1.297059      0.981291      0.000000       -193.496993         99.091232      0.247888      0.004683     -0.226124      4.105833
      0.078431      0.316813     -1.257490      0.984742      0.000000       -193.664878         98.931123      0.323153      0.007936     -0.226124      4.105833
      0.088235      0.354850     -1.217776      0.988544      0.000000       -193.871725         98.770476      0.408102      0.012616     -0.226124      4.105833
      0.098039      0.392334     -1.177901      0.992767      0.000000       -194.124158         98.608688      0.502603      0.019065     -0.226124      4.105833
      0.107843      0.429202     -1.137845      0.997495      0.000000       -194.430227         98.445169      0.606508      0.027646     -0.226124      4.105833
      0.117647      0.465392     -1.097588      1.002832      0.000000       -194.799750         98.279333      0.719652      0.038742     -0.226124      4.105833
      0.127451      0.500841     -1.057101      1.008899      0.000000       -195.244761         98.110616      0.841858      0.052744     -0.226124      4.105833
      0.137255      0.535487     -1.016353      1.015848      0.000000       -195.780059         97.938474      0.972929      0.070050     -0.226124      4.105833
      0.147059      0.569266     -0.975304      1.023864      0.000000       -196.423932         97.762405      1.112654      0.091056     -0.226124      4.105833
      0.156863      0.602114     -0.933908      1.033174      0.000000       -197.199051         97.581972      1.260806      0.116151     -0.226124      4.105833
      0.166667      0.633967     -0.892106      1.044060      0.000000       -198.133615         97.396840      1.417142      0.145708     -0.226124      4.105833
      0.176471      0.664758     -0.849828      1.056872      0.000000       -199.262760         97.206840      1.581401      0.180079     -0.226124      4.105833
      0.186275      0.694418     -0.806989      1.072044      0.000000       -200.630268         97.012059      1.753306      0.219588     -0.226124      4.105833
      0.196078      0.722876     -0.763483      1.090112      0.000000       -202.290519         96.812989      1.932562      0.264527     -0.226124      4.105833
      0.205882      0.750058     -0.719180      1.111729      0.000000       -204.310494         96.610748      2.118856      0.315142     -0.226124      4.105833
      0.215686      0.775884     -0.673923      1.137682      0.000000       -206.771282         96.407424      2.311855      0.371635     -0.226124      4.105833
      0.225490      0.800269     -0.627519      1.168871      0.000000       -209.767822         96.206602      2.511206      0.434150     -0.226124      4.105833
      0.235294      0.823120     -0.579738      1.206248      0.000000       -213.404123         96.014163      2.716532      0.502769     -0.226124      4.105833
      0.245098      0.844335     -0.530314      1.250636      0.000000       -217.778453         95.839471      2.927433      0.577500     -0.226124      4.105833
      0.254902      0.863801     -0.478956      1.302318      0.000000       -222.948067         95.697086      3.143481      0.658270     -0.226124      4.105833
      0.264706      0.881393     -0.425384      1.360212      0.000000       -228.856133         95.609021      3.364218      0.744906     -0.226124      4.105833
      0.274510      0.896978     -0.369417      1.420400      0.000000       -235.198219         95.607298      3.589153      0.837124     -0.226124      4.105833
      0.284314      0.910417     -0.311119      1.473958      0.000000       -241.217885         95.735660      3.817762      0.934505     -0.226124      4.105833
      0.294118      0.921585     -0.251054      1.504825      0.000000       -245.488020         96.047768      4.049485      1.036477     -0.226124      4.105833
      0.303922      0.930399     -0.190580      1.490198      0.000000       -245.893622         96.597607      4.283736      1.142311     -0.226124      4.105833
      0.313725      0.936851     -0.132006      1.407331      0.000000       -240.182439         97.419333      4.519916      1.251146     -0.226124      4.105833
      0.323529      0.941055     -0.078331      1.247063      0.000000       -227.190798         98.502719      4.757440      1.362056     -0.226124      4.105833
      0.333333      0.943253     -0.032454      1.024549      0.000000       -207.961801         99.782485      4.995767      1.474168     -0.226124      4.105833
      0.343137      0.943796      0.003782      0.774572      0.000000       -185.532378        101.156320      5.234433      1.586759     -0.226124      4.105833
      0.352941      0.943083      0.030036      0.533957      0.000000       -163.401927        102.521494      5.473069      1.699318     -0.226124      4.105833
      0.362745      0.941500      0.047229      0.327087      0.000000       -144.083376        103.803721      5.711407      1.811529     -0.226124      4.105833
      0.372549      0.939382      0.056950      0.163153      0.000000       -128.682220        104.964772      5.949270      1.923226     -0.226124      4.105833
      0.382353      0.936995      0.060926      0.040918      0.000000       -117.249431        105.994908      6.186559      2.034342     -0.226124      4.105833
      0.392157      0.934536      0.060723     -0.045632      0.000000       -109.300756        106.901357      6.423232      2.144870     -0.226124      4.105833
      0.401961      0.932148      0.057635     -0.103609      0.000000       -104.188235        107.699109      6.659289      2.254836     -0.226124      4.105833
      0.411765      0.929924      0.052678     -0.139501      0.000000       -101.290029        108.405320      6.894761      2.364283     -0.226124      4.105833
      0.421569      0.927923      0.046629     -0.158638      0.000000       -100.080840        109.036491      7.129698      2.473265     -0.226124      4.105833
      0.431373      0.926178      0.040075     -0.165188      0.000000       -100.142867        109.607305      7.364161      2.581840     -0.226124      4.105833
      0.441176      0.924699      0.033456     -0.162340      0.000000       -101.153352        110.130328      7.598216      2.690066     -0.226124      4.105833
      0.450980      0.923482      0.027099     -0.152523      0.000000       -102.866107        110.616085      7.831930      2.798000     -0.226124      4.105833
      0.460784      0.922511      0.021245     -0.137584      0.000000       -105.094110        111.073277      8.065368      2.905698     -0.226124      4.105833
      0.470588      0.921762      0.016072     -0.118939      0.000000       -107.695385        111.509023      8.298590      3.013208     -0.226124      4.105833
      0.480392      0.921206      0.011705     -0.097669      0.000000       -110.562401        111.929065      8.531647      3.120575     -0.226124      4.105833
      0.490196      0.920808      0.008233     -0.074602      0.000000       -113.614531        112.337929      8.764584      3.227837     -0.226124      4.105833
      0.500000      0.920531      0.005715     -0.050354      0.000000       -116.792943        112.739049      8.997436      3.335023     -0.226124      4.105833
      0.509804      0.920335      0.004189     -0.025364      0.000000       -120.057343        113.134835      9.230229      3.442156     -0.226124      4.105833
      0.519608      0.920180      0.003679      0.000091      0.000000       -123.384040        113.526724      9.462979      3.549250     -0.226124      4.105833
      0.529412      0.920025      0.004201      0.025882      0.000000       -126.764860        113.915207      9.695691      3.656309     -0.226124      4.105833
      0.539216      0.919827      0.005767      0.052023      0.000000       -130.206458        114.299837      9.928359      3.763327     -0.226124      4.105833
      0.549020      0.919546      0.008395      0.078664      0.000000       -133.729617        114.679253     10.160967      3.870289     -0.226124      4.105833
      0.558824      0.919137      0.012111      0.106076      0.000000       -137.368093        115.051211     10.393489      3.977168     -0.226124      4.105833
      0.568627      0.918556      0.016951      0.134638      0.000000       -141.166638        115.412637     10.625886      4.083927     -0.226124      4.105833
      0.578431      0.917757      0.022971      0.164805      0.000000       -145.177861        115.759724     10.858110      4.190518     -0.226124      4.105833
      0.588235      0.916690      0.030247      0.197069      0.000000       -149.457752        116.088071     11.090100      4.296876     -0.226124      4.105833
      0.598039      0.915304      0.038871      0.231911      0.000000       -154.059847        116.392877     11.321780      4.402925     -0.226124      4.105833
      0.607843      0.913542      0.048957      0.269742      0.000000       -159.028352        116.669185     11.553063      4.508573     -0.226124      4.105833
      0.617647      0.911343      0.060631      0.310839      0.000000       -164.390808        116.912179     11.783847      4.613708     -0.226124      4.105833
      0.627451      0.908641      0.074027      0.355294      0.000000       -170.151277        117.117510     12.014012      4.718200     -0.226124      4.105833
      0.637255      0.905364      0.089278      0.402964      0.000000       -176.285241        117.281630     12.243423      4.821898     -0.226124      4.105833
      0.647059      0.901437      0.106506      0.453455      0.000000       -182.737410        117.402089     12.471924      4.924625     -0.226124      4.105833
      0.656863      0.896779      0.125813      0.506130      0.000000       -189.423344        117.477772     12.699342      5.026181     -0.226124      4.105833
      0.666667      0.891307      0.147271      0.560155      0.000000       -196.235127        117.509013     12.925480      5.126338     -0.226124      4.105833
      0.676471      0.884937      0.170915      0.614566      0.000000       -203.050463        117.497586     13.150122      5.224843     -0.226124      4.105833
      0.686275      0.877586      0.196739      0.668358      0.000000       -209.743751        117.446556     13.373031      5.321420     -0.226124      4.105833
      0.696078      0.869174      0.224701      0.720577      0.000000       -216.197240        117.360018     13.593949      5.415770     -0.226124      4.105833
      0.705882      0.859624      0.254718      0.770389      0.000000       -222.310364        117.242761     13.812596      5.507581     -0.226124      4.105833
      0.715686      0.848866      0.286681      0.817143      0.000000       -228.005986        117.099912     14.028677      5.596526     -0.226124      4.105833
      0.725490      0.836840      0.320456      0.860387      0.000000       -233.233016        116.936602     14.241878      5.682281     -0.226124      4.105833
      0.735294      0.823491      0.355897      0.899871      0.000000       -237.965740        116.757692     14.451870      5.764524     -0.226124      4.105833
      0.745098      0.808776      0.392850      0.935524      0.000000       -242.200699        116.567577     14.658315      5.842948     -0.226124      4.105833
      0.754902      0.792661      0.431163      0.967421      0.000000       -245.952174        116.370073     14.860862      5.917270     -0.226124      4.105833
      0.764706      0.775124      0.470686      0.995743      0.000000       -249.247253        116.168369     15.059153      5.987238     -0.226124      4.105833
      0.774510      0.756149      0.511282      1.020746      0.000000       -252.121192        115.965036     15.252827      6.052640     -0.226124      4.105833
      0.784314      0.735732      0.552822      1.042722      0.000000       -254.613502        115.762070     15.441520      6.113307     -0.226124      4.105833
      0.794118      0.713879      0.595191      1.061981      0.000000       -256.764915        115.560963     15.624867      6.169122     -0.226124      4.105833
      0.803922      0.690601      0.638286      1.078830      0.000000       -258.615226        115.362771     15.802506      6.220024     -0.226124      4.105833
      0.813725      0.665919      0.682016      1.093559      0.000000       -260.201891        115.168191     15.974080      6.266005     -0.226124      4.105833
      0.823529      0.639863      0.726300      1.106439      0.000000       -261.559223        114.977628     16.139237      6.307118     -0.226124      4.105833
      0.833333      0.612467      0.771070      1.117714      0.000000       -262.718028        114.791256     16.297634      6.343469     -0.226124      4.105833
      0.843137      0.583773      0.816265      1.127602      0.000000       -263.705558        114.609067     16.448937      6.375221     -0.226124      4.105833
      0.852941      0.553827      0.861833      1.136296      0.000000       -264.545638        114.430912     16.592823      6.402585     -0.226124      4.105833
      0.862745      0.522684      0.907730      1.143963      0.000000       -265.258928        114.256535     16.728982      6.425820     -0.226124      4.105833
      0.872549      0.490400      0.953918      1.150750      0.000000       -265.863224        114.085597     16.857120      6.445222     -0.226124      4.105833
      0.882353      0.457037      1.000363      1.156784      0.000000       -266.373785        113.917697     16.976954      6.461121     -0.226124      4.105833
      0.892157      0.422663      1.047038      1.162174      0.000000       -266.803650        113.752385     17.088221      6.473871     -0.226124      4.105833
      0.901961      0.387347      1.093918      1.167015      0.000000       -267.163934        113.589176     17.190673      6.483844     -0.226124      4.105833
      0.911765      0.351163      1.140984      1.171388      0.000000       -267.464095        113.427552     17.284082      6.491416     -0.226124      4.105833
      0.921569      0.314189      1.188217      1.175367      0.000000       -267.712175        113.266973     17.368238      6.496964     -0.226124      4.105833
      0.931373      0.276504      1.235604      1.179011      0.000000       -267.915009        113.106878     17.442951      6.500856     -0.226124      4.105833
      0.941176      0.238191      1.283132      1.182376      0.000000       -268.078403        112.946687     17.508051      6.503437     -0.226124      4.105833
      0.950980      0.199334      1.330790      1.185510      0.000000       -268.207288        112.785804     17.563391      6.505028     -0.226124      4.105833
      0.960784      0.160021      1.378571      1.188455      0.000000       -268.305860        112.623620     17.608843      6.505914     -0.226124      4.105833
      0.970588      0.120340      1.426466      1.191250      0.000000       -268.377691        112.459509     17.644305      6.506339     -0.226124      4.105833
      0.980392      0.080382      1.474472      1.193934      0.000000       -268.425836        112.292837     17.669693      6.506498     -0.226124      4.105833
      0.990196      0.040238      1.522585      1.196580      0.000000       -268.452937        112.122955     17.684949      6.506535     -0.226124      4.105833
      1.000000      0.000000      1.570796      1.198091      0.000000       -268.459359        112.036317     17.690038      6.506537     -0.226124      4.105833
