             t             r           psi            cs            qs                 p               sig             A             V            Q2             S
      0.000000      0.000000     -1.570796      0.724569      0.000000         -5.510752          3.802778     -0.000000     -0.000000     -0.737858      3.096212
      0.009804      0.030353     -1.548754      0.733508      0.000000         -5.512061          3.776247      0.002895      0.000000     -0.737858      3.096212
      0.019608      0.060690     -1.526143      0.756140      0.000000         -5.519277          3.700091      0.011577      0.000008     -0.737858      3.096212
      0.029412      0.090996     -1.502841      0.779379      0.000000         -5.531965          3.626097      0.026043      0.000040     -0.737858      3.096212
      0.039216      0.121254     -1.478811      0.804184      0.000000         -5.550705          3.554191      0.046285      0.000127     -0.737858      3.096212
      0.049020      0.151443     -1.454000      0.830881      0.000000         -5.576143          3.484318      0.072291      0.000314     -0.737858      3.096212
      0.058824      0.181543     -1.428346      0.859755      0.000000         -5.609005          3.416438      0.104047      0.000659     -0.737858      3.096212
      0.068627      0.211530     -1.401779      0.891107      0.000000         -5.650115          3.350535      0.141534      0.001234     -0.737858      3.096212
      0.078431      0.241379     -1.374218      0.925269      0.000000         -5.700404          3.286615      0.184727      0.002126     -0.737858      3.096212
      0.088235      0.271061     -1.345574      0.962604      0.000000         -5.760926          3.224716      0.233598      0.003441     -0.737858      3.096212
      0.098039      0.300545     -1.315742      1.003515      0.000000         -5.832867          3.164905      0.288112      0.005299     -0.737858      3.096212
      0.107843      0.329795     -1.284610      1.048434      0.000000         -5.917560          3.107294      0.348227      0.007837     -0.737858      3.096212
      0.117647      0.358771     -1.252047      1.097825      0.000000         -6.016491          3.052035      0.413895      0.011210     -0.737858      3.096212
      0.127451      0.387431     -1.217910      1.152168      0.000000         -6.131302          2.999340      0.485061      0.015591     -0.737858      3.096212
      0.137255      0.415723     -1.182043      1.211940      0.000000         -6.263781          2.949482      0.561658      0.021170     -0.737858      3.096212
      0.147059      0.443591     -1.144274      1.277582      0.000000         -6.415842          2.902814      0.643612      0.028157     -0.737858      3.096212
      0.156863      0.470971     -1.104418      1.349451      0.000000         -6.589473          2.859779      0.730836      0.036774     -0.737858      3.096212
      0.166667      0.497792     -1.062284      1.427746      0.000000         -6.786648          2.820926      0.823230      0.047261     -0.737858      3.096212
      0.176471      0.523971     -1.017675      1.512400      0.000000         -7.009188          2.786928      0.920679      0.059870     -0.737858      3.096212
      0.186275      0.549417     -0.970406      1.602942      0.000000         -7.258545          2.758602      1.023053      0.074857     -0.737858      3.096212
      0.196078      0.574028     -0.920311      1.698318      0.000000         -7.535488          2.736922      1.130203      0.092482     -0.737858      3.096212
      0.205882      0.597690     -0.867271      1.796670      0.000000         -7.839676          2.723036      1.241957      0.112996     -0.737858      3.096212
      0.215686      0.620281     -0.811234      1.895115      0.000000         -8.169110          2.718267      1.358125      0.136631     -0.737858      3.096212
      0.225490      0.641668     -0.752258      1.989556      0.000000         -8.519486          2.724103      1.478488      0.163586     -0.737858      3.096212
      0.235294      0.661718     -0.690543      2.074609      0.000000         -8.883538          2.742164      1.602806      0.194008     -0.737858      3.096212
      0.245098      0.680294     -0.626469      2.143754      0.000000         -9.250517          2.774129      1.730808      0.227980     -0.737858      3.096212
      0.254902      0.697272     -0.560629      2.189813      0.000000         -9.606062          2.821632      1.862204      0.265498     -0.737858      3.096212
      0.264706      0.712543     -0.493830      2.205815      0.000000         -9.932731          2.886110      1.996676      0.306465     -0.737858      3.096212
      0.274510      0.726027     -0.427076      2.186142      0.000000        -10.211436          2.968624      2.133891      0.350682     -0.737858      3.096212
      0.284314      0.737682     -0.361503      2.127745      0.000000        -10.423756          3.069670      2.273504      0.397859     -0.737858      3.096212
      0.294118      0.747507     -0.298289      2.031020      0.000000        -10.554804          3.189027      2.415165      0.447630     -0.737858      3.096212
      0.303922      0.755546     -0.238547      1.900031      0.000000        -10.595919          3.325673      2.558529      0.499580     -0.737858      3.096212
      0.313725      0.761887     -0.183213      1.741924      0.000000        -10.546412          3.477810      2.703262      0.553279     -0.737858      3.096212
      0.323529      0.766652     -0.132978      1.565722      0.000000        -10.413781          3.642992      2.849052      0.608303     -0.737858      3.096212
      0.333333      0.769989     -0.088245      1.380893      0.000000        -10.212379          3.818340      2.995613      0.664268     -0.737858      3.096212
      0.343137      0.772058     -0.049143      1.196083      0.000000         -9.961005          4.000791      3.142686      0.720839     -0.737858      3.096212
      0.352941      0.773026     -0.015559      1.018304      0.000000         -9.680142          4.187340      3.290046      0.777734     -0.737858      3.096212
      0.362745      0.773055      0.012801      0.852604      0.000000         -9.389536          4.375230      3.437499      0.834731     -0.737858      3.096212
      0.372549      0.772298      0.036357      0.702141      0.000000         -9.106469          4.562079      3.584880      0.891655     -0.737858      3.096212
      0.382353      0.770892      0.055598      0.568475      0.000000         -8.844857          4.745938      3.732053      0.948376     -0.737858      3.096212
      0.392157      0.768963      0.071043      0.451963      0.000000         -8.615015          4.925297      3.878906      1.004797     -0.737858      3.096212
      0.401961      0.766616      0.083206      0.352131      0.000000         -8.423901          5.099053      4.025349      1.060850     -0.737858      3.096212
      0.411765      0.763945      0.092580      0.267993      0.000000         -8.275608          5.266455      4.171313      1.116486     -0.737858      3.096212
      0.421569      0.761027      0.099622      0.198286      0.000000         -8.171957          5.427043      4.316742      1.171675     -0.737858      3.096212
      0.431373      0.757927      0.104750      0.141644      0.000000         -8.113069          5.580590      4.461597      1.226395     -0.737858      3.096212
      0.441176      0.754695      0.108340      0.096701      0.000000         -8.097868          5.727040      4.605847      1.280635     -0.737858      3.096212
      0.450980      0.751374      0.110726      0.062160      0.000000         -8.124497          5.866466      4.749471      1.334388     -0.737858      3.096212
      0.460784      0.747996      0.112206      0.036828      0.000000         -8.190633          5.999025      4.892457      1.387652     -0.737858      3.096212
      0.470588      0.744583      0.113044      0.019631      0.000000         -8.293725          6.124931      5.034794      1.440428     -0.737858      3.096212
      0.480392      0.741151      0.113471      0.009614      0.000000         -8.431160          6.244428      5.176478      1.492717     -0.737858      3.096212
      0.490196      0.737711      0.113692      0.005941      0.000000         -8.600378          6.357773      5.317507      1.544522     -0.737858      3.096212
      0.500000      0.734264      0.113888      0.007882      0.000000         -8.798944          6.465219      5.457880      1.595844     -0.737858      3.096212
      0.509804      0.730810      0.114221      0.014803      0.000000         -9.024589          6.567010      5.597594      1.646685     -0.737858      3.096212
      0.519608      0.727342      0.114832      0.026160      0.000000         -9.275232          6.663369      5.736648      1.697044     -0.737858      3.096212
      0.529412      0.723850      0.115849      0.041481      0.000000         -9.548985          6.754499      5.875039      1.746918     -0.737858      3.096212
      0.539216      0.720320      0.117386      0.060362      0.000000         -9.844143          6.840576      6.012760      1.796304     -0.737858      3.096212
      0.549020      0.716734      0.119546      0.082458      0.000000        -10.159175          6.921746      6.149803      1.845195     -0.737858      3.096212
      0.558824      0.713072      0.122422      0.107470      0.000000        -10.492700          6.998132      6.286155      1.893579     -0.737858      3.096212
      0.568627      0.709312      0.126098      0.135143      0.000000        -10.843469          7.069828      6.421800      1.941443     -0.737858      3.096212
      0.578431      0.705428      0.130651      0.165259      0.000000        -11.210336          7.136903      6.556716      1.988769     -0.737858      3.096212
      0.588235      0.701393      0.136153      0.197627      0.000000        -11.592235          7.199403      6.690877      2.035537     -0.737858      3.096212
      0.598039      0.697178      0.142670      0.232082      0.000000        -11.988151          7.257352      6.824253      2.081720     -0.737858      3.096212
      0.607843      0.692750      0.150262      0.268478      0.000000        -12.397094          7.310757      6.956804      2.127288     -0.737858      3.096212
      0.617647      0.688078      0.158988      0.306684      0.000000        -12.818071          7.359609      7.088488      2.172206     -0.737858      3.096212
      0.627451      0.683127      0.168898      0.346581      0.000000        -13.250061          7.403890      7.219256      2.216434     -0.737858      3.096212
      0.637255      0.677861      0.180045      0.388056      0.000000        -13.691993          7.443573      7.349049      2.259928     -0.737858      3.096212
      0.647059      0.672243      0.192472      0.430997      0.000000        -14.142721          7.478627      7.477805      2.302638     -0.737858      3.096212
      0.656863      0.666235      0.206224      0.475295      0.000000        -14.601011          7.509023      7.605453      2.344509     -0.737858      3.096212
      0.666667      0.659799      0.221340      0.520837      0.000000        -15.065526          7.534737      7.731915      2.385481     -0.737858      3.096212
      0.676471      0.652894      0.237856      0.567506      0.000000        -15.534817          7.555750      7.857105      2.425491     -0.737858      3.096212
      0.686275      0.645481      0.255803      0.615177      0.000000        -16.007322          7.572060      7.980930      2.464470     -0.737858      3.096212
      0.696078      0.637519      0.275212      0.663719      0.000000        -16.481370          7.583674      8.103290      2.502346     -0.737858      3.096212
      0.705882      0.628969      0.296105      0.712992      0.000000        -16.955191          7.590622      8.224076      2.539044     -0.737858      3.096212
      0.715686      0.619791      0.318503      0.762848      0.000000        -17.426934          7.592950      8.343172      2.574488     -0.737858      3.096212
      0.725490      0.609945      0.342422      0.813132      0.000000        -17.894688          7.590725      8.460455      2.608599     -0.737858      3.096212
      0.735294      0.599394      0.367871      0.863685      0.000000        -18.356512          7.584035      8.575793      2.641299     -0.737858      3.096212
      0.745098      0.588100      0.394857      0.914341      0.000000        -18.810464          7.572990      8.689048      2.672512     -0.737858      3.096212
      0.754902      0.576029      0.423381      0.964937      0.000000        -19.254638          7.557717      8.800075      2.702165     -0.737858      3.096212
      0.764706      0.563147      0.453437      1.015310      0.000000        -19.687196          7.538363      8.908724      2.730188     -0.737858      3.096212
      0.774510      0.549425      0.485016      1.065301      0.000000        -20.106403          7.515088      9.014836      2.756519     -0.737858      3.096212
      0.784314      0.534834      0.518106      1.114761      0.000000        -20.510657          7.488067      9.118248      2.781105     -0.737858      3.096212
      0.794118      0.519352      0.552687      1.163549      0.000000        -20.898516          7.457481      9.218793      2.803903     -0.737858      3.096212
      0.803922      0.502957      0.588737      1.211539      0.000000        -21.268721          7.423518      9.316298      2.824882     -0.737858      3.096212
      0.813725      0.485634      0.626230      1.258621      0.000000        -21.620209          7.386366      9.410588      2.844024     -0.737858      3.096212
      0.823529      0.467372      0.665137      1.304700      0.000000        -21.952124          7.346213      9.501485      2.861330     -0.737858      3.096212
      0.833333      0.448165      0.705427      1.349703      0.000000        -22.263818          7.303239      9.588808      2.876813     -0.737858      3.096212
      0.843137      0.428011      0.747067      1.393575      0.000000        -22.554850          7.257616      9.672378      2.890509     -0.737858      3.096212
      0.852941      0.406916      0.790020      1.436281      0.000000        -22.824975          7.209505      9.752014      2.902469     -0.737858      3.096212
      0.862745      0.384889      0.834251      1.477808      0.000000        -23.074128          7.159052      9.827538      2.912763     -0.737858      3.096212
      0.872549      0.361949      0.879726      1.518160      0.000000        -23.302413          7.106387      9.898773      2.921480     -0.737858      3.096212
      0.882353      0.338117      0.926407      1.557363      0.000000        -23.510080          7.051619      9.965547      2.928726     -0.737858      3.096212
      0.892157      0.313424      0.974262      1.595460      0.000000        -23.697503          6.994843     10.027694      2.934621     -0.737858      3.096212
      0.901961      0.287905      1.023257      1.632513      0.000000        -23.865160          6.936129     10.085051      2.939298     -0.737858      3.096212
      0.911765      0.261604      1.073362      1.668598      0.000000        -24.013612          6.875529     10.137466      2.942900     -0.737858      3.096212
      0.921569      0.234570      1.124549      1.703811      0.000000        -24.143482          6.813073     10.184794      2.945577     -0.737858      3.096212
      0.931373      0.206859      1.176793      1.738258      0.000000        -24.255436          6.748773     10.226901      2.947480     -0.737858      3.096212
      0.941176      0.178534      1.230072      1.772063      0.000000        -24.350167          6.682619     10.263662      2.948759     -0.737858      3.096212
      0.950980      0.149664      1.284370      1.805366      0.000000        -24.428382          6.614584     10.294968      2.949557     -0.737858      3.096212
      0.960784      0.120324      1.339673      1.838328      0.000000        -24.490786          6.544622     10.320722      2.950007     -0.737858      3.096212
      0.970588      0.090596      1.395973      1.871144      0.000000        -24.538081          6.472673     10.340841      2.950226     -0.737858      3.096212
      0.980392      0.060569      1.453271      1.904141      0.000000        -24.570958          6.398662     10.355261      2.950308     -0.737858      3.096212
      0.990196      0.030337      1.511587      1.938741      0.000000        -24.590104          6.322502     10.363933      2.950327     -0.737858      3.096212
      1.000000      0.000000      1.570796      1.953124      0.000000        -24.593625          6.295971     10.366827      2.950329     -0.737858      3.096212
