             t             r           psi            cs            qs                 p               sig             A             V            Q2             S
      0.000000      0.000000     -1.570796     -0.224101      0.000000         -1.224313          2.731612      0.000000     -0.000000      0.172767      5.478725
      0.009804      0.053712     -1.558506     -0.238641      0.000000         -1.226503          2.623787      0.009064      0.000001      0.172767      5.478725
      0.019608      0.107415     -1.545055     -0.262901      0.000000         -1.234961          2.457558      0.036253      0.000025      0.172767      5.478725
      0.029412      0.161098     -1.530169     -0.292426      0.000000         -1.250945          2.297226      0.081564      0.000129      0.172767      5.478725
      0.039216      0.214746     -1.513510     -0.329322      0.000000         -1.276560          2.142096      0.144987      0.000427      0.172767      5.478725
      0.049020      0.268340     -1.494609     -0.376466      0.000000         -1.314694          1.991617      0.226507      0.001091      0.172767      5.478725
      0.058824      0.321849     -1.472810     -0.438084      0.000000         -1.369397          1.845434      0.326101      0.002378      0.172767      5.478725
      0.068627      0.375234     -1.447176     -0.520521      0.000000         -1.446457          1.703457      0.443734      0.004655      0.172767      5.478725
      0.078431      0.428430     -1.416349     -0.633484      0.000000         -1.554316          1.565983      0.579354      0.008442      0.172767      5.478725
      0.088235      0.481340     -1.378313     -0.791999      0.000000         -1.705523          1.433906      0.732882      0.014476      0.172767      5.478725
      0.098039      0.533805     -1.330043     -1.019277      0.000000         -1.919014          1.309061      0.904198      0.023821      0.172767      5.478725
      0.107843      0.585551     -1.266972     -1.349961      0.000000         -2.223460          1.194841      1.093108      0.038022      0.172767      5.478725
      0.117647      0.636103     -1.182350     -1.829855      0.000000         -2.661137          1.097250      1.299299      0.059339      0.172767      5.478725
      0.127451      0.684601     -1.066998     -2.497402      0.000000         -3.287945          1.026660      1.522235      0.091001      0.172767      5.478725
      0.137255      0.729544     -0.911302     -3.311721      0.000000         -4.152856          1.000306      1.760992      0.137227      0.172767      5.478725
      0.147059      0.768581     -0.713046     -4.015302      0.000000         -5.219389          1.043999      2.013998      0.202273      0.172767      5.478725
      0.156863      0.798949     -0.490407     -4.144021      0.000000         -6.231694          1.187408      2.278787      0.287787      0.172767      5.478725
      0.166667      0.819004     -0.282218     -3.495488      0.000000         -6.751210          1.446219      2.552100      0.390278      0.172767      5.478725
      0.176471      0.829530     -0.122220     -2.440327      0.000000         -6.556917          1.802918      2.830518      0.502778      0.172767      5.478725
      0.186275      0.833071     -0.018629     -1.453701      0.000000         -5.874659          2.213619      3.111228      0.619215      0.172767      5.478725
      0.196078      0.832355      0.038812     -0.732107      0.000000         -5.091896          2.634722      3.392346      0.736270      0.172767      5.478725
      0.205882      0.829467      0.064644     -0.267320      0.000000         -4.468703          3.039117      3.672807      0.852633      0.172767      5.478725
      0.215686      0.825763      0.070920      0.007774      0.000000         -4.099651          3.415856      3.952127      0.967947      0.172767      5.478725
      0.225490      0.822052      0.066069      0.156029      0.000000         -3.981409          3.763910      4.230179      1.082215      0.172767      5.478725
      0.235294      0.818770      0.055602      0.223123      0.000000         -4.071891          4.086874      4.507043      1.195566      0.172767      5.478725
      0.245098      0.816119      0.042995      0.239854      0.000000         -4.321079          4.389893      4.782902      1.308170      0.172767      5.478725
      0.254902      0.814153      0.030368      0.226616      0.000000         -4.683271          4.678180      5.057982      1.420200      0.172767      5.478725
      0.264706      0.812836      0.018943      0.196919      0.000000         -5.120560          4.956399      5.332510      1.531823      0.172767      5.478725
      0.274510      0.812085      0.009346      0.159729      0.000000         -5.602899          5.228460      5.606692      1.643186      0.172767      5.478725
      0.284314      0.811794      0.001811      0.120945      0.000000         -6.107123          5.497494      5.880701      1.754419      0.172767      5.478725
      0.294118      0.811854     -0.003686      0.084331      0.000000         -6.615855          5.765902      6.154674      1.865625      0.172767      5.478725
      0.303922      0.812157     -0.007328      0.052126      0.000000         -7.116553          6.035427      6.428711      1.976880      0.172767      5.478725
      0.313725      0.812612     -0.009385      0.025464      0.000000         -7.600732          6.307239      6.702879      2.088240      0.172767      5.478725
      0.323529      0.813143     -0.010169      0.004683      0.000000         -8.063307          6.582024      6.977214      2.199735      0.172767      5.478725
      0.333333      0.813688     -0.009990     -0.010433      0.000000         -8.501995          6.860073      7.251733      2.311378      0.172767      5.478725
      0.343137      0.814204     -0.009139     -0.020463      0.000000         -8.916748          7.141367      7.526432      2.423168      0.172767      5.478725
      0.352941      0.814662     -0.007869     -0.026187      0.000000         -9.309194          7.425662      7.801296      2.535094      0.172767      5.478725
      0.362745      0.815045     -0.006388     -0.028468      0.000000         -9.682114          7.712567      8.076302      2.647137      0.172767      5.478725
      0.372549      0.815347     -0.004857     -0.028160      0.000000        -10.038957          8.001609      8.351424      2.759275      0.172767      5.478725
      0.382353      0.815568     -0.003395     -0.026047      0.000000        -10.383429          8.292288      8.626634      2.871486      0.172767      5.478725
      0.392157      0.815715     -0.002079     -0.022805      0.000000        -10.719171          8.584119      8.901905      2.983748      0.172767      5.478725
      0.401961      0.815795     -0.000955     -0.018986      0.000000        -11.049518          8.876660      9.177215      3.096041      0.172767      5.478725
      0.411765      0.815821     -0.000042     -0.015019      0.000000        -11.377353          9.169531      9.452542      3.208349      0.172767      5.478725
      0.421569      0.815803      0.000661     -0.011217      0.000000        -11.705033          9.462422      9.727871      3.320658      0.172767      5.478725
      0.431373      0.815753      0.001170     -0.007791      0.000000        -12.034380          9.755095     10.003188      3.432957      0.172767      5.478725
      0.441176      0.815681      0.001507     -0.004871      0.000000        -12.366708         10.047375     10.278483      3.545238      0.172767      5.478725
      0.450980      0.815594      0.001703     -0.002522      0.000000        -12.702885         10.339149     10.553752      3.657498      0.172767      5.478725
      0.460784      0.815500      0.001789     -0.000757      0.000000        -13.043409         10.630349     10.828990      3.769733      0.172767      5.478725
      0.470588      0.815403      0.001795      0.000439      0.000000        -13.388493         10.920948     11.104196      3.881941      0.172767      5.478725
      0.480392      0.815308      0.001751      0.001106      0.000000        -13.738145         11.210943     11.379369      3.994123      0.172767      5.478725
      0.490196      0.815216      0.001685      0.001292      0.000000        -14.092244         11.500350     11.654511      4.106279      0.172767      5.478725
      0.500000      0.815127      0.001620      0.001050      0.000000        -14.450615         11.789191     11.929622      4.218410      0.172767      5.478725
      0.509804      0.815041      0.001579      0.000427      0.000000        -14.813084         12.077487     12.204703      4.330517      0.172767      5.478725
      0.519608      0.814957      0.001580     -0.000539      0.000000        -15.179541         12.365254     12.479756      4.442601      0.172767      5.478725
      0.529412      0.814870      0.001642     -0.001818      0.000000        -15.549983         12.652491     12.754780      4.554661      0.172767      5.478725
      0.539216      0.814779      0.001781     -0.003399      0.000000        -15.924556         12.939177     13.029774      4.666697      0.172767      5.478725
      0.549020      0.814677      0.002013     -0.005284      0.000000        -16.303597         13.225268     13.304736      4.778707      0.172767      5.478725
      0.558824      0.814561      0.002354     -0.007494      0.000000        -16.687673         13.510686     13.579662      4.890686      0.172767      5.478725
      0.568627      0.814422      0.002824     -0.010069      0.000000        -17.077614         13.795319     13.854544      5.002631      0.172767      5.478725
      0.578431      0.814255      0.003444     -0.013068      0.000000        -17.474557         14.079013     14.129375      5.114533      0.172767      5.478725
      0.588235      0.814049      0.004237     -0.016573      0.000000        -17.879990         14.361566     14.404143      5.226384      0.172767      5.478725
      0.598039      0.813796      0.005235     -0.020688      0.000000        -18.295793         14.642720     14.678834      5.338172      0.172767      5.478725
      0.607843      0.813482      0.006473     -0.025541      0.000000        -18.724298         14.922155     14.953430      5.449882      0.172767      5.478725
      0.617647      0.813095      0.007995     -0.031290      0.000000        -19.168343         15.199476     15.227908      5.561495      0.172767      5.478725
      0.627451      0.812618      0.009853     -0.038117      0.000000        -19.631329         15.474206     15.502241      5.672989      0.172767      5.478725
      0.637255      0.812030      0.012113     -0.046239      0.000000        -20.117287         15.745771     15.776394      5.784334      0.172767      5.478725
      0.647059      0.811308      0.014848     -0.055905      0.000000        -20.630928         16.013485     16.050327      5.895497      0.172767      5.478725
      0.656863      0.810424      0.018151     -0.067399      0.000000        -21.177686         16.276544     16.323991      6.006436      0.172767      5.478725
      0.666667      0.809346      0.022127     -0.081039      0.000000        -21.763737         16.534001     16.597324      6.117100      0.172767      5.478725
      0.676471      0.808033      0.026901     -0.097179      0.000000        -22.395971         16.784764     16.870255      6.227429      0.172767      5.478725
      0.686275      0.806440      0.032618     -0.116201      0.000000        -23.081904         17.027578     17.142696      6.337346      0.172767      5.478725
      0.696078      0.804510      0.039443     -0.138513      0.000000        -23.829507         17.261026     17.414545      6.446763      0.172767      5.478725
      0.705882      0.802180      0.047564     -0.164529      0.000000        -24.646914         17.483531     17.685678      6.555572      0.172767      5.478725
      0.715686      0.799376      0.057192     -0.194660      0.000000        -25.541995         17.693373     17.955946      6.663642      0.172767      5.478725
      0.725490      0.796009      0.068556     -0.229282      0.000000        -26.521774         17.888715     18.225175      6.770818      0.172767      5.478725
      0.735294      0.791981      0.081909     -0.268709      0.000000        -27.591685         18.067656     18.493159      6.876915      0.172767      5.478725
      0.745098      0.787180      0.097513     -0.313154      0.000000        -28.754721         18.228296     18.759657      6.981714      0.172767      5.478725
      0.754902      0.781478      0.115641     -0.362694      0.000000        -30.010510         18.368826     19.024387      7.084954      0.172767      5.478725
      0.764706      0.774736      0.136565     -0.417225      0.000000        -31.354465         18.487631     19.287020      7.186336      0.172767      5.478725
      0.774510      0.766800      0.160546     -0.476436      0.000000        -32.777149         18.583400     19.547182      7.285510      0.172767      5.478725
      0.784314      0.757507      0.187821     -0.539793      0.000000        -34.264017         18.655238     19.804440      7.382082      0.172767      5.478725
      0.794118      0.746683      0.218594     -0.606540      0.000000        -35.795691         18.702751     20.058309      7.475606      0.172767      5.478725
      0.803922      0.734151      0.253023     -0.675730      0.000000        -37.348832         18.726111     20.308242      7.565597      0.172767      5.478725
      0.813725      0.719732      0.291210     -0.746279      0.000000        -38.897566         18.726062     20.553632      7.651535      0.172767      5.478725
      0.823529      0.703251      0.333196     -0.817035      0.000000        -40.415313         18.703886     20.793813      7.732878      0.172767      5.478725
      0.833333      0.684544      0.378964     -0.886861      0.000000        -41.876740         18.661314     21.028060      7.809086      0.172767      5.478725
      0.843137      0.663461      0.428433     -0.954711      0.000000        -43.259540         18.600412     21.255597      7.879639      0.172767      5.478725
      0.852941      0.639875      0.481473     -1.019700      0.000000        -44.545789         18.523430     21.475600      7.944071      0.172767      5.478725
      0.862745      0.613685      0.537911     -1.081142      0.000000        -45.722708         18.432665     21.687205      8.002000      0.172767      5.478725
      0.872549      0.584818      0.597544     -1.138572      0.000000        -46.782807         18.330327     21.889522      8.053155      0.172767      5.478725
      0.882353      0.553239      0.660147     -1.191740      0.000000        -47.723512         18.218439     22.081639      8.097407      0.172767      5.478725
      0.892157      0.518947      0.725490     -1.240590      0.000000        -48.546406         18.098760     22.262640      8.134788      0.172767      5.478725
      0.901961      0.481981      0.793343     -1.285228      0.000000        -49.256290         17.972742     22.431615      8.165505      0.172767      5.478725
      0.911765      0.442417      0.863486     -1.325884      0.000000        -49.860209         17.841513     22.587674      8.189939      0.172767      5.478725
      0.921569      0.400370      0.935712     -1.362879      0.000000        -50.366553         17.705881     22.729957      8.208636      0.172767      5.478725
      0.931373      0.355993      1.009836     -1.396591      0.000000        -50.784318         17.566345     22.857652      8.222282      0.172767      5.478725
      0.941176      0.309476      1.085691     -1.427432      0.000000        -51.122529         17.423123     22.970004      8.231667      0.172767      5.478725
      0.950980      0.261041      1.163135     -1.455831      0.000000        -51.389839         17.276179     23.066326      8.237642      0.172767      5.478725
      0.960784      0.210944      1.242049     -1.482220      0.000000        -51.594262         17.125251     23.146014      8.241066      0.172767      5.478725
      0.970588      0.159468      1.322336     -1.507031      0.000000        -51.743040         16.969882     23.208553      8.242747      0.172767      5.478725
      0.980392      0.106925      1.403923     -1.530702      0.000000        -51.842592         16.809450     23.253530      8.243388      0.172767      5.478725
      0.990196      0.053650      1.486762     -1.553797      0.000000        -51.898558         16.643195     23.280642      8.243540      0.172767      5.478725
      1.000000      0.000000      1.570796     -1.569778      0.000000        -51.913703         16.535368     23.289701      8.243550      0.172767      5.478725
