             t             r           psi            cs            qs                 p               sig             A             V            Q2             S
      0.000000      0.000000     -1.570796     -0.001355      0.000000         -0.003114          1.149035     -0.000000      0.000000      0.224187      4.335637
      0.009804      0.042506     -1.570737     -0.001477      0.000000         -0.003121          1.089353      0.005676      0.000000      0.224187      4.335637
      0.019608      0.085012     -1.570670     -0.001724      0.000000         -0.003150          0.979672      0.022705      0.000000      0.224187      4.335637
      0.029412      0.127519     -1.570590     -0.002047      0.000000         -0.003206          0.874082      0.051086      0.000000      0.224187      4.335637
      0.039216      0.170025     -1.570494     -0.002488      0.000000         -0.003296          0.772400      0.090819      0.000001      0.224187      4.335637
      0.049020      0.212531     -1.570376     -0.003108      0.000000         -0.003431          0.674514      0.141904      0.000003      0.224187      4.335637
      0.058824      0.255037     -1.570226     -0.004015      0.000000         -0.003629          0.580406      0.204342      0.000007      0.224187      4.335637
      0.068627      0.297544     -1.570028     -0.005402      0.000000         -0.003914          0.490172      0.278132      0.000013      0.224187      4.335637
      0.078431      0.340050     -1.569754     -0.007645      0.000000         -0.004327          0.404065      0.363275      0.000026      0.224187      4.335637
      0.088235      0.382556     -1.569355     -0.011531      0.000000         -0.004935          0.322540      0.459770      0.000047      0.224187      4.335637
      0.098039      0.425062     -1.568726     -0.018906      0.000000         -0.005857          0.246340      0.567617      0.000085      0.224187      4.335637
      0.107843      0.467568     -1.567632     -0.034757      0.000000         -0.007334          0.176612      0.686816      0.000154      0.224187      4.335637
      0.117647      0.510074     -1.565436     -0.075525      0.000000         -0.009902          0.115099      0.817368      0.000286      0.224187      4.335637
      0.127451      0.552579     -1.559943     -0.213699      0.000000         -0.015037          0.064444      0.959272      0.000577      0.224187      4.335637
      0.137255      0.595078     -1.540062     -0.933749      0.000000         -0.028282          0.028701      1.112527      0.001397      0.224187      4.335637
      0.147059      0.637455     -1.426906     -5.534279      0.000000         -0.081839          0.014210      1.277124      0.005065      0.224187      4.335637
      0.156863      0.677777     -1.076603     -9.326057      0.000000         -0.305967          0.030518      1.452860      0.022566      0.224187      4.335637
      0.166667      0.710615     -0.717081     -7.337124      0.000000         -0.734230          0.087431      1.638475      0.063119      0.224187      4.335637
      0.176471      0.733759     -0.454015     -5.120025      0.000000         -1.194527          0.188268      1.831561      0.121481      0.224187      4.335637
      0.186275      0.748633     -0.273798     -3.452669      0.000000         -1.555706          0.328299      2.029674      0.190227      0.224187      4.335637
      0.196078      0.757467     -0.153428     -2.282774      0.000000         -1.786298          0.497929      2.230906      0.264341      0.224187      4.335637
      0.205882      0.762181     -0.074560     -1.478940      0.000000         -1.913810          0.686613      2.433909      0.340997      0.224187      4.335637
      0.215686      0.764194     -0.024096     -0.930522      0.000000         -1.982045          0.885351      2.637785      0.418717      0.224187      4.335637
      0.225490      0.764501      0.007023     -0.557746      0.000000         -2.029124          1.087561      2.841952      0.496751      0.224187      4.335637
      0.235294      0.763782      0.025022     -0.305744      0.000000         -2.081169          1.288962      3.046052      0.574726      0.224187      4.335637
      0.245098      0.762498      0.034193     -0.137231      0.000000         -2.153217          1.487087      3.249876      0.652466      0.224187      4.335637
      0.254902      0.760958      0.037508     -0.026794      0.000000         -2.252199          1.680743      3.453317      0.729900      0.224187      4.335637
      0.264706      0.759364      0.037043      0.043062      0.000000         -2.379826          1.869570      3.656337      0.807009      0.224187      4.335637
      0.274510      0.757843      0.034248      0.084530      0.000000         -2.534761          2.053716      3.858938      0.883806      0.224187      4.335637
      0.284314      0.756471      0.030136      0.106220      0.000000         -2.714080          2.233615      4.061151      0.960318      0.224187      4.335637
      0.294118      0.755290      0.025410      0.114284      0.000000         -2.914181          2.409841      4.263023      1.036583      0.224187      4.335637
      0.303922      0.754313      0.020550      0.113154      0.000000         -3.131326          2.583016      4.464607      1.112639      0.224187      4.335637
      0.313725      0.753540      0.015875      0.106043      0.000000         -3.361942          2.753753      4.665957      1.188526      0.224187      4.335637
      0.323529      0.752958      0.011586      0.095285      0.000000         -3.602779          2.922624      4.867127      1.264283      0.224187      4.335637
      0.333333      0.752548      0.007802      0.082564      0.000000         -3.850979          3.090142      5.068165      1.339944      0.224187      4.335637
      0.343137      0.752287      0.004578      0.069085      0.000000         -4.104097          3.256752      5.269113      1.415540      0.224187      4.335637
      0.352941      0.752151      0.001928      0.055691      0.000000         -4.360093          3.422829      5.470009      1.491097      0.224187      4.335637
      0.362745      0.752115     -0.000166      0.042950      0.000000         -4.617313          3.588678      5.670883      1.566639      0.224187      4.335637
      0.372549      0.752157     -0.001738      0.031224      0.000000         -4.874458          3.754542      5.871758      1.642181      0.224187      4.335637
      0.382353      0.752256     -0.002837      0.020716      0.000000         -5.130550          3.920601      6.072652      1.717737      0.224187      4.335637
      0.392157      0.752393     -0.003518      0.011511      0.000000         -5.384902          4.086983      6.273578      1.793317      0.224187      4.335637
      0.401961      0.752550     -0.003835      0.003608      0.000000         -5.637081          4.253768      6.474544      1.868927      0.224187      4.335637
      0.411765      0.752714     -0.003842     -0.003059      0.000000         -5.886880          4.420992      6.675553      1.944570      0.224187      4.335637
      0.421569      0.752873     -0.003590     -0.008598      0.000000         -6.134280          4.588660      6.876605      2.020245      0.224187      4.335637
      0.431373      0.753017     -0.003125     -0.013149      0.000000         -6.379430          4.756743      7.077698      2.095950      0.224187      4.335637
      0.441176      0.753136     -0.002485     -0.016865      0.000000         -6.622613          4.925187      7.278827      2.171683      0.224187      4.335637
      0.450980      0.753226     -0.001701     -0.019912      0.000000         -6.864228          5.093920      7.479983      2.247436      0.224187      4.335637
      0.460784      0.753279     -0.000799     -0.022456      0.000000         -7.104768          5.262850      7.681158      2.323205      0.224187      4.335637
      0.470588      0.753292      0.000203     -0.024662      0.000000         -7.344806          5.431873      7.882343      2.398980      0.224187      4.335637
      0.480392      0.753261      0.001295     -0.026689      0.000000         -7.584978          5.600871      8.083525      2.474753      0.224187      4.335637
      0.490196      0.753181      0.002472     -0.028690      0.000000         -7.825978          5.769716      8.284692      2.550515      0.224187      4.335637
      0.500000      0.753049      0.003736     -0.030812      0.000000         -8.068551          5.938273      8.485831      2.626255      0.224187      4.335637
      0.509804      0.752862      0.005095     -0.033193      0.000000         -8.313492          6.106394      8.686928      2.701963      0.224187      4.335637
      0.519608      0.752615      0.006563     -0.035967      0.000000         -8.561646          6.273922      8.887967      2.777627      0.224187      4.335637
      0.529412      0.752302      0.008160     -0.039264      0.000000         -8.813912          6.440690      9.088931      2.853235      0.224187      4.335637
      0.539216      0.751919      0.009911     -0.043211      0.000000         -9.071249          6.606515      9.289802      2.928771      0.224187      4.335637
      0.549020      0.751457      0.011845     -0.047931      0.000000         -9.334686          6.771203      9.490560      3.004221      0.224187      4.335637
      0.558824      0.750909      0.013998     -0.053554      0.000000         -9.605328          6.934540      9.691184      3.079568      0.224187      4.335637
      0.568627      0.750263      0.016412     -0.060206      0.000000         -9.884367          7.096292      9.891649      3.154793      0.224187      4.335637
      0.578431      0.749509      0.019133     -0.068024      0.000000        -10.173090          7.256201     10.091927      3.229875      0.224187      4.335637
      0.588235      0.748632      0.022213     -0.077145      0.000000        -10.472887          7.413985     10.291988      3.304790      0.224187      4.335637
      0.598039      0.747615      0.025712     -0.087718      0.000000        -10.785256          7.569329     10.491796      3.379511      0.224187      4.335637
      0.607843      0.746440      0.029693     -0.099898      0.000000        -11.111801          7.721889     10.691312      3.454005      0.224187      4.335637
      0.617647      0.745083      0.034229     -0.113846      0.000000        -11.454229          7.871284     10.890490      3.528239      0.224187      4.335637
      0.627451      0.743521      0.039399     -0.129735      0.000000        -11.814334          8.017095     11.089279      3.602170      0.224187      4.335637
      0.637255      0.741725      0.045288     -0.147741      0.000000        -12.193978          8.158866     11.287620      3.675753      0.224187      4.335637
      0.647059      0.739661      0.051991     -0.168045      0.000000        -12.595050          8.296103     11.485447      3.748933      0.224187      4.335637
      0.656863      0.737294      0.059609     -0.190829      0.000000        -13.019421          8.428273     11.682683      3.821650      0.224187      4.335637
      0.666667      0.734582      0.068252     -0.216272      0.000000        -13.468879          8.554813     11.879241      3.893833      0.224187      4.335637
      0.676471      0.731480      0.078035     -0.244543      0.000000        -13.945045          8.675127     12.075024      3.965402      0.224187      4.335637
      0.686275      0.727937      0.089083     -0.275795      0.000000        -14.449280          8.788601     12.269922      4.036267      0.224187      4.335637
      0.696078      0.723897      0.101526     -0.310156      0.000000        -14.982569          8.894612     12.463807      4.106325      0.224187      4.335637
      0.705882      0.719300      0.115496     -0.347721      0.000000        -15.545404          8.992538     12.656541      4.175460      0.224187      4.335637
      0.715686      0.714077      0.131132     -0.388541      0.000000        -16.137653          9.081777     12.847965      4.243541      0.224187      4.335637
      0.725490      0.708159      0.148573     -0.432616      0.000000        -16.758441          9.161764     13.037903      4.310423      0.224187      4.335637
      0.735294      0.701467      0.167955     -0.479882      0.000000        -17.406050          9.231988     13.226159      4.375944      0.224187      4.335637
      0.745098      0.693920      0.189412     -0.530208      0.000000        -18.077837          9.292016     13.412515      4.439927      0.224187      4.335637
      0.754902      0.685431      0.213070     -0.583390      0.000000        -18.770206          9.341510     13.596731      4.502180      0.224187      4.335637
      0.764706      0.675912      0.239044     -0.639147      0.000000        -19.478626          9.380243     13.778546      4.562494      0.224187      4.335637
      0.774510      0.665272      0.267437     -0.697130      0.000000        -20.197717          9.408114     13.957670      4.620650      0.224187      4.335637
      0.784314      0.653416      0.298335     -0.756924      0.000000        -20.921389          9.425155     14.133792      4.676418      0.224187      4.335637
      0.794118      0.640253      0.331804     -0.818064      0.000000        -21.643050          9.431532     14.306575      4.729563      0.224187      4.335637
      0.803922      0.625694      0.367892     -0.880049      0.000000        -22.355851          9.427543     14.475658      4.779849      0.224187      4.335637
      0.813725      0.609651      0.406624     -0.942363      0.000000        -23.052958          9.413602     14.640657      4.827050      0.224187      4.335637
      0.823529      0.592045      0.448002     -1.004490      0.000000        -23.727830          9.390226     14.801164      4.870953      0.224187      4.335637
      0.833333      0.572804      0.492009     -1.065943      0.000000        -24.374474          9.358011     14.956751      4.911368      0.224187      4.335637
      0.843137      0.551867      0.538605     -1.126274      0.000000        -24.987658          9.317607     15.106975      4.948142      0.224187      4.335637
      0.852941      0.529184      0.587735     -1.185096      0.000000        -25.563065          9.269690     15.251375      4.981163      0.224187      4.335637
      0.862745      0.504720      0.639327     -1.242089      0.000000        -26.097384          9.214937     15.389480      5.010373      0.224187      4.335637
      0.872549      0.478457      0.693298     -1.297011      0.000000        -26.588331          9.154003     15.520811      5.035773      0.224187      4.335637
      0.882353      0.450393      0.749557     -1.349698      0.000000        -27.034616          9.087499     15.644887      5.057432      0.224187      4.335637
      0.892157      0.420546      0.808007     -1.400066      0.000000        -27.435852          9.015973     15.761229      5.075488      0.224187      4.335637
      0.901961      0.388953      0.868547     -1.448102      0.000000        -27.792439          8.939900     15.869366      5.090148      0.224187      4.335637
      0.911765      0.355671      0.931081     -1.493862      0.000000        -28.105427          8.859673     15.968838      5.101688      0.224187      4.335637
      0.921569      0.320780      0.995513     -1.537462      0.000000        -28.376365          8.775595     16.059204      5.110436      0.224187      4.335637
      0.931373      0.284379      1.061756     -1.579070      0.000000        -28.607164          8.687879     16.140047      5.116772      0.224187      4.335637
      0.941176      0.246589      1.129729     -1.618900      0.000000        -28.799967          8.596652     16.210981      5.121101      0.224187      4.335637
      0.950980      0.207553      1.199361     -1.657204      0.000000        -28.957037          8.501952     16.271652      5.123844      0.224187      4.335637
      0.960784      0.167431      1.270594     -1.694271      0.000000        -29.080668          8.403738     16.321748      5.125410      0.224187      4.335637
      0.970588      0.126406      1.343383     -1.730428      0.000000        -29.173113          8.301895     16.361005      5.126177      0.224187      4.335637
      0.980392      0.084678      1.417695     -1.766074      0.000000        -29.236542          8.196242     16.389206      5.126469      0.224187      4.335637
      0.990196      0.042464      1.493524     -1.802062      0.000000        -29.273028          8.086545     16.406192      5.126538      0.224187      4.335637
      1.000000      0.000000      1.570796     -1.824008      0.000000        -29.282118          8.026862     16.411865      5.126543      0.224187      4.335637
