             t             r           psi            cs            qs                 p               sig             A             V            Q2             S
      0.000000      0.000000     -1.570796     -0.985314      0.000000      -1718.034910        871.820784      0.000000      0.000000      0.019326      6.413155
      0.009804      0.062834     -1.508838     -0.985674      0.000000      -1718.051810        871.613883      0.012415      0.000012      0.019326      6.413155
      0.019608      0.125426     -1.446849     -0.986176      0.000000      -1718.113822        871.317070      0.049613      0.000193      0.019326      6.413155
      0.029412      0.187537     -1.384827     -0.986717      0.000000      -1718.228913        871.025488      0.111451      0.000969      0.019326      6.413155
      0.039216      0.248927     -1.322770     -0.987315      0.000000      -1718.409600        870.736022      0.197691      0.003035      0.019326      6.413155
      0.049020      0.309359     -1.260672     -0.987993      0.000000      -1718.672544        870.445468      0.308002      0.007327      0.019326      6.413155
      0.058824      0.368599     -1.198529     -0.988781      0.000000      -1719.040230        870.150477      0.441958      0.014983      0.019326      6.413155
      0.068627      0.426418     -1.136332     -0.989716      0.000000      -1719.543394        869.847474      0.599044      0.027305      0.019326      6.413155
      0.078431      0.482591     -1.074070     -0.990849      0.000000      -1720.224626        869.532543      0.778654      0.045702      0.019326      6.413155
      0.088235      0.536897     -1.011729     -0.992252      0.000000      -1721.143871        869.201285      0.980093      0.071641      0.019326      6.413155
      0.098039      0.589123     -0.949288     -0.994026      0.000000      -1722.387028        868.848623      1.202582      0.106582      0.019326      6.413155
      0.107843      0.639062     -0.886721     -0.996314      0.000000      -1724.079740        868.468540      1.445257      0.151923      0.019326      6.413155
      0.117647      0.686513     -0.823988     -0.999335      0.000000      -1726.410113        868.053746      1.707176      0.208940      0.019326      6.413155
      0.127451      0.731280     -0.761034     -1.003421      0.000000      -1729.667379        867.595221      1.987317      0.278731      0.019326      6.413155
      0.137255      0.773175     -0.697777     -1.009097      0.000000      -1734.309920        867.081641      2.284582      0.362167      0.019326      6.413155
      0.147059      0.812014     -0.634091     -1.017225      0.000000      -1741.089562        866.498703      2.597800      0.459845      0.019326      6.413155
      0.156863      0.847613     -0.569781     -1.029273      0.000000      -1751.287734        865.828523      2.925727      0.572056      0.019326      6.413155
      0.166667      0.879785     -0.504527     -1.047847      0.000000      -1767.181263        865.049883      3.267046      0.698755      0.019326      6.413155
      0.176471      0.908328     -0.437782     -1.077770      0.000000      -1792.982876        864.142066      3.620366      0.839539      0.019326      6.413155
      0.186275      0.933006     -0.368575     -1.128175      0.000000      -1836.680231        863.102191      3.984207      0.993635      0.019326      6.413155
      0.196078      0.953513     -0.295148     -1.215449      0.000000      -1912.679328        862.012543      4.356984      1.159878      0.019326      6.413155
      0.205882      0.969405     -0.214560     -1.357020      0.000000      -2036.881693        861.287293      4.736970      1.336655      0.019326      6.413155
      0.215686      0.980054     -0.124547     -1.483579      0.000000      -2152.524355        862.380191      5.122220      1.521731      0.019326      6.413155
      0.225490      0.985020     -0.036425     -1.213379      0.000000      -1933.593969        867.894674      5.510554      1.711940      0.019326      6.413155
      0.235294      0.985362      0.017965     -0.505502      0.000000      -1332.645093        876.628499      5.899866      1.903742      0.019326      6.413155
      0.245098      0.983614      0.032619     -0.023502      0.000000       -918.937537        883.916457      6.288817      2.095139      0.019326      6.413155
      0.254902      0.981669      0.027428      0.151913      0.000000       -770.080236        888.851157      6.676998      2.285764      0.019326      6.413155
      0.264706      0.980278      0.016599      0.177200      0.000000       -752.051497        892.347133      7.064508      2.475774      0.019326      6.413155
      0.274510      0.979567      0.006370      0.142498      0.000000       -786.251603        895.156288      7.451604      2.665413      0.019326      6.413155
      0.284314      0.979414     -0.000936      0.088849      0.000000       -836.832972        897.726682      7.838537      2.854902      0.019326      6.413155
      0.294118      0.979613     -0.004842      0.036796      0.000000       -885.917412        900.319588      8.225485      3.044408      0.019326      6.413155
      0.303922      0.979962     -0.005833     -0.002571      0.000000       -923.848777        903.076498      8.612547      3.234023      0.019326      6.413155
      0.313725      0.980306     -0.004884     -0.024709      0.000000       -946.626275        906.047023      8.999750      3.423777      0.019326      6.413155
      0.323529      0.980558     -0.003066     -0.030761      0.000000       -955.201189        909.209394      9.387073      3.613649      0.019326      6.413155
      0.333333      0.980692     -0.001247     -0.025806      0.000000       -954.012870        912.499519      9.774472      3.803597      0.019326      6.413155
      0.343137      0.980725      0.000079     -0.016049      0.000000       -948.542632        915.844691     10.161903      3.993577      0.019326      6.413155
      0.352941      0.980695      0.000775     -0.006393      0.000000       -943.159126        919.188756     10.549334      4.183556      0.019326      6.413155
      0.362745      0.980639      0.000942      0.000538      0.000000       -940.218354        922.501508     10.936746      4.373517      0.019326      6.413155
      0.372549      0.980583      0.000778      0.004125      0.000000       -940.287911        925.775424     11.324135      4.563456      0.019326      6.413155
      0.382353      0.980544      0.000481      0.004958      0.000000       -942.844433        929.017043     11.711506      4.753376      0.019326      6.413155
      0.392157      0.980523      0.000190      0.004090      0.000000       -946.943744        932.238524     12.098864      4.943285      0.019326      6.413155
      0.401961      0.980518     -0.000019      0.002531      0.000000       -951.671015        935.451786     12.486218      5.133189      0.019326      6.413155
      0.411765      0.980523     -0.000129      0.001008      0.000000       -956.364596        938.665489     12.873572      5.323093      0.019326      6.413155
      0.421569      0.980532     -0.000155     -0.000092      0.000000       -960.671154        941.884259     13.260928      5.513000      0.019326      6.413155
      0.431373      0.980541     -0.000128     -0.000670      0.000000       -964.498125        945.109303     13.648289      5.702910      0.019326      6.413155
      0.441176      0.980548     -0.000080     -0.000810      0.000000       -967.920881        948.339628     14.035653      5.892824      0.019326      6.413155
      0.450980      0.980551     -0.000032     -0.000673      0.000000       -971.087585        951.573296     14.423019      6.082740      0.019326      6.413155
      0.460784      0.980552      0.000002     -0.000421      0.000000       -974.147333        954.808359     14.810385      6.272657      0.019326      6.413155
      0.470588      0.980552      0.000021     -0.000172      0.000000       -977.210288        958.043380     15.197752      6.462573      0.019326      6.413155
      0.480392      0.980550      0.000025      0.000009      0.000000       -980.336152        961.277581     15.585118      6.652489      0.019326      6.413155
      0.490196      0.980549      0.000021      0.000107      0.000000       -983.541239        964.510747     15.972483      6.842405      0.019326      6.413155
      0.500000      0.980547      0.000014      0.000132      0.000000       -986.813808        967.743033     16.359848      7.032319      0.019326      6.413155
      0.509804      0.980547      0.000006      0.000111      0.000000       -990.129810        970.974752     16.747213      7.222234      0.019326      6.413155
      0.519608      0.980547     -0.000000      0.000071      0.000000       -993.464741        974.206224     17.134577      7.412149      0.019326      6.413155
      0.529412      0.980547     -0.000003      0.000030      0.000000       -996.800259        977.437688     17.521942      7.602063      0.019326      6.413155
      0.539216      0.980547     -0.000004     -0.000002      0.000000      -1000.126256        980.669277     17.909306      7.791977      0.019326      6.413155
      0.549020      0.980547     -0.000003     -0.000020      0.000000      -1003.439911        983.901026     18.296671      7.981892      0.019326      6.413155
      0.558824      0.980547     -0.000002     -0.000028      0.000000      -1006.743386        987.132909     18.684035      8.171807      0.019326      6.413155
      0.568627      0.980547      0.000000     -0.000030      0.000000      -1010.041457        990.364862     19.071400      8.361722      0.019326      6.413155
      0.578431      0.980547      0.000002     -0.000032      0.000000      -1013.339872        993.596810     19.458765      8.551636      0.019326      6.413155
      0.588235      0.980547      0.000004     -0.000040      0.000000      -1016.644799        996.828674     19.846129      8.741551      0.019326      6.413155
      0.598039      0.980547      0.000007     -0.000063      0.000000      -1019.963502       1000.060357     20.233494      8.931466      0.019326      6.413155
      0.607843      0.980546      0.000013     -0.000109      0.000000      -1023.306368       1003.291726     20.620858      9.121380      0.019326      6.413155
      0.617647      0.980545      0.000022     -0.000197      0.000000      -1026.690708       1006.522552     21.008222      9.311294      0.019326      6.413155
      0.627451      0.980543      0.000039     -0.000355      0.000000      -1030.147270       1009.752436     21.395586      9.501208      0.019326      6.413155
      0.637255      0.980540      0.000069     -0.000639      0.000000      -1033.731471       1012.980652     21.782948      9.691120      0.019326      6.413155
      0.647059      0.980534      0.000124     -0.001144      0.000000      -1037.542966       1016.205898     22.170309      9.881031      0.019326      6.413155
      0.656863      0.980524      0.000221     -0.002045      0.000000      -1041.760017       1019.425840     22.557667     10.070939      0.019326      6.413155
      0.666667      0.980505      0.000395     -0.003648      0.000000      -1046.699743       1022.636317     22.945019     10.260841      0.019326      6.413155
      0.676471      0.980471      0.000706     -0.006493      0.000000      -1052.922565       1025.829942     23.332360     10.450733      0.019326      6.413155
      0.686275      0.980411      0.001257     -0.011522      0.000000      -1061.409111       1028.993696     23.719684     10.640608      0.019326      6.413155
      0.696078      0.980304      0.002234     -0.020354      0.000000      -1073.846839       1032.104870     24.106976     10.830450      0.019326      6.413155
      0.705882      0.980115      0.003952     -0.035684      0.000000      -1093.055362       1035.124569     24.494211     11.020237      0.019326      6.413155
      0.715686      0.979781      0.006945     -0.061774      0.000000      -1123.503598       1037.988277     24.881344     11.209923      0.019326      6.413155
      0.725490      0.979197      0.012072     -0.104740      0.000000      -1171.617048       1040.594776     25.268302     11.399429      0.019326      6.413155
      0.735294      0.978191      0.020623     -0.171846      0.000000      -1245.023450       1042.800035     25.654952     11.588619      0.019326      6.413155
      0.745098      0.976496      0.034306     -0.268495      0.000000      -1349.365467       1044.431792     26.041079     11.777253      0.019326      6.413155
      0.754902      0.973732      0.054973     -0.392755      0.000000      -1482.485921       1045.343390     26.426340     11.964926      0.019326      6.413155
      0.764706      0.969412      0.084003     -0.531473      0.000000      -1630.336591       1045.497078     26.810219     12.150991      0.019326      6.413155
      0.774510      0.963001      0.121683     -0.664546      0.000000      -1771.595503       1045.011743     27.191996     12.334495      0.019326      6.413155
      0.784314      0.953991      0.167102     -0.775772      0.000000      -1889.219265       1044.114762     27.570743     12.514167      0.019326      6.413155
      0.794118      0.941968      0.218652     -0.859464      0.000000      -1977.385015       1043.037275     27.945346     12.688483      0.019326      6.413155
      0.803922      0.926637      0.274657     -0.918383      0.000000      -2039.191369       1041.943088     28.314554     12.855792      0.019326      6.413155
      0.813725      0.907820      0.333743     -0.958503      0.000000      -2081.071959       1040.919468     28.677022     13.014446      0.019326      6.413155
      0.823529      0.885428      0.394914     -0.985563      0.000000      -2109.150156       1039.999702     29.031351     13.162926      0.019326      6.413155
      0.833333      0.859445      0.457494     -1.003910      0.000000      -2128.043885       1039.187691     29.376124     13.299928      0.019326      6.413155
      0.843137      0.829904      0.521035     -1.016519      0.000000      -2140.902989       1038.474330     29.709929     13.424431      0.019326      6.413155
      0.852941      0.796881      0.585241     -1.025339      0.000000      -2149.785899       1037.846239     30.031372     13.535734      0.019326      6.413155
      0.862745      0.760481      0.649916     -1.031629      0.000000      -2156.019646       1037.289781     30.339099     13.633486      0.019326      6.413155
      0.872549      0.720836      0.714930     -1.036205      0.000000      -2160.461335       1036.792619     30.631800     13.717683      0.019326      6.413155
      0.882353      0.678099      0.780193     -1.039599      0.000000      -2163.670097       1036.344139     30.908223     13.788659      0.019326      6.413155
      0.892157      0.632443      0.845641     -1.042165      0.000000      -2166.015828       1035.935393     31.167180     13.847061      0.019326      6.413155
      0.901961      0.584055      0.911231     -1.044140      0.000000      -2167.747110       1035.558871     31.407555     13.893810      0.019326      6.413155
      0.911765      0.533139      0.976930     -1.045689      0.000000      -2169.033723       1035.208238     31.628309     13.930052      0.019326      6.413155
      0.921569      0.479911      1.042717     -1.046925      0.000000      -2169.993475       1034.878085     31.828483     13.957103      0.019326      6.413155
      0.931373      0.424598      1.108575     -1.047930      0.000000      -2170.709354       1034.563715     32.007211     13.976382      0.019326      6.413155
      0.941176      0.367439      1.174489     -1.048763      0.000000      -2171.240644       1034.260966     32.163715     13.989349      0.019326      6.413155
      0.950980      0.308680      1.240452     -1.049467      0.000000      -2171.630250       1033.966072     32.297314     13.997437      0.019326      6.413155
      0.960784      0.248576      1.306456     -1.050075      0.000000      -2171.909585       1033.675542     32.407426     14.001984      0.019326      6.413155
      0.970588      0.187388      1.372495     -1.050611      0.000000      -2172.101894       1033.386075     32.493571     14.004179      0.019326      6.413155
      0.980392      0.125382      1.438567     -1.051097      0.000000      -2172.224551       1033.094488     32.555373     14.005006      0.019326      6.413155
      0.990196      0.062828      1.504668     -1.051549      0.000000      -2172.290702       1032.797673     32.592563     14.005198      0.019326      6.413155
      1.000000     -0.000000      1.570796     -1.051873      0.000000      -2172.308740       1032.590772     32.604978     14.005211      0.019326      6.413155
