             t             r           psi            cs            qs                 p               sig             A             V            Q2             S
      0.000000      0.000000     -1.570796      0.881298      0.000000        -24.554480         13.930861     -0.000000     -0.000000     -0.511170      3.253684
      0.009804      0.031895     -1.542657      0.885618      0.000000        -24.556575         13.891394      0.003196      0.000001     -0.511170      3.253684
      0.019608      0.063764     -1.514247      0.895560      0.000000        -24.567410         13.786884      0.012783      0.000011     -0.511170      3.253684
      0.029412      0.095582     -1.485521      0.905552      0.000000        -24.586441         13.684669      0.028753      0.000058     -0.511170      3.253684
      0.039216      0.127321     -1.456470      0.915965      0.000000        -24.614499         13.584557      0.051092      0.000185     -0.511170      3.253684
      0.049020      0.158953     -1.427079      0.926919      0.000000        -24.652512         13.486372      0.079783      0.000452     -0.511170      3.253684
      0.058824      0.190451     -1.397328      0.938514      0.000000        -24.701526         13.389951      0.114800      0.000939     -0.511170      3.253684
      0.068627      0.221784     -1.367196      0.950855      0.000000        -24.762736         13.295147      0.156115      0.001742     -0.511170      3.253684
      0.078431      0.252920     -1.336657      0.964059      0.000000        -24.837498         13.201830      0.203690      0.002973     -0.511170      3.253684
      0.088235      0.283830     -1.305681      0.978254      0.000000        -24.927365         13.109893      0.257483      0.004762     -0.511170      3.253684
      0.098039      0.314478     -1.274234      0.993585      0.000000        -25.034108         13.019252      0.317446      0.007255     -0.511170      3.253684
      0.107843      0.344831     -1.242278      1.010215      0.000000        -25.159748         12.929855      0.383523      0.010611     -0.511170      3.253684
      0.117647      0.374852     -1.209769      1.028326      0.000000        -25.306591         12.841681      0.455650      0.015004     -0.511170      3.253684
      0.127451      0.404503     -1.176656      1.048121      0.000000        -25.477261         12.754751      0.533759      0.020623     -0.511170      3.253684
      0.137255      0.433744     -1.142881      1.069829      0.000000        -25.674737         12.669139      0.617769      0.027666     -0.511170      3.253684
      0.147059      0.462533     -1.108380      1.093702      0.000000        -25.902385         12.584976      0.707596      0.036342     -0.511170      3.253684
      0.156863      0.490826     -1.073079      1.120017      0.000000        -26.163988         12.502472      0.803144      0.046868     -0.511170      3.253684
      0.166667      0.518574     -1.036896      1.149073      0.000000        -26.463756         12.421926      0.904309      0.059470     -0.511170      3.253684
      0.176471      0.545727     -0.999738      1.181188      0.000000        -26.806314         12.343752      1.010976      0.074374     -0.511170      3.253684
      0.186275      0.572230     -0.961503      1.216685      0.000000        -27.196645         12.268507      1.123022      0.091810     -0.511170      3.253684
      0.196078      0.598025     -0.922077      1.255873      0.000000        -27.639963         12.196921      1.240309      0.112008     -0.511170      3.253684
      0.205882      0.623046     -0.881339      1.299020      0.000000        -28.141473         12.129941      1.362690      0.135190     -0.511170      3.253684
      0.215686      0.647227     -0.839159      1.346298      0.000000        -28.705967         12.068779      1.490003      0.161569     -0.511170      3.253684
      0.225490      0.670491     -0.795404      1.397714      0.000000        -29.337175         12.014970      1.622072      0.191345     -0.511170      3.253684
      0.235294      0.692760     -0.749947      1.453001      0.000000        -30.036778         11.970433      1.758705      0.224696     -0.511170      3.253684
      0.245098      0.713946     -0.702672      1.511472      0.000000        -30.802984         11.937540      1.899694      0.261773     -0.511170      3.253684
      0.254902      0.733958     -0.653498      1.571835      0.000000        -31.628570         11.919168      2.044814      0.302688     -0.511170      3.253684
      0.264706      0.752700     -0.602395      1.631965      0.000000        -32.498394         11.918734      2.193819      0.347509     -0.511170      3.253684
      0.274510      0.770074     -0.549418      1.688691      0.000000        -33.386560         11.940175      2.346444      0.396246     -0.511170      3.253684
      0.284314      0.785983     -0.494742      1.737641      0.000000        -34.253738         11.987842      2.502407      0.448841     -0.511170      3.253684
      0.294118      0.800337     -0.438702      1.773281      0.000000        -35.045670         12.066265      2.661404      0.505158     -0.511170      3.253684
      0.303922      0.813060     -0.381820      1.789274      0.000000        -35.694334         12.179760      2.823116      0.564978     -0.511170      3.253684
      0.313725      0.824095     -0.324827      1.779279      0.000000        -36.123409         12.331862      2.987209      0.627998     -0.511170      3.253684
      0.323529      0.833418     -0.268638      1.738157      0.000000        -36.258884         12.524658      3.153342      0.693839     -0.511170      3.253684
      0.333333      0.841038     -0.214296      1.663343      0.000000        -36.043694         12.758142      3.321173      0.762065     -0.511170      3.253684
      0.343137      0.847009     -0.162869      1.555887      0.000000        -35.452601         13.029789      3.490365      0.832208     -0.511170      3.253684
      0.352941      0.851420     -0.115330      1.420699      0.000000        -34.501836         13.334531      3.660595      0.903799     -0.511170      3.253684
      0.362745      0.854397     -0.072442      1.265775      0.000000        -33.249099         13.665203      3.831563      0.976395     -0.511170      3.253684
      0.372549      0.856091     -0.034684      1.100674      0.000000        -31.783324         14.013369      4.002997      1.049605     -0.511170      3.253684
      0.382353      0.856665     -0.002229      0.934800      0.000000        -30.208043         14.370316      4.174655      1.123099     -0.511170      3.253684
      0.392157      0.856288      0.025031      0.776069      0.000000        -28.624251         14.727937      4.346330      1.196616     -0.511170      3.253684
      0.401961      0.855121      0.047420      0.630215      0.000000        -27.117619         15.079363      4.517848      1.269955     -0.511170      3.253684
      0.411765      0.853311      0.065412      0.500721      0.000000        -25.752014         15.419256      4.689065      1.342968     -0.511170      3.253684
      0.421569      0.850991      0.079556      0.389143      0.000000        -24.568668         15.743832      4.859866      1.415552     -0.511170      3.253684
      0.431373      0.848276      0.090430      0.295612      0.000000        -23.589015         16.050693      5.030161      1.487636     -0.511170      3.253684
      0.441176      0.845259      0.098599      0.219320      0.000000        -22.819157         16.338570      5.199880      1.559172     -0.511170      3.253684
      0.450980      0.842018      0.104591      0.158930      0.000000        -22.254489         16.607052      5.368970      1.630130     -0.511170      3.253684
      0.460784      0.838616      0.108891      0.112869      0.000000        -21.883684         16.856328      5.537394      1.700492     -0.511170      3.253684
      0.470588      0.835099      0.111927      0.079520      0.000000        -21.691758         17.086983      5.705124      1.770248     -0.511170      3.253684
      0.480392      0.831500      0.114082      0.057336      0.000000        -21.662239         17.299833      5.872141      1.839392     -0.511170      3.253684
      0.490196      0.827842      0.115689      0.044903      0.000000        -21.778576         17.495811      6.038430      1.907920     -0.511170      3.253684
      0.500000      0.824138      0.117037      0.040960      0.000000        -22.024988         17.675878      6.203981      1.975829     -0.511170      3.253684
      0.509804      0.820392      0.118381      0.044405      0.000000        -22.386913         17.840974      6.368785      2.043117     -0.511170      3.253684
      0.519608      0.816601      0.119939      0.054286      0.000000        -22.851190         17.991978      6.532834      2.109779     -0.511170      3.253684
      0.529412      0.812755      0.121904      0.069782      0.000000        -23.406066         18.129692      6.696118      2.175806     -0.511170      3.253684
      0.539216      0.808837      0.124443      0.090190      0.000000        -24.041109         18.254830      6.858625      2.241188     -0.511170      3.253684
      0.549020      0.804828      0.127703      0.114907      0.000000        -24.747060         18.368019      7.020337      2.305909     -0.511170      3.253684
      0.558824      0.800703      0.131814      0.143412      0.000000        -25.515661         18.469798      7.181235      2.369949     -0.511170      3.253684
      0.568627      0.796433      0.136888      0.175251      0.000000        -26.339470         18.560630      7.341291      2.433283     -0.511170      3.253684
      0.578431      0.791986      0.143026      0.210027      0.000000        -27.211690         18.640909      7.500475      2.495880     -0.511170      3.253684
      0.588235      0.787327      0.150315      0.247384      0.000000        -28.126000         18.710970      7.658747      2.557702     -0.511170      3.253684
      0.598039      0.782420      0.158832      0.286999      0.000000        -29.076407         18.771105      7.816061      2.618704     -0.511170      3.253684
      0.607843      0.777223      0.168645      0.328573      0.000000        -30.057124         18.821570      7.972363      2.678836     -0.511170      3.253684
      0.617647      0.771697      0.179812      0.371823      0.000000        -31.062461         18.862601      8.127591      2.738039     -0.511170      3.253684
      0.627451      0.765799      0.192382      0.416477      0.000000        -32.086754         18.894424      8.281675      2.796246     -0.511170      3.253684
      0.637255      0.759485      0.206395      0.462272      0.000000        -33.124314         18.917269      8.434536      2.853384     -0.511170      3.253684
      0.647059      0.752710      0.221883      0.508945      0.000000        -34.169413         18.931373      8.586086      2.909373     -0.511170      3.253684
      0.656863      0.745430      0.238871      0.556239      0.000000        -35.216288         18.936997      8.736229      2.964126     -0.511170      3.253684
      0.666667      0.737600      0.257374      0.603895      0.000000        -36.259180         18.934424      8.884857      3.017549     -0.511170      3.253684
      0.676471      0.729176      0.277399      0.651660      0.000000        -37.292395         18.923967      9.031858      3.069544     -0.511170      3.253684
      0.686275      0.720114      0.298947      0.699287      0.000000        -38.310377         18.905972      9.177107      3.120007     -0.511170      3.253684
      0.696078      0.710373      0.322008      0.746534      0.000000        -39.307799         18.880814      9.320473      3.168832     -0.511170      3.253684
      0.705882      0.699911      0.346567      0.793172      0.000000        -40.279657         18.848897      9.461814      3.215914     -0.511170      3.253684
      0.715686      0.688690      0.372602      0.838986      0.000000        -41.221360         18.810648      9.600983      3.261143     -0.511170      3.253684
      0.725490      0.676675      0.400082      0.883782      0.000000        -42.128812         18.766513      9.737824      3.304418     -0.511170      3.253684
      0.735294      0.663831      0.428972      0.927384      0.000000        -42.998480         18.716950      9.872175      3.345637     -0.511170      3.253684
      0.745098      0.650129      0.459233      0.969641      0.000000        -43.827439         18.662419     10.003866      3.384708     -0.511170      3.253684
      0.754902      0.635544      0.490818      1.010429      0.000000        -44.613402         18.603379     10.132722      3.421548     -0.511170      3.253684
      0.764706      0.620052      0.523679      1.049647      0.000000        -45.354724         18.540275     10.258565      3.456085     -0.511170      3.253684
      0.774510      0.603635      0.557765      1.087225      0.000000        -46.050383         18.473536     10.381210      3.488261     -0.511170      3.253684
      0.784314      0.586280      0.593024      1.123115      0.000000        -46.699945         18.403567     10.500471      3.518036     -0.511170      3.253684
      0.794118      0.567978      0.629399      1.157296      0.000000        -47.303517         18.330743     10.616159      3.545385     -0.511170      3.253684
      0.803922      0.548725      0.666838      1.189767      0.000000        -47.861686         18.255408     10.728083      3.570306     -0.511170      3.253684
      0.813725      0.528520      0.705286      1.220552      0.000000        -48.375447         18.177868     10.836053      3.592815     -0.511170      3.253684
      0.823529      0.507370      0.744689      1.249686      0.000000        -48.846136         18.098394     10.939879      3.612952     -0.511170      3.253684
      0.833333      0.485286      0.784996      1.277225      0.000000        -49.275361         18.017217     11.039372      3.630776     -0.511170      3.253684
      0.843137      0.462283      0.826157      1.303235      0.000000        -49.664931         17.934529     11.134346      3.646372     -0.511170      3.253684
      0.852941      0.438381      0.868124      1.327791      0.000000        -50.016799         17.850483     11.224619      3.659842     -0.511170      3.253684
      0.862745      0.413607      0.910852      1.350977      0.000000        -50.333000         17.765197     11.310014      3.671308     -0.511170      3.253684
      0.872549      0.387990      0.954300      1.372883      0.000000        -50.615610         17.678752     11.390358      3.680912     -0.511170      3.253684
      0.882353      0.361566      0.998427      1.393602      0.000000        -50.866702         17.591194     11.465487      3.688807     -0.511170      3.253684
      0.892157      0.334374      1.043197      1.413229      0.000000        -51.088313         17.502538     11.535242      3.695161     -0.511170      3.253684
      0.901961      0.306459      1.088577      1.431863      0.000000        -51.282419         17.412768     11.599474      3.700148     -0.511170      3.253684
      0.911765      0.277869      1.134537      1.449600      0.000000        -51.450913         17.321840     11.658042      3.703950     -0.511170      3.253684
      0.921569      0.248655      1.181049      1.466538      0.000000        -51.595593         17.229683     11.710816      3.706747     -0.511170      3.253684
      0.931373      0.218875      1.228091      1.482773      0.000000        -51.718151         17.136202     11.757678      3.708717     -0.511170      3.253684
      0.941176      0.188588      1.275641      1.498402      0.000000        -51.820169         17.041281     11.798519      3.710029     -0.511170      3.253684
      0.950980      0.157858      1.323680      1.513520      0.000000        -51.903115         16.944782     11.833244      3.710841     -0.511170      3.253684
      0.960784      0.126751      1.372195      1.528225      0.000000        -51.968348         16.846550     11.861772      3.711295     -0.511170      3.253684
      0.970588      0.095338      1.421174      1.542622      0.000000        -52.017122         16.746413     11.884032      3.711513     -0.511170      3.253684
      0.980392      0.063691      1.470609      1.556858      0.000000        -52.050595         16.644188     11.899972      3.711595     -0.511170      3.253684
      0.990196      0.031885      1.520501      1.571473      0.000000        -52.069854         16.539676     11.909552      3.711614     -0.511170      3.253684
      1.000000      0.000000      1.570796      1.577968      0.000000        -52.073602         16.500209     11.912748      3.711616     -0.511170      3.253684
