             t             r           psi            cs            qs                 p               sig             A             V            Q2             S
      0.000000      0.000000     -1.570796      0.929120      0.000000        -56.067245         30.172234      0.000000      0.000000     -0.389030      3.958653
      0.009804      0.038802     -1.534702      0.932674      0.000000        -56.071448         30.102381      0.004731      0.000002     -0.389030      3.958653
      0.019608      0.077553     -1.498378      0.939179      0.000000        -56.089638         29.959982      0.018920      0.000027     -0.389030      3.958653
      0.029412      0.116202     -1.461800      0.945840      0.000000        -56.121924         29.820751      0.042546      0.000134     -0.389030      3.958653
      0.039216      0.154695     -1.424957      0.952839      0.000000        -56.170065         29.684251      0.075579      0.000424     -0.389030      3.958653
      0.049020      0.192980     -1.387834      0.960274      0.000000        -56.236102         29.550068      0.117975      0.001035     -0.389030      3.958653
      0.058824      0.231002     -1.350413      0.968242      0.000000        -56.322424         29.417805      0.169675      0.002141     -0.389030      3.958653
      0.068627      0.268705     -1.312671      0.976853      0.000000        -56.431851         29.287096      0.230610      0.003956     -0.389030      3.958653
      0.078431      0.306032     -1.274579      0.986232      0.000000        -56.567714         29.157601      0.300694      0.006723     -0.389030      3.958653
      0.088235      0.342925     -1.236107      0.996524      0.000000        -56.733961         29.029019      0.379828      0.010719     -0.389030      3.958653
      0.098039      0.379326     -1.197214      1.007896      0.000000        -56.935276         28.901090      0.467900      0.016248     -0.389030      3.958653
      0.107843      0.415172     -1.157857      1.020544      0.000000        -57.177220         28.773611      0.564782      0.023637     -0.389030      3.958653
      0.117647      0.450401     -1.117980      1.034700      0.000000        -57.466402         28.646442      0.670331      0.033234     -0.389030      3.958653
      0.127451      0.484947     -1.077520      1.050631      0.000000        -57.810670         28.519537      0.784389      0.045402     -0.389030      3.958653
      0.137255      0.518745     -1.036402      1.068653      0.000000        -58.219328         28.392959      0.906781      0.060515     -0.389030      3.958653
      0.147059      0.551722     -0.994538      1.089134      0.000000        -58.703365         28.266926      1.037317      0.078950     -0.389030      3.958653
      0.156863      0.583805     -0.951825      1.112496      0.000000        -59.275671         28.141859      1.175786      0.101086     -0.389030      3.958653
      0.166667      0.614915     -0.908142      1.139223      0.000000        -59.951198         28.018451      1.321962      0.127293     -0.389030      3.958653
      0.176471      0.644969     -0.863348      1.169845      0.000000        -60.746968         27.897768      1.475597      0.157928     -0.389030      3.958653
      0.186275      0.673878     -0.817280      1.204928      0.000000        -61.681767         27.781378      1.636424      0.193325     -0.389030      3.958653
      0.196078      0.701544     -0.769756      1.245014      0.000000        -62.775239         27.671528      1.804150      0.233790     -0.389030      3.958653
      0.205882      0.727862     -0.720571      1.290534      0.000000        -64.045902         27.571385      1.978461      0.279586     -0.389030      3.958653
      0.215686      0.752719     -0.669511      1.341633      0.000000        -65.507337         27.485332      2.159013      0.330927     -0.389030      3.958653
      0.225490      0.775991     -0.616366      1.397881      0.000000        -67.161485         27.419335      2.345436      0.387961     -0.389030      3.958653
      0.235294      0.797544     -0.560958      1.457823      0.000000        -68.987700         27.381346      2.537328      0.450752     -0.389030      3.958653
      0.245098      0.817237     -0.503200      1.518337      0.000000        -70.926528         27.381637      2.734251      0.519268     -0.389030      3.958653
      0.254902      0.834927     -0.443167      1.573882      0.000000        -72.858810         27.432911      2.935736      0.593354     -0.389030      3.958653
      0.264706      0.850478     -0.381208      1.615876      0.000000        -74.585150         27.549834      3.141275      0.672713     -0.389030      3.958653
      0.274510      0.863772     -0.318065      1.632797      0.000000        -75.818650         27.747581      3.350334      0.756897     -0.389030      3.958653
      0.284314      0.874736     -0.254961      1.611804      0.000000        -76.211619         28.039081      3.562352      0.845301     -0.389030      3.958653
      0.294118      0.883357     -0.193587      1.542308      0.000000        -75.433717         28.431150      3.776757      0.937190     -0.389030      3.958653
      0.303922      0.889707     -0.135926      1.420606      0.000000        -73.291050         28.920735      3.992985      1.031753     -0.389030      3.958653
      0.313725      0.893943     -0.083916      1.252990      0.000000        -69.830928         29.493230      4.210499      1.128174     -0.389030      3.958653
      0.323529      0.896303     -0.039065      1.054831      0.000000        -65.360083         30.124372      4.428812      1.225709     -0.389030      3.958653
      0.333333      0.897077     -0.002181      0.845725      0.000000        -60.353148         30.785289      4.647501      1.323745     -0.389030      3.958653
      0.343137      0.896576      0.026674      0.643669      0.000000        -55.305987         31.448400      4.866217      1.421819     -0.389030      3.958653
      0.352941      0.895104      0.048039      0.461325      0.000000        -50.615873         32.091719      5.084687      1.519611     -0.389030      3.958653
      0.362745      0.892934      0.062825      0.305255      0.000000        -46.531182         32.700530      5.302707      1.616920     -0.389030      3.958653
      0.372549      0.890302      0.072096      0.177123      0.000000        -43.161175         33.266931      5.520138      1.713633     -0.389030      3.958653
      0.382353      0.887400      0.076917      0.075509      0.000000        -40.514334         33.788288      5.736890      1.809695     -0.389030      3.958653
      0.392157      0.884382      0.078262     -0.002542      0.000000        -38.539442         34.265502      5.952918      1.905094     -0.389030      3.958653
      0.401961      0.881365      0.076980     -0.060473      0.000000        -37.157377         34.701549      6.168208      1.999843     -0.389030      3.958653
      0.411765      0.878437      0.073785     -0.101639      0.000000        -36.281513         35.100426      6.382772      2.093971     -0.389030      3.958653
      0.421569      0.875660      0.069268     -0.129035      0.000000        -35.828978         35.466467      6.596638      2.187515     -0.389030      3.958653
      0.431373      0.873076      0.063914     -0.145218      0.000000        -35.725844         35.803940      6.809851      2.280519     -0.389030      3.958653
      0.441176      0.870709      0.058114     -0.152311      0.000000        -35.908781         36.116825      7.022460      2.373030     -0.389030      3.958653
      0.450980      0.868569      0.052186     -0.152054      0.000000        -36.324874         36.408715      7.234518      2.465095     -0.389030      3.958653
      0.460784      0.866658      0.046388     -0.145860      0.000000        -36.930612         36.682778      7.446084      2.556760     -0.389030      3.958653
      0.470588      0.864966      0.040927     -0.134876      0.000000        -37.690626         36.941757      7.657210      2.648069     -0.389030      3.958653
      0.480392      0.863476      0.035969     -0.120025      0.000000        -38.576441         37.187990      7.867948      2.739062     -0.389030      3.958653
      0.490196      0.862166      0.031650     -0.102053      0.000000        -39.565379         37.423436      8.078346      2.829777     -0.389030      3.958653
      0.500000      0.861010      0.028080     -0.081555      0.000000        -40.639641         37.649696      8.288443      2.920244     -0.389030      3.958653
      0.509804      0.859976      0.025347     -0.058998      0.000000        -41.785572         37.868036      8.498274      3.010490     -0.389030      3.958653
      0.519608      0.859031      0.023523     -0.034743      0.000000        -42.993087         38.079407      8.707865      3.100535     -0.389030      3.958653
      0.529412      0.858138      0.022668     -0.009057      0.000000        -44.255216         38.284458      8.917232      3.190390     -0.389030      3.958653
      0.539216      0.857258      0.022836      0.017878      0.000000        -45.567738         38.483553      9.126384      3.280062     -0.389030      3.958653
      0.549020      0.856351      0.024071      0.045954      0.000000        -46.928878         38.676774      9.335319      3.369546     -0.389030      3.958653
      0.558824      0.855375      0.026417      0.075131      0.000000        -48.339003         38.863943      9.544025      3.458831     -0.389030      3.958653
      0.568627      0.854286      0.029917      0.105428      0.000000        -49.800315         39.044627      9.752480      3.547894     -0.389030      3.958653
      0.578431      0.853038      0.034616      0.136909      0.000000        -51.316483         39.218163      9.960651      3.636703     -0.389030      3.958653
      0.588235      0.851584      0.040561      0.169681      0.000000        -52.892203         39.383676     10.168494      3.725216     -0.389030      3.958653
      0.598039      0.849874      0.047805      0.203872      0.000000        -54.532664         39.540116     10.375952      3.813378     -0.389030      3.958653
      0.607843      0.847857      0.056405      0.239619      0.000000        -56.242915         39.686291     10.582957      3.901122     -0.389030      3.958653
      0.617647      0.845480      0.066426      0.277051      0.000000        -58.027155         39.820920     10.789427      3.988366     -0.389030      3.958653
      0.627451      0.842686      0.077933      0.316267      0.000000        -59.887969         39.942689     10.995268      4.075018     -0.389030      3.958653
      0.637255      0.839417      0.090999      0.357323      0.000000        -61.825574         40.050310     11.200370      4.160966     -0.389030      3.958653
      0.647059      0.835611      0.105693      0.400209      0.000000        -63.837143         40.142596     11.404612      4.246086     -0.389030      3.958653
      0.656863      0.831206      0.122086      0.444838      0.000000        -65.916294         40.218520     11.607853      4.330235     -0.389030      3.958653
      0.666667      0.826136      0.140242      0.491038      0.000000        -68.052825         40.277284     11.809941      4.413254     -0.389030      3.958653
      0.676471      0.820334      0.160217      0.538551      0.000000        -70.232762         40.318370     12.010705      4.494969     -0.389030      3.958653
      0.686275      0.813730      0.182057      0.587036      0.000000        -72.438741         40.341577     12.209957      4.575186     -0.389030      3.958653
      0.696078      0.806257      0.205791      0.636088      0.000000        -74.650737         40.347041     12.407494      4.653697     -0.389030      3.958653
      0.705882      0.797847      0.231432      0.685252      0.000000        -76.847052         40.335233     12.603096      4.730282     -0.389030      3.958653
      0.715686      0.788432      0.258976      0.734051      0.000000        -79.005480         40.306938     12.796526      4.804706     -0.389030      3.958653
      0.725490      0.777948      0.288399      0.782012      0.000000        -81.104512         40.263211     12.987531      4.876730     -0.389030      3.958653
      0.735294      0.766336      0.319660      0.828691      0.000000        -83.124450         40.205325     13.175844      4.946110     -0.389030      3.958653
      0.745098      0.753539      0.352700      0.873690      0.000000        -85.048322         40.134704     13.361181      5.012603     -0.389030      3.958653
      0.754902      0.739507      0.387450      0.916680      0.000000        -86.862515         40.052856     13.543248      5.075975     -0.389030      3.958653
      0.764706      0.724198      0.423824      0.957406      0.000000        -88.557101         39.961314     13.721738      5.136003     -0.389030      3.958653
      0.774510      0.707575      0.461733      0.995689      0.000000        -90.125867         39.861572     13.896336      5.192487     -0.389030      3.958653
      0.784314      0.689610      0.501078      1.031429      0.000000        -91.566095         39.755044     14.066717      5.245253     -0.389030      3.958653
      0.794118      0.670283      0.541760      1.064592      0.000000        -92.878156         39.643029     14.232551      5.294157     -0.389030      3.958653
      0.803922      0.649583      0.583679      1.095205      0.000000        -94.065001         39.526685     14.393505      5.339094     -0.389030      3.958653
      0.813725      0.627507      0.626738      1.123343      0.000000        -95.131596         39.407019     14.549244      5.380003     -0.389030      3.958653
      0.823529      0.604061      0.670843      1.149117      0.000000        -96.084381         39.284880     14.699432      5.416868     -0.389030      3.958653
      0.833333      0.579261      0.715904      1.172666      0.000000        -96.930760         39.160966     14.843738      5.449720     -0.389030      3.958653
      0.843137      0.553128      0.761839      1.194145      0.000000        -97.678676         39.035830     14.981832      5.478638     -0.389030      3.958653
      0.852941      0.525695      0.808570      1.213718      0.000000        -98.336256         38.909886     15.113395      5.503753     -0.389030      3.958653
      0.862745      0.496999      0.856026      1.231554      0.000000        -98.911539         38.783430     15.238114      5.525239     -0.389030      3.958653
      0.872549      0.467089      0.904144      1.247817      0.000000        -99.412277         38.656644     15.355686      5.543312     -0.389030      3.958653
      0.882353      0.436017      0.952864      1.262668      0.000000        -99.845794         38.529616     15.465821      5.558227     -0.389030      3.958653
      0.892157      0.403843      1.002137      1.276261      0.000000       -100.218907         38.402347     15.568243      5.570270     -0.389030      3.958653
      0.901961      0.370635      1.051914      1.288740      0.000000       -100.537873         38.274760     15.662693      5.579750     -0.389030      3.958653
      0.911765      0.336464      1.102157      1.300240      0.000000       -100.808382         38.146716     15.748926      5.586992     -0.389030      3.958653
      0.921569      0.301410      1.152829      1.310886      0.000000       -101.035561         38.018017     15.826716      5.592330     -0.389030      3.958653
      0.931373      0.265554      1.203899      1.320796      0.000000       -101.223995         37.888412     15.895860      5.596093     -0.389030      3.958653
      0.941176      0.228985      1.255342      1.330077      0.000000       -101.377764         37.757609     15.956170      5.598602     -0.389030      3.958653
      0.950980      0.191795      1.307134      1.338830      0.000000       -101.500477         37.625275     16.007486      5.600156     -0.389030      3.958653
      0.960784      0.154080      1.359257      1.347149      0.000000       -101.595320         37.491043     16.049667      5.601024     -0.389030      3.958653
      0.970588      0.115938      1.411696      1.355126      0.000000       -101.665093         37.354517     16.082597      5.601442     -0.389030      3.958653
      0.980392      0.077474      1.464439      1.362857      0.000000       -101.712264         37.215274     16.106185      5.601599     -0.389030      3.958653
      0.990196      0.038792      1.517481      1.370555      0.000000       -101.739030         37.072871     16.120364      5.601636     -0.389030      3.958653
      1.000000     -0.000000      1.570796      1.374824      0.000000       -101.745243         37.003018     16.125095      5.601638     -0.389030      3.958653
