             t             r           psi            cs            qs                 p               sig             A             V            Q2             S
      0.000000      0.000000     -1.570796      0.637479      0.000000        -14.439793         11.325701      0.000000      0.000000     -0.346363      7.249089
      0.009804      0.071045     -1.525036      0.654722      0.000000        -14.452703         11.129452      0.015865      0.000013     -0.346363      7.249089
      0.019608      0.141937     -1.477652      0.679219      0.000000        -14.499787         10.865289      0.063427      0.000208     -0.346363      7.249089
      0.029412      0.212509     -1.428406      0.707390      0.000000        -14.589313         10.609058      0.142579      0.001065     -0.346363      7.249089
      0.039216      0.282571     -1.376980      0.740853      0.000000        -14.734063         10.358076      0.253139      0.003400     -0.346363      7.249089
      0.049020      0.351910     -1.322925      0.781801      0.000000        -14.952222         10.109880      0.394832      0.008381     -0.346363      7.249089
      0.058824      0.420276     -1.265604      0.833386      0.000000        -15.270182          9.862314      0.567280      0.017539     -0.346363      7.249089
      0.068627      0.487371     -1.204108      0.900260      0.000000        -15.726996          9.613712      0.769985      0.032780     -0.346363      7.249089
      0.078431      0.552828     -1.137117      0.989431      0.000000        -16.381529          9.363303      1.002301      0.056399     -0.346363      7.249089
      0.088235      0.616171     -1.062694      1.111605      0.000000        -17.323793          9.112072      1.263394      0.091096     -0.346363      7.249089
      0.098039      0.676762     -0.977955      1.282978      0.000000        -18.691543          8.864616      1.552186      0.139991     -0.346363      7.249089
      0.107843      0.733697     -0.878628      1.526441      0.000000        -20.687671          8.633198      1.867258      0.206594     -0.346363      7.249089
      0.117647      0.785661     -0.758687      1.866275      0.000000        -23.565558          8.446415      2.206704      0.294660     -0.346363      7.249089
      0.127451      0.830720     -0.611166      2.294366      0.000000        -27.442249          8.365945      2.567897      0.407610     -0.346363      7.249089
      0.137255      0.866274     -0.433700      2.664907      0.000000        -31.582067          8.507179      2.947194      0.546968     -0.346363      7.249089
      0.147059      0.889795     -0.242670      2.604175      0.000000        -33.317251          9.016601      3.339752      0.709572     -0.346363      7.249089
      0.156863      0.900883     -0.079428      1.902240      0.000000        -29.858821          9.923954      3.739987      0.886549     -0.346363      7.249089
      0.166667      0.902510      0.022615      0.983316      0.000000        -23.061440         11.028624      4.142902      1.068198     -0.346363      7.249089
      0.176471      0.899064      0.066349      0.302166      0.000000        -17.068073         12.087986      4.545257      1.249240     -0.346363      7.249089
      0.186275      0.893962      0.072936     -0.072306      0.000000        -13.562451         12.999126      4.945605      1.428243     -0.346363      7.249089
      0.196078      0.889135      0.061118     -0.233129      0.000000        -12.244610         13.766349      5.343688      1.605273     -0.346363      7.249089
      0.205882      0.885432      0.042699     -0.270423      0.000000        -12.378408         14.428070      5.739849      1.780764     -0.346363      7.249089
      0.215686      0.883068      0.024194     -0.243057      0.000000        -13.356139         15.023307      6.134656      1.955197     -0.346363      7.249089
      0.225490      0.881918      0.008827     -0.186669      0.000000        -14.759986         15.583097      6.528686      2.129019     -0.346363      7.249089
      0.235294      0.881708     -0.002167     -0.122752      0.000000        -16.314036         16.130033      6.922424      2.302607     -0.346363      7.249089
      0.245098      0.882121     -0.008749     -0.064055      0.000000        -17.839235         16.679457      7.316219      2.476243     -0.346363      7.249089
      0.254902      0.882862     -0.011561     -0.017422      0.000000        -19.226492         17.240685      7.710282      2.650109     -0.346363      7.249089
      0.264706      0.883698     -0.011574      0.014590      0.000000        -20.421704         17.818087      8.104705      2.824290     -0.346363      7.249089
      0.274510      0.884466     -0.009822      0.032511      0.000000        -21.414905         18.412197      8.499490      2.998793     -0.346363      7.249089
      0.284314      0.885074     -0.007228      0.038833      0.000000        -22.228794         19.020883      8.894585      3.173573     -0.346363      7.249089
      0.294118      0.885490     -0.004497      0.036939      0.000000        -22.905720         19.640553      9.289908      3.348560     -0.346363      7.249089
      0.303922      0.885721     -0.002091      0.030235      0.000000        -23.494862         20.267196      9.685376      3.523676     -0.346363      7.249089
      0.313725      0.885801     -0.000246      0.021569      0.000000        -24.041993         20.897158     10.080911      3.698853     -0.346363      7.249089
      0.323529      0.885771      0.000977      0.012982      0.000000        -24.583244         21.527584     10.476455      3.874038     -0.346363      7.249089
      0.333333      0.885675      0.001631      0.005700      0.000000        -25.142827         22.156563     10.871971      4.049197     -0.346363      7.249089
      0.343137      0.885550      0.001832      0.000269      0.000000        -25.733688         22.783071     11.267435      4.224311     -0.346363      7.249089
      0.352941      0.885423      0.001715     -0.003244      0.000000        -26.359768         23.406789     11.662842      4.399375     -0.346363      7.249089
      0.362745      0.885311      0.001411     -0.005070      0.000000        -27.018790         24.027888     12.058196      4.574390     -0.346363      7.249089
      0.372549      0.885224      0.001026     -0.005583      0.000000        -27.704871         24.646833     12.453504      4.749367     -0.346363      7.249089
      0.382353      0.885165      0.000639     -0.005192      0.000000        -28.410627         25.264207     12.848781      4.924314     -0.346363      7.249089
      0.392157      0.885132      0.000300     -0.004273      0.000000        -29.128674         25.880599     13.244036      5.099244     -0.346363      7.249089
      0.401961      0.885120      0.000036     -0.003130      0.000000        -29.852571         26.496524     13.639283      5.274165     -0.346363      7.249089
      0.411765      0.885125     -0.000145     -0.001986      0.000000        -30.577297         27.112382     14.034527      5.449085     -0.346363      7.249089
      0.421569      0.885139     -0.000249     -0.000984      0.000000        -31.299382         27.728451     14.429776      5.624008     -0.346363      7.249089
      0.431373      0.885159     -0.000290     -0.000197      0.000000        -32.016812         28.344892     14.825033      5.798939     -0.346363      7.249089
      0.441176      0.885179     -0.000283      0.000354      0.000000        -32.728780         28.961770     15.220299      5.973878     -0.346363      7.249089
      0.450980      0.885198     -0.000245      0.000682      0.000000        -33.435388         29.579076     15.615574      6.148824     -0.346363      7.249089
      0.460784      0.885214     -0.000190      0.000826      0.000000        -34.137337         30.196755     16.010856      6.323777     -0.346363      7.249089
      0.470588      0.885225     -0.000131      0.000831      0.000000        -34.835648         30.814724     16.406145      6.498736     -0.346363      7.249089
      0.480392      0.885232     -0.000074      0.000744      0.000000        -35.531450         31.432893     16.801438      6.673698     -0.346363      7.249089
      0.490196      0.885236     -0.000026      0.000607      0.000000        -36.225815         32.051177     17.196733      6.848663     -0.346363      7.249089
      0.500000      0.885236      0.000012      0.000454      0.000000        -36.919663         32.669502     17.592029      7.023628     -0.346363      7.249089
      0.509804      0.885234      0.000039      0.000310      0.000000        -37.613718         33.287811     17.987324      7.198593     -0.346363      7.249089
      0.519608      0.885231      0.000056      0.000194      0.000000        -38.308499         33.906062     18.382619      7.373556     -0.346363      7.249089
      0.529412      0.885227      0.000067      0.000113      0.000000        -39.004351         34.524227     18.777911      7.548519     -0.346363      7.249089
      0.539216      0.885222      0.000073      0.000075      0.000000        -39.701483         35.142290     19.173202      7.723479     -0.346363      7.249089
      0.549020      0.885216      0.000079      0.000079      0.000000        -40.400021         35.760241     19.568490      7.898437     -0.346363      7.249089
      0.558824      0.885210      0.000086      0.000128      0.000000        -41.100071         36.378071     19.963776      8.073393     -0.346363      7.249089
      0.568627      0.885204      0.000098      0.000224      0.000000        -41.801773         36.995769     20.359059      8.248347     -0.346363      7.249089
      0.578431      0.885196      0.000119      0.000369      0.000000        -42.505367         37.613316     20.754338      8.423298     -0.346363      7.249089
      0.588235      0.885187      0.000152      0.000572      0.000000        -43.211254         38.230680     21.149614      8.598245     -0.346363      7.249089
      0.598039      0.885174      0.000202      0.000846      0.000000        -43.920073         38.847810     21.544885      8.773188     -0.346363      7.249089
      0.607843      0.885157      0.000274      0.001214      0.000000        -44.632786         39.464628     21.940150      8.948126     -0.346363      7.249089
      0.617647      0.885135      0.000377      0.001706      0.000000        -45.350788         40.081024     22.335406      9.123056     -0.346363      7.249089
      0.627451      0.885103      0.000521      0.002366      0.000000        -46.076054         40.696839     22.730650      9.297975     -0.346363      7.249089
      0.637255      0.885059      0.000719      0.003253      0.000000        -46.811328         41.311852     23.125877      9.472879     -0.346363      7.249089
      0.647059      0.884999      0.000991      0.004451      0.000000        -47.560380         41.925762     23.521081      9.647763     -0.346363      7.249089
      0.656863      0.884916      0.001361      0.006068      0.000000        -48.328354         42.538153     23.916254      9.822618     -0.346363      7.249089
      0.666667      0.884802      0.001866      0.008252      0.000000        -49.122214         43.148462     24.311382      9.997435     -0.346363      7.249089
      0.676471      0.884646      0.002552      0.011199      0.000000        -49.951341         43.755929     24.706452     10.172199     -0.346363      7.249089
      0.686275      0.884434      0.003482      0.015166      0.000000        -50.828286         44.359527     25.101439     10.346891     -0.346363      7.249089
      0.696078      0.884144      0.004740      0.020491      0.000000        -51.769718         44.957881     25.496315     10.521483     -0.346363      7.249089
      0.705882      0.883750      0.006437      0.027615      0.000000        -52.797555         45.549161     25.891040     10.695940     -0.346363      7.249089
      0.715686      0.883215      0.008721      0.037101      0.000000        -53.940246         46.130949     26.285558     10.870213     -0.346363      7.249089
      0.725490      0.882492      0.011784      0.049664      0.000000        -55.234083         46.700086     26.679798     11.044236     -0.346363      7.249089
      0.735294      0.881516      0.015874      0.066183      0.000000        -56.724274         47.252500     27.073662     11.217918     -0.346363      7.249089
      0.745098      0.880204      0.021310      0.087715      0.000000        -58.465313         47.783038     27.467018     11.391141     -0.346363      7.249089
      0.754902      0.878446      0.028489      0.115468      0.000000        -60.519882         48.285335     27.859693     11.563740     -0.346363      7.249089
      0.764706      0.876102      0.037900      0.150742      0.000000        -62.955240         48.751780     28.251458     11.735500     -0.346363      7.249089
      0.774510      0.872994      0.050124      0.194800      0.000000        -65.835925         49.173660     28.642013     11.906129     -0.346363      7.249089
      0.784314      0.868899      0.065822      0.248658      0.000000        -69.211985         49.541583     29.030969     12.075245     -0.346363      7.249089
      0.794118      0.863546      0.085712      0.312810      0.000000        -73.103236         49.846253     29.417827     12.242342     -0.346363      7.249089
      0.803922      0.856615      0.110521      0.386922      0.000000        -77.482398         50.079595     29.801955     12.406770     -0.346363      7.249089
      0.813725      0.847739      0.140913      0.469608      0.000000        -82.262793         50.236088     30.182569     12.567705     -0.346363      7.249089
      0.823529      0.836513      0.177415      0.558381      0.000000        -87.297586         50.313988     30.558709     12.724131     -0.346363      7.249089
      0.833333      0.822510      0.220346      0.649903      0.000000        -92.395239         50.316037     30.929233     12.874836     -0.346363      7.249089
      0.843137      0.805307      0.269769      0.740474      0.000000        -97.349325         50.249326     31.292805     13.018439     -0.346363      7.249089
      0.852941      0.784502      0.325492      0.826650      0.000000       -101.973552         50.124292     31.647905     13.153444     -0.346363      7.249089
      0.862745      0.759748      0.387100      0.905754      0.000000       -106.129891         49.953131     31.992844     13.278332     -0.346363      7.249089
      0.872549      0.730765      0.454027      0.976151      0.000000       -109.741492         49.748128     32.325795     13.391678     -0.346363      7.249089
      0.882353      0.697358      0.525628      1.037236      0.000000       -112.789674         49.520322     32.644821     13.492286     -0.346363      7.249089
      0.892157      0.659428      0.601243      1.089232      0.000000       -115.300367         49.278723     32.947922     13.579311     -0.346363      7.249089
      0.901961      0.616969      0.680253      1.132909      0.000000       -117.327101         49.030054     33.233072     13.652366     -0.346363      7.249089
      0.911765      0.570068      0.762102      1.169319      0.000000       -118.935842         48.778870     33.498266     13.711589     -0.346363      7.249089
      0.921569      0.518902      0.846313      1.199593      0.000000       -120.194070         48.527868     33.741557     13.757655     -0.346363      7.249089
      0.931373      0.463727      0.932491      1.224822      0.000000       -121.164246         48.278256     33.961093     13.791746     -0.346363      7.249089
      0.941176      0.404870      1.020312      1.245989      0.000000       -121.900720         48.030093     34.155156     13.815463     -0.346363      7.249089
      0.950980      0.342727      1.109519      1.263947      0.000000       -122.448900         47.782568     34.322188     13.830701     -0.346363      7.249089
      0.960784      0.277746      1.199910      1.279422      0.000000       -122.845683         47.534210     34.460818     13.839491     -0.346363      7.249089
      0.970588      0.210426      1.291331      1.293028      0.000000       -123.120482         47.283044     34.569890     13.843827     -0.346363      7.249089
      0.980392      0.141307      1.383668      1.305287      0.000000       -123.296434         47.026699     34.648478     13.845486     -0.346363      7.249089
      0.990196      0.070965      1.476842      1.316679      0.000000       -123.391620         46.762499     34.695907     13.845878     -0.346363      7.249089
      1.000000     -0.000000      1.570796      1.325190      0.000000       -123.418259         46.566247     34.711763     13.845904     -0.346363      7.249089
