             t             r           psi            cs            qs                 p               sig             A             V            Q2             S
      0.000000     -0.000000     -1.570796      0.827097      0.000000        -17.579013         10.626934     -0.000000      0.000000     -0.529657      4.198505
      0.009804      0.041154     -1.536655      0.835874      0.000000        -17.583142         10.558390      0.005322      0.000002     -0.529657      4.198505
      0.019608      0.082259     -1.501931      0.851370      0.000000        -17.600369         10.427444      0.021283      0.000030     -0.529657      4.198505
      0.029412      0.123265     -1.466556      0.867602      0.000000        -17.631100         10.300153      0.047863      0.000153     -0.529657      4.198505
      0.039216      0.164117     -1.430490      0.885009      0.000000        -17.677190         10.176150      0.085029      0.000485     -0.529657      4.198505
      0.049020      0.204760     -1.393679      0.903875      0.000000        -17.740817         10.055107      0.132735      0.001189     -0.529657      4.198505
      0.058824      0.245133     -1.356056      0.924503      0.000000        -17.824565          9.936745      0.190919      0.002473     -0.529657      4.198505
      0.068627      0.285171     -1.317542      0.947244      0.000000        -17.931503          9.820842      0.259502      0.004593     -0.529657      4.198505
      0.078431      0.324807     -1.278041      0.972508      0.000000        -18.065292          9.707247      0.338390      0.007851     -0.529657      4.198505
      0.088235      0.363966     -1.237440      1.000771      0.000000        -18.230287          9.595895      0.427469      0.012590     -0.529657      4.198505
      0.098039      0.402571     -1.195605      1.032592      0.000000        -18.431667          9.486833      0.526605      0.019197     -0.529657      4.198505
      0.107843      0.440533     -1.152376      1.068614      0.000000        -18.675561          9.380246      0.635645      0.028097     -0.529657      4.198505
      0.117647      0.477759     -1.107565      1.109577      0.000000        -18.969170          9.276504      0.754410      0.039749     -0.529657      4.198505
      0.127451      0.514144     -1.060952      1.156307      0.000000        -19.320857          9.176216      0.882696      0.054642     -0.529657      4.198505
      0.137255      0.549572     -1.012282      1.209697      0.000000        -19.740129          9.080306      1.020271      0.073288     -0.529657      4.198505
      0.147059      0.583912     -0.961262      1.270646      0.000000        -20.237441          8.990116      1.166871      0.096213     -0.529657      4.198505
      0.156863      0.617019     -0.907563      1.339942      0.000000        -20.823616          8.907539      1.322196      0.123945     -0.529657      4.198505
      0.166667      0.648725     -0.850832      1.418037      0.000000        -21.508615          8.835186      1.485906      0.157001     -0.529657      4.198505
      0.176471      0.678846     -0.790708      1.504672      0.000000        -22.299209          8.776598      1.657615      0.195864     -0.529657      4.198505
      0.186275      0.707172     -0.726865      1.598272      0.000000        -23.194987          8.736470      1.836888      0.240956     -0.529657      4.198505
      0.196078      0.733473     -0.659087      1.695085      0.000000        -24.182095          8.720853      2.023229      0.292601     -0.529657      4.198505
      0.205882      0.757503     -0.587369      1.788142      0.000000        -25.224584          8.737246      2.216084      0.350983     -0.529657      4.198505
      0.215686      0.779012     -0.512082      1.866375      0.000000        -26.254703          8.794395      2.414833      0.416091     -0.529657      4.198505
      0.225490      0.797769     -0.434133      1.914653      0.000000        -27.166429          8.901573      2.618794      0.487672     -0.529657      4.198505
      0.235294      0.813590     -0.355108      1.915808      0.000000        -27.820184          9.067141      2.827230      0.565199     -0.529657      4.198505
      0.245098      0.826378     -0.277267      1.855264      0.000000        -28.067285          9.296428      3.039366      0.647879     -0.529657      4.198505
      0.254902      0.836154     -0.203310      1.727103      0.000000        -27.794338          9.589472      3.254417      0.734713     -0.529657      4.198505
      0.264706      0.843075     -0.135924      1.538233      0.000000        -26.970560          9.939667      3.471624      0.824609     -0.529657      4.198505
      0.274510      0.847421     -0.077256      1.307380      0.000000        -25.669418         10.334270      3.690279      0.916510     -0.529657      4.198505
      0.284314      0.849562     -0.028536      1.058998      0.000000        -24.047909         10.756819      3.909766      1.009509     -0.529657      4.198505
      0.294118      0.849909      0.010000      0.815870      0.000000        -22.295879         11.190419      4.129564      1.102900     -0.529657      4.198505
      0.303922      0.848871      0.038929      0.594302      0.000000        -20.585117         11.620524      4.349265      1.196184     -0.529657      4.198505
      0.313725      0.846822      0.059344      0.403045      0.000000        -19.039815         12.036410      4.568560      1.289039     -0.529657      4.198505
      0.323529      0.844087      0.072563      0.244715      0.000000        -17.730975         12.431364      4.787229      1.381276     -0.529657      4.198505
      0.333333      0.840934      0.079924      0.117997      0.000000        -16.685656         12.802073      5.005132      1.472802     -0.529657      4.198505
      0.343137      0.837577      0.082665      0.019567      0.000000        -15.900988         13.147729      5.222188      1.563583     -0.529657      4.198505
      0.352941      0.834184      0.081868     -0.054611      0.000000        -15.356875         13.469172      5.438369      1.653626     -0.529657      4.198505
      0.362745      0.830881      0.078447     -0.108541      0.000000        -15.025243         13.768209      5.653682      1.742963     -0.529657      4.198505
      0.372549      0.827759      0.073160     -0.145852      0.000000        -14.875882         14.047132      5.868162      1.831641     -0.529657      4.198505
      0.382353      0.824881      0.066625     -0.169679      0.000000        -14.879702         14.308403      6.081865      1.919716     -0.529657      4.198505
      0.392157      0.822288      0.059340     -0.182659      0.000000        -15.010294         14.554464      6.294860      2.007249     -0.529657      4.198505
      0.401961      0.820003      0.051706     -0.186983      0.000000        -15.244488         14.787628      6.507224      2.094302     -0.529657      4.198505
      0.411765      0.818034      0.044041     -0.184460      0.000000        -15.562365         15.010028      6.719037      2.180940     -0.529657      4.198505
      0.421569      0.816376      0.036594     -0.176586      0.000000        -15.947006         15.223586      6.930382      2.267223     -0.529657      4.198505
      0.431373      0.815016      0.029560     -0.164598      0.000000        -16.384145         15.430019      7.141337      2.353211     -0.529657      4.198505
      0.441176      0.813935      0.023086     -0.149519      0.000000        -16.861815         15.630836      7.351977      2.438959     -0.529657      4.198505
      0.450980      0.813107      0.017282     -0.132198      0.000000        -17.370022         15.827350      7.562371      2.524519     -0.529657      4.198505
      0.460784      0.812502      0.012224     -0.113339      0.000000        -17.900476         16.020688      7.772580      2.609937     -0.529657      4.198505
      0.470588      0.812089      0.007964     -0.093517      0.000000        -18.446366         16.211800      7.982658      2.695254     -0.529657      4.198505
      0.480392      0.811835      0.004532     -0.073198      0.000000        -19.002200         16.401469      8.192650      2.780504     -0.529657      4.198505
      0.490196      0.811705      0.001940     -0.052750      0.000000        -19.563679         16.590315      8.402594      2.865716     -0.529657      4.198505
      0.500000      0.811664      0.000188     -0.032451      0.000000        -20.127610         16.778802      8.612516      2.950911     -0.529657      4.198505
      0.509804      0.811678     -0.000736     -0.012498      0.000000        -20.691854         16.967243      8.822435      3.036103     -0.529657      4.198505
      0.519608      0.811713     -0.000848      0.006994      0.000000        -21.255285         17.155804      9.032362      3.121301     -0.529657      4.198505
      0.529412      0.811737     -0.000167      0.025980      0.000000        -21.817763         17.344504      9.242297      3.206506     -0.529657      4.198505
      0.539216      0.811716      0.001285      0.044484      0.000000        -22.380116         17.533222      9.452233      3.291712     -0.529657      4.198505
      0.549020      0.811621      0.003489      0.062595      0.000000        -22.944108         17.721700      9.662154      3.376906     -0.529657      4.198505
      0.558824      0.811419      0.006434      0.080459      0.000000        -23.512403         17.909547      9.872038      3.462068     -0.529657      4.198505
      0.568627      0.811081      0.010112      0.098274      0.000000        -24.088510         18.096241     10.081853      3.547173     -0.529657      4.198505
      0.578431      0.810576      0.014527      0.116285      0.000000        -24.676705         18.281144     10.291559      3.632186     -0.529657      4.198505
      0.588235      0.809875      0.019692      0.134773      0.000000        -25.281925         18.463500     10.501110      3.717067     -0.529657      4.198505
      0.598039      0.808945      0.025633      0.154047      0.000000        -25.909631         18.642452     10.710451      3.801769     -0.529657      4.198505
      0.607843      0.807754      0.032389      0.174434      0.000000        -26.565639         18.817050     10.919518      3.886235     -0.529657      4.198505
      0.617647      0.806267      0.040013      0.196268      0.000000        -27.255915         18.986266     11.128240      3.970403     -0.529657      4.198505
      0.627451      0.804448      0.048571      0.219880      0.000000        -27.986326         19.149009     11.336535      4.054200     -0.529657      4.198505
      0.637255      0.802256      0.058143      0.245580      0.000000        -28.762371         19.304149     11.544312      4.137544     -0.529657      4.198505
      0.647059      0.799649      0.068820      0.273649      0.000000        -29.588871         19.450534     11.751470      4.220343     -0.529657      4.198505
      0.656863      0.796579      0.080706      0.304321      0.000000        -30.469643         19.587020     11.957894      4.302492     -0.529657      4.198505
      0.666667      0.792994      0.093911      0.337776      0.000000        -31.407175         19.712499     12.163459      4.383876     -0.529657      4.198505
      0.676471      0.788840      0.108553      0.374117      0.000000        -32.402312         19.825931     12.368025      4.464365     -0.529657      4.198505
      0.686275      0.784055      0.124750      0.413369      0.000000        -33.453984         19.926380     12.571436      4.543814     -0.529657      4.198505
      0.696078      0.778574      0.142622      0.455466      0.000000        -34.559008         20.013046     12.773521      4.622062     -0.529657      4.198505
      0.705882      0.772330      0.162282      0.500245      0.000000        -35.711992         20.085297     12.974091      4.698935     -0.529657      4.198505
      0.715686      0.765248      0.183837      0.547450      0.000000        -36.905364         20.142700     13.172940      4.774238     -0.529657      4.198505
      0.725490      0.757255      0.207379      0.596736      0.000000        -38.129549         20.185040     13.369841      4.847764     -0.529657      4.198505
      0.735294      0.748272      0.232985      0.647680      0.000000        -39.373293         20.212331     13.564548      4.919290     -0.529657      4.198505
      0.745098      0.738222      0.260715      0.699797      0.000000        -40.624116         20.224824     13.756796      4.988579     -0.529657      4.198505
      0.754902      0.727026      0.290604      0.752565      0.000000        -41.868874         20.222991     13.946298      5.055388     -0.529657      4.198505
      0.764706      0.714609      0.322670      0.805443      0.000000        -43.094367         20.207505     14.132748      5.119465     -0.529657      4.198505
      0.774510      0.700898      0.356905      0.857899      0.000000        -44.287945         20.179213     14.315821      5.180561     -0.529657      4.198505
      0.784314      0.685825      0.393283      0.909432      0.000000        -45.438068         20.139093     14.495173      5.238432     -0.529657      4.198505
      0.794118      0.669330      0.431754      0.959591      0.000000        -46.534744         20.088214     14.670444      5.292848     -0.529657      4.198505
      0.803922      0.651359      0.472255      1.007994      0.000000        -47.569843         20.027693     14.841260      5.343600     -0.529657      4.198505
      0.813725      0.631868      0.514708      1.054331      0.000000        -48.537263         19.958649     15.007232      5.390511     -0.529657      4.198505
      0.823529      0.610823      0.559020      1.098373      0.000000        -49.432941         19.882171     15.167963      5.433441     -0.529657      4.198505
      0.833333      0.588202      0.605096      1.139971      0.000000        -50.254755         19.799283     15.323047      5.472294     -0.529657      4.198505
      0.843137      0.563993      0.652832      1.179047      0.000000        -51.002320         19.710921     15.472076      5.507029     -0.529657      4.198505
      0.852941      0.538198      0.702125      1.215589      0.000000        -51.676728         19.617919     15.614638      5.537659     -0.529657      4.198505
      0.862745      0.510832      0.752870      1.249643      0.000000        -52.280263         19.520993     15.750326      5.564258     -0.529657      4.198505
      0.872549      0.481922      0.804967      1.281299      0.000000        -52.816108         19.420740     15.878735      5.586962     -0.529657      4.198505
      0.882353      0.451508      0.858320      1.310682      0.000000        -53.288070         19.317639     15.999472      5.605966     -0.529657      4.198505
      0.892157      0.419643      0.912838      1.337943      0.000000        -53.700343         19.212050     16.112155      5.621520     -0.529657      4.198505
      0.901961      0.386394      0.968437      1.363251      0.000000        -54.057302         19.104227     16.216415      5.633924     -0.529657      4.198505
      0.911765      0.351837      1.025041      1.386787      0.000000        -54.363340         18.994316     16.311906      5.643517     -0.529657      4.198505
      0.921569      0.316060      1.082581      1.408737      0.000000        -54.622744         18.882370     16.398299      5.650669     -0.529657      4.198505
      0.931373      0.279166      1.140994      1.429290      0.000000        -54.839607         18.768357     16.475293      5.655765     -0.529657      4.198505
      0.941176      0.241263      1.200229      1.448633      0.000000        -55.017765         18.652165     16.542612      5.659196     -0.529657      4.198505
      0.950980      0.202472      1.260237      1.466953      0.000000        -55.160760         18.533611     16.600011      5.661340     -0.529657      4.198505
      0.960784      0.162922      1.320982      1.484432      0.000000        -55.271828         18.412450     16.647276      5.662548     -0.529657      4.198505
      0.970588      0.122751      1.382432      1.501256      0.000000        -55.353897         18.288384     16.684229      5.663133     -0.529657      4.198505
      0.980392      0.082104      1.444564      1.517629      0.000000        -55.409602         18.161067     16.710729      5.663354     -0.529657      4.198505
      0.990196      0.041134      1.507367      1.533962      0.000000        -55.441330         18.030114     16.726670      5.663406     -0.529657      4.198505
      1.000000     -0.000000      1.570796      1.543546      0.000000        -55.449016         17.961570     16.731991      5.663409     -0.529657      4.198505
