             t             r           psi            cs            qs                 p               sig             A             V            Q2             S
      0.000000      0.000000     -1.570796     -0.891409      0.000000         -8.169558          4.582383     -0.000000      0.000000      0.251448      2.473257
      0.009804      0.024246     -1.549173     -0.895213      0.000000         -8.170128          4.572057      0.001847      0.000000      0.251448      2.473257
      0.019608      0.048480     -1.527249     -0.912774      0.000000         -8.175537          4.514995      0.007387      0.000004      0.251448      2.473257
      0.029412      0.072691     -1.504911     -0.929736      0.000000         -8.184917          4.459338      0.016618      0.000020      0.251448      2.473257
      0.039216      0.096866     -1.482156     -0.947285      0.000000         -8.198569          4.405054      0.029535      0.000063      0.251448      2.473257
      0.049020      0.120991     -1.458966     -0.965641      0.000000         -8.216813          4.352120      0.046131      0.000154      0.251448      2.473257
      0.058824      0.145053     -1.435319     -0.984922      0.000000         -8.239997          4.300516      0.066398      0.000322      0.251448      2.473257
      0.068627      0.169037     -1.411193     -1.005235      0.000000         -8.268495          4.250233      0.090325      0.000600      0.251448      2.473257
      0.078431      0.192927     -1.386561     -1.026684      0.000000         -8.302716          4.201270      0.117899      0.001029      0.251448      2.473257
      0.088235      0.216706     -1.361394     -1.049376      0.000000         -8.343105          4.153636      0.149105      0.001656      0.251448      2.473257
      0.098039      0.240356     -1.335660     -1.073424      0.000000         -8.390141          4.107351      0.183924      0.002535      0.251448      2.473257
      0.107843      0.263860     -1.309326     -1.098946      0.000000         -8.444346          4.062447      0.222335      0.003728      0.251448      2.473257
      0.117647      0.287197     -1.282354     -1.126063      0.000000         -8.506280          4.018971      0.264315      0.005301      0.251448      2.473257
      0.127451      0.310345     -1.254704     -1.154899      0.000000         -8.576543          3.976984      0.309836      0.007328      0.251448      2.473257
      0.137255      0.333281     -1.226332     -1.185577      0.000000         -8.655772          3.936566      0.358868      0.009890      0.251448      2.473257
      0.147059      0.355983     -1.197193     -1.218217      0.000000         -8.744640          3.897817      0.411376      0.013072      0.251448      2.473257
      0.156863      0.378422     -1.167238     -1.252930      0.000000         -8.843848          3.860858      0.467324      0.016968      0.251448      2.473257
      0.166667      0.400573     -1.136414     -1.289813      0.000000         -8.954114          3.825835      0.526669      0.021673      0.251448      2.473257
      0.176471      0.422403     -1.104670     -1.328938      0.000000         -9.076159          3.792922      0.589364      0.027291      0.251448      2.473257
      0.186275      0.443883     -1.071949     -1.370344      0.000000         -9.210690          3.762326      0.655359      0.033926      0.251448      2.473257
      0.196078      0.464977     -1.038196     -1.414022      0.000000         -9.358365          3.734286      0.724598      0.041688      0.251448      2.473257
      0.205882      0.485649     -1.003358     -1.459896      0.000000         -9.519759          3.709079      0.797018      0.050689      0.251448      2.473257
      0.215686      0.505859     -0.967382     -1.507805      0.000000         -9.695314          3.687026      0.872553      0.061039      0.251448      2.473257
      0.225490      0.525565     -0.930222     -1.557477      0.000000         -9.885276          3.668490      0.951130      0.072848      0.251448      2.473257
      0.235294      0.544725     -0.891840     -1.608503      0.000000        -10.089618          3.653879      1.032668      0.086224      0.251448      2.473257
      0.245098      0.563290     -0.852211     -1.660307      0.000000        -10.307947          3.643654      1.117080      0.101270      0.251448      2.473257
      0.254902      0.581212     -0.811323     -1.712117      0.000000        -10.539398          3.638318      1.204272      0.118078      0.251448      2.473257
      0.264706      0.598441     -0.769189     -1.762940      0.000000        -10.782523          3.638422      1.294143      0.136731      0.251448      2.473257
      0.274510      0.614926     -0.725847     -1.811548      0.000000        -11.035173          3.644553      1.386582      0.157300      0.251448      2.473257
      0.284314      0.630614     -0.681367     -1.856480      0.000000        -11.294393          3.657326      1.481473      0.179834      0.251448      2.473257
      0.294118      0.645454     -0.635860     -1.896059      0.000000        -11.556356          3.677367      1.578690      0.204364      0.251448      2.473257
      0.303922      0.659398     -0.589476     -1.928454      0.000000        -11.816346          3.705290      1.678100      0.230899      0.251448      2.473257
      0.313725      0.672400     -0.542412     -1.951768      0.000000        -12.068821          3.741674      1.779564      0.259417      0.251448      2.473257
      0.323529      0.684419     -0.494913     -1.964162      0.000000        -12.307593          3.787023      1.882933      0.289873      0.251448      2.473257
      0.333333      0.695423     -0.447261     -1.964013      0.000000        -12.526118          3.841731      1.988058      0.322190      0.251448      2.473257
      0.343137      0.705386     -0.399779     -1.950084      0.000000        -12.717919          3.906043      2.094779      0.356266      0.251448      2.473257
      0.352941      0.714295     -0.352809     -1.921681      0.000000        -12.877087          3.980020      2.202938      0.391972      0.251448      2.473257
      0.362745      0.722144     -0.306704     -1.878778      0.000000        -12.998840          4.063506      2.312374      0.429158      0.251448      2.473257
      0.372549      0.728940     -0.261809     -1.822075      0.000000        -13.080033          4.156111      2.422925      0.467657      0.251448      2.473257
      0.382353      0.734703     -0.218442     -1.752981      0.000000        -13.119553          4.257204      2.534433      0.507292      0.251448      2.473257
      0.392157      0.739461     -0.176882     -1.673514      0.000000        -13.118538          4.365933      2.646742      0.547880      0.251448      2.473257
      0.401961      0.743250     -0.137349     -1.586137      0.000000        -13.080348          4.481247      2.759701      0.589239      0.251448      2.473257
      0.411765      0.746117     -0.100003     -1.493562      0.000000        -13.010328          4.601941      2.873167      0.631192      0.251448      2.473257
      0.421569      0.748109     -0.064938     -1.398538      0.000000        -12.915372          4.726710      2.987002      0.673574      0.251448      2.473257
      0.431373      0.749282     -0.032180     -1.303667      0.000000        -12.803381          4.854200      3.101077      0.716230      0.251448      2.473257
      0.441176      0.749688     -0.001696     -1.211269      0.000000        -12.682676          4.983065      3.215272      0.759020      0.251448      2.473257
      0.450980      0.749382      0.026597     -1.123283      0.000000        -12.561459          5.112010      3.329474      0.801817      0.251448      2.473257
      0.460784      0.748415      0.052826     -1.041234      0.000000        -12.447363          5.239831      3.443579      0.844511      0.251448      2.473257
      0.470588      0.746837      0.077149     -0.966234      0.000000        -12.347124          5.365440      3.557489      0.887004      0.251448      2.473257
      0.480392      0.744692      0.099746     -0.899011      0.000000        -12.266376          5.487883      3.671114      0.929209      0.251448      2.473257
      0.490196      0.742020      0.120813     -0.839963      0.000000        -12.209566          5.606344      3.784373      0.971050      0.251448      2.473257
      0.500000      0.738858      0.140548     -0.789214      0.000000        -12.179955          5.720148      3.897186      1.012460      0.251448      2.473257
      0.509804      0.735236      0.159152     -0.746671      0.000000        -12.179691          5.828749      4.009483      1.053382      0.251448      2.473257
      0.519608      0.731180      0.176822     -0.712083      0.000000        -12.209923          5.931725      4.121194      1.093760      0.251448      2.473257
      0.529412      0.726712      0.193746     -0.685083      0.000000        -12.270933          6.028766      4.232256      1.133548      0.251448      2.473257
      0.539216      0.721848      0.210103     -0.665226      0.000000        -12.362280          6.119654      4.342607      1.172699      0.251448      2.473257
      0.549020      0.716601      0.226060     -0.652024      0.000000        -12.482936          6.204259      4.452187      1.211174      0.251448      2.473257
      0.558824      0.710981      0.241773     -0.644966      0.000000        -12.631413          6.282517      4.560939      1.248931      0.251448      2.473257
      0.568627      0.704992      0.257383     -0.643536      0.000000        -12.805872          6.354427      4.668807      1.285935      0.251448      2.473257
      0.578431      0.698637      0.273023     -0.647226      0.000000        -13.004220          6.420036      4.775735      1.322146      0.251448      2.473257
      0.588235      0.691915      0.288808     -0.655541      0.000000        -13.224191          6.479432      4.881666      1.357530      0.251448      2.473257
      0.598039      0.684823      0.304847     -0.668011      0.000000        -13.463411          6.532735      4.986546      1.392052      0.251448      2.473257
      0.607843      0.677357      0.321234     -0.684187      0.000000        -13.719454          6.580091      5.090316      1.425675      0.251448      2.473257
      0.617647      0.669509      0.338053     -0.703648      0.000000        -13.989887          6.621669      5.192920      1.458366      0.251448      2.473257
      0.627451      0.661270      0.355380     -0.725997      0.000000        -14.272301          6.657651      5.294299      1.490089      0.251448      2.473257
      0.637255      0.652632      0.373281     -0.750866      0.000000        -14.564345          6.688236      5.394392      1.520812      0.251448      2.473257
      0.647059      0.643582      0.391811     -0.777911      0.000000        -14.863745          6.713627      5.493138      1.550501      0.251448      2.473257
      0.656863      0.634109      0.411021     -0.806814      0.000000        -15.168322          6.734039      5.590473      1.579123      0.251448      2.473257
      0.666667      0.624202      0.430951     -0.837279      0.000000        -15.476010          6.749687      5.686331      1.606648      0.251448      2.473257
      0.676471      0.613847      0.451635     -0.869035      0.000000        -15.784862          6.760790      5.780647      1.633047      0.251448      2.473257
      0.686275      0.603032      0.473103     -0.901831      0.000000        -16.093062          6.767569      5.873350      1.658291      0.251448      2.473257
      0.696078      0.591746      0.495376     -0.935438      0.000000        -16.398931          6.770242      5.964370      1.682356      0.251448      2.473257
      0.705882      0.579976      0.518472     -0.969648      0.000000        -16.700928          6.769025      6.053633      1.705220      0.251448      2.473257
      0.715686      0.567710      0.542403     -1.004271      0.000000        -16.997655          6.764130      6.141066      1.726862      0.251448      2.473257
      0.725490      0.554939      0.567177     -1.039135      0.000000        -17.287859          6.755764      6.226591      1.747270      0.251448      2.473257
      0.735294      0.541653      0.592797     -1.074088      0.000000        -17.570426          6.744130      6.310132      1.766431      0.251448      2.473257
      0.745098      0.527843      0.619264     -1.108993      0.000000        -17.844384          6.729422      6.391609      1.784341      0.251448      2.473257
      0.754902      0.513503      0.646576     -1.143730      0.000000        -18.108895          6.711826      6.470941      1.800998      0.251448      2.473257
      0.764706      0.498625      0.674728     -1.178196      0.000000        -18.363253          6.691522      6.548048      1.816408      0.251448      2.473257
      0.774510      0.483207      0.703710     -1.212302      0.000000        -18.606876          6.668678      6.622847      1.830581      0.251448      2.473257
      0.784314      0.467246      0.733515     -1.245972      0.000000        -18.839298          6.643454      6.695256      1.843537      0.251448      2.473257
      0.794118      0.450740      0.764130     -1.279146      0.000000        -19.060167          6.615999      6.765192      1.855298      0.251448      2.473257
      0.803922      0.433692      0.795543     -1.311775      0.000000        -19.269227          6.586453      6.832571      1.865896      0.251448      2.473257
      0.813725      0.416104      0.827740     -1.343823      0.000000        -19.466320          6.554942      6.897312      1.875368      0.251448      2.473257
      0.823529      0.397982      0.860707     -1.375266      0.000000        -19.651369          6.521583      6.959333      1.883758      0.251448      2.473257
      0.833333      0.379333      0.894429     -1.406089      0.000000        -19.824372          6.486483      7.018552      1.891117      0.251448      2.473257
      0.843137      0.360167      0.928891     -1.436289      0.000000        -19.985393          6.449735      7.074891      1.897500      0.251448      2.473257
      0.852941      0.340495      0.964077     -1.465870      0.000000        -20.134553          6.411424      7.128271      1.902971      0.251448      2.473257
      0.862745      0.320332      0.999973     -1.494847      0.000000        -20.272024          6.371621      7.178617      1.907594      0.251448      2.473257
      0.872549      0.299694      1.036565     -1.523242      0.000000        -20.398014          6.330387      7.225854      1.911442      0.251448      2.473257
      0.882353      0.278601      1.073839     -1.551084      0.000000        -20.512770          6.287774      7.269912      1.914587      0.251448      2.473257
      0.892157      0.257073      1.111781     -1.578410      0.000000        -20.616559          6.243823      7.310722      1.917105      0.251448      2.473257
      0.901961      0.235134      1.150381     -1.605264      0.000000        -20.709674          6.198564      7.348222      1.919073      0.251448      2.473257
      0.911765      0.212809      1.189626     -1.631694      0.000000        -20.792416          6.152017      7.382349      1.920568      0.251448      2.473257
      0.921569      0.190129      1.229507     -1.657757      0.000000        -20.865101          6.104196      7.413048      1.921665      0.251448      2.473257
      0.931373      0.167122      1.270016     -1.683515      0.000000        -20.928046          6.055104      7.440266      1.922435      0.251448      2.473257
      0.941176      0.143822      1.311147     -1.709038      0.000000        -20.981570          6.004735      7.463956      1.922947      0.251448      2.473257
      0.950980      0.120264      1.352895     -1.734405      0.000000        -21.025990          5.953078      7.484076      1.923264      0.251448      2.473257
      0.960784      0.096486      1.395257     -1.759712      0.000000        -21.061620          5.900114      7.500590      1.923441      0.251448      2.473257
      0.970588      0.072528      1.438234     -1.785099      0.000000        -21.088770          5.845816      7.513466      1.923526      0.251448      2.473257
      0.980392      0.048431      1.481829     -1.810887      0.000000        -21.107744          5.790153      7.522682      1.923558      0.251448      2.473257
      0.990196      0.024240      1.526069     -1.839074      0.000000        -21.118853          5.733090      7.528219      1.923566      0.251448      2.473257
      1.000000      0.000000      1.570796     -1.845137      0.000000        -21.119993          5.723150      7.530066      1.923566      0.251448      2.473257
