             t             r           psi            cs            qs                 p               sig             A             V            Q2             S
      0.000000     -0.000000     -1.570796     -0.891288      0.000000        -59.179112         33.198644      0.000000      0.000000      0.101760      5.491776
      0.009804      0.053820     -1.522709     -0.896935      0.000000        -59.188696         33.064843      0.009105      0.000006      0.101760      5.491776
      0.019608      0.107515     -1.474191     -0.905367      0.000000        -59.224757         32.857120      0.036400      0.000094      0.101760      5.491776
      0.029412      0.160957     -1.425207     -0.914349      0.000000        -59.290439         32.654644      0.081820      0.000477      0.101760      5.491776
      0.039216      0.214014     -1.375718     -0.924143      0.000000        -59.391324         32.456125      0.145257      0.001505      0.101760      5.491776
      0.049020      0.266551     -1.325674     -0.935011      0.000000        -59.534440         32.260334      0.226560      0.003664      0.101760      5.491776
      0.058824      0.318430     -1.275009     -0.947268      0.000000        -59.728732         32.066107      0.325528      0.007561      0.101760      5.491776
      0.068627      0.369508     -1.223639     -0.961304      0.000000        -59.985666         31.872363      0.441914      0.013921      0.101760      5.491776
      0.078431      0.419638     -1.171454     -0.977610      0.000000        -60.320027         31.678125      0.575424      0.023565      0.101760      5.491776
      0.088235      0.468665     -1.118316     -0.996813      0.000000        -60.750987         31.482565      0.725711      0.037396      0.101760      5.491776
      0.098039      0.516428     -1.064049     -1.019719      0.000000        -61.303536         31.285070      0.892373      0.056381      0.101760      5.491776
      0.107843      0.562755     -1.008426     -1.047371      0.000000        -62.010355         31.085360      1.074956      0.081523      0.101760      5.491776
      0.117647      0.607462     -0.951157     -1.081120      0.000000        -62.914197         30.883682      1.272942      0.113844      0.101760      5.491776
      0.127451      0.650347     -0.891868     -1.122701      0.000000        -64.070690         30.681133      1.485750      0.154350      0.101760      5.491776
      0.137255      0.691186     -0.830083     -1.174295      0.000000        -65.551037         30.480208      1.712727      0.204003      0.101760      5.491776
      0.147059      0.729724     -0.765192     -1.238503      0.000000        -67.442927         30.285703      1.953137      0.263686      0.101760      5.491776
      0.156863      0.765669     -0.696443     -1.318053      0.000000        -69.845193         30.106199      2.206155      0.334154      0.101760      5.491776
      0.166667      0.798678     -0.622950     -1.414836      0.000000        -72.845567         29.956422      2.470846      0.415978      0.101760      5.491776
      0.176471      0.828351     -0.543801     -1.527457      0.000000        -76.459261         29.860703      2.746152      0.509458      0.101760      5.491776
      0.186275      0.854232     -0.458353     -1.646104      0.000000        -80.492294         29.857130      3.030869      0.614512      0.101760      5.491776
      0.196078      0.875837     -0.366895     -1.744486      0.000000        -84.307492         29.999876      3.323631      0.730522      0.101760      5.491776
      0.205882      0.892739     -0.271727     -1.774237      0.000000        -86.605298         30.352830      3.622916      0.856181      0.101760      5.491776
      0.215686      0.904720     -0.178123     -1.678019      0.000000        -85.644517         30.965053      3.927088      0.989456      0.101760      5.491776
      0.225490      0.911956     -0.093769     -1.432048      0.000000        -80.335987         31.831684      4.234500      1.127824      0.101760      5.491776
      0.235294      0.915088     -0.025827     -1.081201      0.000000        -71.457347         32.874695      4.543640      1.268809      0.101760      5.491776
      0.245098      0.915093      0.022347     -0.712300      0.000000        -61.319508         33.975558      4.853282      1.410504      0.101760      5.491776
      0.254902      0.913020      0.051823     -0.394684      0.000000        -52.144722         35.032194      5.162545      1.551756      0.101760      5.491776
      0.264706      0.909785      0.066270     -0.155358      0.000000        -45.061540         35.988577      5.470887      1.692023      0.101760      5.491776
      0.274510      0.906082      0.069909      0.008728      0.000000        -40.226206         36.829463      5.778040      1.831133      0.101760      5.491776
      0.284314      0.902390      0.066418      0.112218      0.000000        -37.319022         37.562918      6.083931      1.969104      0.101760      5.491776
      0.294118      0.899012      0.058630      0.170773      0.000000        -35.900498         38.206309      6.388620      2.106044      0.101760      5.491776
      0.303922      0.896120      0.048600      0.197376      0.000000        -35.568890         38.778662      6.692244      2.242102      0.101760      5.491776
      0.313725      0.893795      0.037772      0.201857      0.000000        -36.003149         39.297444      6.994985      2.377438      0.101760      5.491776
      0.323529      0.892050      0.027130      0.191442      0.000000        -36.959680         39.777581      7.297038      2.512214      0.101760      5.491776
      0.333333      0.890858      0.017328      0.171437      0.000000        -38.256361         40.231433      7.598596      2.646586      0.101760      5.491776
      0.343137      0.890162      0.008770      0.145787      0.000000        -39.756485         40.669076      7.899836      2.780698      0.101760      5.491776
      0.352941      0.889888      0.001677      0.117468      0.000000        -41.356212         41.098636      8.200914      2.914674      0.101760      5.491776
      0.362745      0.889954     -0.003872      0.088746      0.000000        -42.975828         41.526570      8.501959      3.048623      0.101760      5.491776
      0.372549      0.890277     -0.007903      0.061333      0.000000        -44.554114         41.957881      8.803073      3.182631      0.101760      5.491776
      0.382353      0.890779     -0.010523      0.036488      0.000000        -46.044990         42.396280      9.104328      3.316762      0.101760      5.491776
      0.392157      0.891388     -0.011894      0.015071      0.000000        -47.415610         42.844312      9.405773      3.451058      0.101760      5.491776
      0.401961      0.892041     -0.012216     -0.002416      0.000000        -48.645250         43.303468      9.707433      3.585546      0.101760      5.491776
      0.411765      0.892689     -0.011708     -0.015793      0.000000        -49.724428         43.774305     10.009314      3.720230      0.101760      5.491776
      0.421569      0.893291     -0.010588     -0.025156      0.000000        -50.653848         44.256585     10.311408      3.855106      0.101760      5.491776
      0.431373      0.893821     -0.009065     -0.030833      0.000000        -51.442968         44.749425     10.613693      3.990155      0.101760      5.491776
      0.441176      0.894263     -0.007325     -0.033315      0.000000        -52.108145         45.251473     10.916144      4.125353      0.101760      5.491776
      0.450980      0.894609     -0.005525     -0.033199      0.000000        -52.670476         45.761080     11.218728      4.260673      0.101760      5.491776
      0.460784      0.894859     -0.003786     -0.031123      0.000000        -53.153564         46.276460     11.521413      4.396084      0.101760      5.491776
      0.470588      0.895020     -0.002197     -0.027713      0.000000        -53.581433         46.795839     11.824166      4.531557      0.101760      5.491776
      0.480392      0.895100     -0.000815     -0.023541      0.000000        -53.976807         47.317562     12.126961      4.667068      0.101760      5.491776
      0.490196      0.895112      0.000333     -0.019102      0.000000        -54.359875         47.840171     12.429770      4.802592      0.101760      5.491776
      0.500000      0.895068      0.001244     -0.014794      0.000000        -54.747568         48.362447     12.732574      4.938110      0.101760      5.491776
      0.509804      0.894982      0.001934     -0.010923      0.000000        -55.153309         48.883423     13.035355      5.073609      0.101760      5.491776
      0.519608      0.894863      0.002432     -0.007706      0.000000        -55.587156         49.402370     13.338101      5.209076      0.101760      5.491776
      0.529412      0.894722      0.002778     -0.005288      0.000000        -56.056223         49.918769     13.640804      5.344504      0.101760      5.491776
      0.539216      0.894566      0.003018     -0.003754      0.000000        -56.565281         50.432263     13.943455      5.479886      0.101760      5.491776
      0.549020      0.894398      0.003199     -0.003148      0.000000        -57.117462         50.942614     14.246052      5.615220      0.101760      5.491776
      0.558824      0.894222      0.003374     -0.003491      0.000000        -57.714987         51.449645     14.548591      5.750501      0.101760      5.491776
      0.568627      0.894034      0.003592     -0.004799      0.000000        -58.359908         51.953192     14.851068      5.885727      0.101760      5.491776
      0.578431      0.893833      0.003908     -0.007092      0.000000        -59.054815         52.453047     15.153480      6.020894      0.101760      5.491776
      0.588235      0.893611      0.004374     -0.010413      0.000000        -59.803524         52.948907     15.455820      6.155997      0.101760      5.491776
      0.598039      0.893358      0.005049     -0.014837      0.000000        -60.611729         53.440327     15.758081      6.291029      0.101760      5.491776
      0.607843      0.893062      0.005994     -0.020486      0.000000        -61.487639         53.926659     16.060249      6.425977      0.101760      5.491776
      0.617647      0.892707      0.007280     -0.027534      0.000000        -62.442577         54.407009     16.362307      6.560826      0.101760      5.491776
      0.627451      0.892271      0.008988     -0.036221      0.000000        -63.491538         54.880177     16.664232      6.695556      0.101760      5.491776
      0.637255      0.891729      0.011215     -0.046856      0.000000        -64.653672         55.344602     16.965992      6.830135      0.101760      5.491776
      0.647059      0.891052      0.014076     -0.059824      0.000000        -65.952613         55.798310     17.267547      6.964528      0.101760      5.491776
      0.656863      0.890200      0.017707     -0.075587      0.000000        -67.416570         56.238861     17.568845      7.098686      0.101760      5.491776
      0.666667      0.889128      0.022275     -0.094678      0.000000        -69.077996         56.663308     17.869819      7.232545      0.101760      5.491776
      0.676471      0.887781      0.027973     -0.117684      0.000000        -70.972660         57.068181     18.170385      7.366027      0.101760      5.491776
      0.686275      0.886092      0.035029     -0.145222      0.000000        -73.137852         57.449500     18.470440      7.499031      0.101760      5.491776
      0.696078      0.883981      0.043703     -0.177893      0.000000        -75.609509         57.802842     18.769855      7.631431      0.101760      5.491776
      0.705882      0.881354      0.054286     -0.216217      0.000000        -78.418124         58.123482     19.068470      7.763069      0.101760      5.491776
      0.715686      0.878099      0.067094     -0.260558      0.000000        -81.583531         58.406609     19.366095      7.893752      0.101760      5.491776
      0.725490      0.874089      0.082454     -0.311031      0.000000        -85.109037         58.647647     19.662494      8.023237      0.101760      5.491776
      0.735294      0.869179      0.100692     -0.367415      0.000000        -88.975857         58.842641     19.957389      8.151232      0.101760      5.491776
      0.745098      0.863208      0.122113     -0.429092      0.000000        -93.139244         58.988682     20.250448      8.277385      0.101760      5.491776
      0.754902      0.856002      0.146974     -0.495029      0.000000        -97.527811         59.084300     20.541284      8.401276      0.101760      5.491776
      0.764706      0.847376      0.175470     -0.563825      0.000000       -102.047164         59.129749     20.829446      8.522419      0.101760      5.491776
      0.774510      0.837141      0.207710     -0.633825      0.000000       -106.587928         59.127105     21.114424      8.640261      0.101760      5.491776
      0.784314      0.825108      0.243712     -0.703281      0.000000       -111.036928         59.080139     21.395641      8.754187      0.101760      5.491776
      0.794118      0.811098      0.283401     -0.770537      0.000000       -115.289186         58.993977     21.672457      8.863540      0.101760      5.491776
      0.803922      0.794946      0.326620     -0.834186      0.000000       -119.258113         58.874617     21.944176      8.967636      0.101760      5.491776
      0.813725      0.776505      0.373144     -0.893174      0.000000       -122.881892         58.728390     22.210048      9.065795      0.101760      5.491776
      0.823529      0.755655      0.422703     -0.946848      0.000000       -126.125364         58.561472     22.469276      9.157370      0.101760      5.491776
      0.833333      0.732305      0.475002     -0.994929      0.000000       -128.977956         58.379494     22.721031      9.241785      0.101760      5.491776
      0.843137      0.706393      0.529739     -1.037453      0.000000       -131.449021         58.187306     22.964454      9.318564      0.101760      5.491776
      0.852941      0.677888      0.586621     -1.074692      0.000000       -133.562117         57.988866     23.198673      9.387364      0.101760      5.491776
      0.862745      0.646791      0.645376     -1.107069      0.000000       -135.349454         57.787235     23.422810      9.447996      0.101760      5.491776
      0.872549      0.613132      0.705754     -1.135086      0.000000       -136.847254         57.584650     23.635993      9.500445      0.101760      5.491776
      0.882353      0.576972      0.767536     -1.159274      0.000000       -138.092303         57.382624     23.837364      9.544876      0.101760      5.491776
      0.892157      0.538395      0.830528     -1.180152      0.000000       -139.119670         57.182064     24.026091      9.581629      0.101760      5.491776
      0.901961      0.497512      0.894566     -1.198205      0.000000       -139.961383         56.983387     24.201374      9.611211      0.101760      5.491776
      0.911765      0.454458      0.959510     -1.213871      0.000000       -140.645815         56.786613     24.362455      9.634273      0.101760      5.491776
      0.921569      0.409385      1.025242     -1.227542      0.000000       -141.197555         56.591452     24.508626      9.651582      0.101760      5.491776
      0.931373      0.362467      1.091664     -1.239558      0.000000       -141.637568         56.397367     24.639231      9.663984      0.101760      5.491776
      0.941176      0.313894      1.158696     -1.250216      0.000000       -141.983515         56.203623     24.753679      9.672370      0.101760      5.491776
      0.950980      0.263871      1.226270     -1.259775      0.000000       -142.250141         56.009328     24.851444      9.677626      0.101760      5.491776
      0.960784      0.212615      1.294335     -1.268456      0.000000       -142.449672         55.813457     24.932071      9.680595      0.101760      5.491776
      0.970588      0.160356      1.362848     -1.276459      0.000000       -142.592197         55.614880     24.995183      9.682035      0.101760      5.491776
      0.980392      0.107334      1.431778     -1.283960      0.000000       -142.686025         55.412373     25.040480      9.682579      0.101760      5.491776
      0.990196      0.053797      1.501102     -1.291160      0.000000       -142.738019         55.204641     25.067746      9.682706      0.101760      5.491776
      1.000000     -0.000000      1.570796     -1.296075      0.000000       -142.751929         55.070839     25.076849      9.682714      0.101760      5.491776
