             t             r           psi            cs            qs                 p               sig             A             V            Q2             S
      0.000000      0.000000     -1.570796      0.112545      0.000000         -0.272531          1.210764     -0.000000     -0.000000     -0.772584      3.789753
      0.009804      0.037154     -1.566555      0.119287      0.000000         -0.272910          1.169058      0.004337      0.000000     -0.772584      3.789753
      0.019608      0.074308     -1.561860      0.133773      0.000000         -0.274640          1.081145      0.017347      0.000003     -0.772584      3.789753
      0.029412      0.111460     -1.556577      0.151251      0.000000         -0.277832          0.996448      0.039031      0.000015     -0.772584      3.789753
      0.039216      0.148609     -1.550568      0.173019      0.000000         -0.282815          0.914884      0.069387      0.000050     -0.772584      3.789753
      0.049020      0.185753     -1.543648      0.200597      0.000000         -0.290009          0.836412      0.108415      0.000128     -0.772584      3.789753
      0.058824      0.222889     -1.535564      0.236117      0.000000         -0.299970          0.761046      0.156114      0.000281     -0.772584      3.789753
      0.068627      0.260014     -1.525967      0.282648      0.000000         -0.313436          0.688867      0.212481      0.000554     -0.772584      3.789753
      0.078431      0.297121     -1.514370      0.344685      0.000000         -0.331409          0.620039      0.277512      0.001014     -0.772584      3.789753
      0.088235      0.334201     -1.500080      0.428890      0.000000         -0.355264          0.554830      0.351203      0.001754     -0.772584      3.789753
      0.098039      0.371238     -1.482103      0.545214      0.000000         -0.386925          0.493645      0.433546      0.002911     -0.772584      3.789753
      0.107843      0.408207     -1.458988      0.708477      0.000000         -0.429114          0.437065      0.524528      0.004684     -0.772584      3.789753
      0.117647      0.445064     -1.428612      0.940264      0.000000         -0.485724          0.385906      0.624128      0.007371     -0.772584      3.789753
      0.127451      0.481732     -1.387906      1.270062      0.000000         -0.562326          0.341300      0.732312      0.011417     -0.772584      3.789753
      0.137255      0.518073     -1.332594      1.732096      0.000000         -0.666764          0.304800      0.849021      0.017494     -0.772584      3.789753
      0.147059      0.553833     -1.257252      2.349590      0.000000         -0.809487          0.278510      0.974153      0.026596     -0.772584      3.789753
      0.156863      0.588569     -1.156355      3.096338      0.000000         -1.002644          0.265214      1.107525      0.040111     -0.772584      3.789753
      0.166667      0.621557     -1.027073      3.846865      0.000000         -1.256022          0.268428      1.248819      0.059769     -0.772584      3.789753
      0.176471      0.651788     -0.873172      4.382345      0.000000         -1.568393          0.292178      1.397514      0.087270     -0.772584      3.789753
      0.186275      0.678157     -0.706506      4.514113      0.000000         -1.917960          0.340321      1.552835      0.123632     -0.772584      3.789753
      0.196078      0.699837     -0.543045      4.222792      0.000000         -2.262453          0.415424      1.713776      0.168640     -0.772584      3.789753
      0.205882      0.716578     -0.396242      3.647712      0.000000         -2.554828          0.517685      1.879201      0.220923     -0.772584      3.789753
      0.215686      0.728703     -0.273280      2.966346      0.000000         -2.763824          0.644590      2.047984      0.278566     -0.772584      3.789753
      0.225490      0.736893     -0.175517      2.306820      0.000000         -2.883509          0.791516      2.219123      0.339731     -0.772584      3.789753
      0.235294      0.741943     -0.100788      1.732575      0.000000         -2.928666          0.952862      2.391792      0.402981     -0.772584      3.789753
      0.245098      0.744603     -0.045481      1.261816      0.000000         -2.923993          1.123133      2.565348      0.467322     -0.772584      3.789753
      0.254902      0.745513     -0.005801      0.889488      0.000000         -2.894805          1.297639      2.739309      0.532115     -0.772584      3.789753
      0.264706      0.745185      0.021662      0.601609      0.000000         -2.861951          1.472771      2.913329      0.596970     -0.772584      3.789753
      0.274510      0.744019      0.039756      0.382573      0.000000         -2.840261          1.645991      3.087168      0.661663     -0.772584      3.789753
      0.284314      0.742319      0.050767      0.218194      0.000000         -2.838971          1.815678      3.260668      0.726068     -0.772584      3.789753
      0.294118      0.740314      0.056499      0.096620      0.000000         -2.862912          1.980920      3.433731      0.790123     -0.772584      3.789753
      0.303922      0.738171      0.058358      0.008344      0.000000         -2.913783          2.141326      3.606307      0.853805     -0.772584      3.789753
      0.313725      0.736014      0.057438     -0.054119      0.000000         -2.991224          2.296860      3.778380      0.917115     -0.772584      3.789753
      0.323529      0.733929      0.054583     -0.096620      0.000000         -3.093627          2.447722      3.949955      0.980066     -0.772584      3.789753
      0.333333      0.731976      0.050448     -0.123721      0.000000         -3.218707          2.594255      4.121059      1.042684     -0.772584      3.789753
      0.343137      0.730192      0.045536     -0.138992      0.000000         -3.363876          2.736879      4.291725      1.104996     -0.772584      3.789753
      0.352941      0.728598      0.040232     -0.145232      0.000000         -3.526489          2.876050      4.461997      1.167036     -0.772584      3.789753
      0.362745      0.727204      0.034828     -0.144646      0.000000         -3.703986          3.012229      4.631921      1.228834     -0.772584      3.789753
      0.372549      0.726009      0.029546     -0.138980      0.000000         -3.893983          3.145859      4.801542      1.290425     -0.772584      3.789753
      0.382353      0.725005      0.024546     -0.129613      0.000000         -4.094308          3.277357      4.970907      1.351839     -0.772584      3.789753
      0.392157      0.724180      0.019947     -0.117640      0.000000         -4.303028          3.407105      5.140058      1.413105     -0.772584      3.789753
      0.401961      0.723517      0.015826     -0.103922      0.000000         -4.518447          3.535444      5.309037      1.474252     -0.772584      3.789753
      0.411765      0.722998      0.012237     -0.089134      0.000000         -4.739105          3.662673      5.477877      1.535302     -0.772584      3.789753
      0.421569      0.722601      0.009210     -0.073801      0.000000         -4.963768          3.789049      5.646611      1.596279     -0.772584      3.789753
      0.431373      0.722306      0.006755     -0.058316      0.000000         -5.191423          3.914784      5.815265      1.657198     -0.772584      3.789753
      0.441176      0.722092      0.004874     -0.042970      0.000000         -5.421260          4.040050      5.983860      1.718076     -0.772584      3.789753
      0.450980      0.721937      0.003558     -0.027964      0.000000         -5.652666          4.164979      6.152412      1.778924     -0.772584      3.789753
      0.460784      0.721821      0.002791     -0.013426      0.000000         -5.885218          4.289660      6.320933      1.839749     -0.772584      3.789753
      0.470588      0.721723      0.002554      0.000581      0.000000         -6.118668          4.414147      6.489429      1.900557     -0.772584      3.789753
      0.480392      0.721625      0.002827      0.014045      0.000000         -6.352939          4.538456      6.657902      1.961348     -0.772584      3.789753
      0.490196      0.721507      0.003591      0.027000      0.000000         -6.588113          4.662569      6.826351      2.022122     -0.772584      3.789753
      0.500000      0.721352      0.004828      0.039515      0.000000         -6.824426          4.786435      6.994769      2.082872     -0.772584      3.789753
      0.509804      0.721142      0.006523      0.051693      0.000000         -7.062263          4.909970      7.163144      2.143591     -0.772584      3.789753
      0.519608      0.720862      0.008667      0.063659      0.000000         -7.302140          5.033058      7.331462      2.204269     -0.772584      3.789753
      0.529412      0.720493      0.011253      0.075562      0.000000         -7.544708          5.155558      7.499705      2.264891     -0.772584      3.789753
      0.539216      0.720020      0.014283      0.087565      0.000000         -7.790734          5.277297      7.667849      2.325441     -0.772584      3.789753
      0.549020      0.719426      0.017763      0.099845      0.000000         -8.041097          5.398077      7.835870      2.385898     -0.772584      3.789753
      0.558824      0.718694      0.021708      0.112589      0.000000         -8.296777          5.517673      8.003736      2.446240     -0.772584      3.789753
      0.568627      0.717807      0.026138      0.125990      0.000000         -8.558839          5.635834      8.171414      2.506441     -0.772584      3.789753
      0.578431      0.716746      0.031081      0.140247      0.000000         -8.828424          5.752288      8.338864      2.566472     -0.772584      3.789753
      0.588235      0.715491      0.036572      0.155558      0.000000         -9.106730          5.866738      8.506045      2.626300     -0.772584      3.789753
      0.598039      0.714022      0.042656      0.172124      0.000000         -9.394996          5.978863      8.672908      2.685888     -0.772584      3.789753
      0.607843      0.712315      0.049381      0.190143      0.000000         -9.694475          6.088326      8.839401      2.745196     -0.772584      3.789753
      0.617647      0.710345      0.056805      0.209805      0.000000        -10.006411          6.194767      9.005465      2.804178     -0.772584      3.789753
      0.627451      0.708086      0.064994      0.231296      0.000000        -10.332011          6.297813      9.171036      2.862784     -0.772584      3.789753
      0.637255      0.705509      0.074017      0.254790      0.000000        -10.672405          6.397075      9.336043      2.920959     -0.772584      3.789753
      0.647059      0.702580      0.083954      0.280447      0.000000        -11.028609          6.492155      9.500408      2.978641     -0.772584      3.789753
      0.656863      0.699265      0.094886      0.308411      0.000000        -11.401480          6.582649      9.664045      3.035764     -0.772584      3.789753
      0.666667      0.695527      0.106901      0.338804      0.000000        -11.791671          6.668153      9.826859      3.092252     -0.772584      3.789753
      0.676471      0.691322      0.120093      0.371724      0.000000        -12.199575          6.748268      9.988748      3.148023     -0.772584      3.789753
      0.686275      0.686609      0.134556      0.407238      0.000000        -12.625281          6.822607     10.149596      3.202988     -0.772584      3.789753
      0.696078      0.681337      0.150387      0.445381      0.000000        -13.068522          6.890803     10.309279      3.257049     -0.772584      3.789753
      0.705882      0.675458      0.167684      0.486150      0.000000        -13.528629          6.952516     10.467662      3.310099     -0.772584      3.789753
      0.715686      0.668917      0.186544      0.529500      0.000000        -14.004504          7.007446     10.624597      3.362024     -0.772584      3.789753
      0.725490      0.661657      0.207062      0.575344      0.000000        -14.494590          7.055332     10.779921      3.412701     -0.772584      3.789753
      0.735294      0.653620      0.229327      0.623549      0.000000        -14.996872          7.095971     10.933462      3.461998     -0.772584      3.789753
      0.745098      0.644745      0.253424      0.673937      0.000000        -15.508886          7.129214     11.085029      3.509776     -0.772584      3.789753
      0.754902      0.634968      0.279430      0.726288      0.000000        -16.027756          7.154980     11.234421      3.555893     -0.772584      3.789753
      0.764706      0.624229      0.307415      0.780342      0.000000        -16.550254          7.173254     11.381419      3.600199     -0.772584      3.789753
      0.774510      0.612462      0.337434      0.835805      0.000000        -17.072869          7.184089     11.525791      3.642544     -0.772584      3.789753
      0.784314      0.599607      0.369536      0.892356      0.000000        -17.591910          7.187609     11.667290      3.682780     -0.772584      3.789753
      0.794118      0.585603      0.403753      0.949657      0.000000        -18.103608          7.183997     11.805656      3.720763     -0.772584      3.789753
      0.803922      0.570395      0.440109      1.007363      0.000000        -18.604230          7.173498     11.940613      3.756356     -0.772584      3.789753
      0.813725      0.553928      0.478610      1.065130      0.000000        -19.090191          7.156404     12.071873      3.789439     -0.772584      3.789753
      0.823529      0.536158      0.519254      1.122627      0.000000        -19.558157          7.133046     12.199138      3.819907     -0.772584      3.789753
      0.833333      0.517042      0.562024      1.179547      0.000000        -20.005135          7.103785     12.322099      3.847679     -0.772584      3.789753
      0.843137      0.496549      0.606894      1.235614      0.000000        -20.428541          7.068997     12.440436      3.872703     -0.772584      3.789753
      0.852941      0.474656      0.653828      1.290588      0.000000        -20.826248          7.029064     12.553827      3.894959     -0.772584      3.789753
      0.862745      0.451350      0.702781      1.344276      0.000000        -21.196610          6.984360     12.661941      3.914463     -0.772584      3.789753
      0.872549      0.426628      0.753702      1.396529      0.000000        -21.538461          6.935244     12.764450      3.931273     -0.772584      3.789753
      0.882353      0.400502      0.806536      1.447249      0.000000        -21.851096          6.882047     12.861023      3.945485     -0.772584      3.789753
      0.892157      0.372995      0.861225      1.496385      0.000000        -22.134237          6.825069     12.951336      3.957238     -0.772584      3.789753
      0.901961      0.344143      0.917711      1.543935      0.000000        -22.387983          6.764570     13.035069      3.966711     -0.772584      3.789753
      0.911765      0.313997      0.975934      1.589941      0.000000        -22.612752          6.700766     13.111914      3.974115     -0.772584      3.789753
      0.921569      0.282623      1.035840      1.634490      0.000000        -22.809228          6.633828     13.181577      3.979694     -0.772584      3.789753
      0.931373      0.250099      1.097375      1.677705      0.000000        -22.978295          6.563880     13.243780      3.983712     -0.772584      3.789753
      0.941176      0.216521      1.160494      1.719751      0.000000        -23.120984          6.490998     13.298266      3.986445     -0.772584      3.789753
      0.950980      0.181997      1.225156      1.760824      0.000000        -23.238423          6.415211     13.344800      3.988169     -0.772584      3.789753
      0.960784      0.146650      1.291329      1.801160      0.000000        -23.331792          6.336506     13.383175      3.989150     -0.772584      3.789753
      0.970588      0.110619      1.358992      1.841042      0.000000        -23.402291          6.254829     13.413217      3.989629     -0.772584      3.789753
      0.980392      0.074055      1.428134      1.880855      0.000000        -23.451113          6.170090     13.434781      3.989811     -0.772584      3.789753
      0.990196      0.037122      1.498768      1.921739      0.000000        -23.479444          6.082166     13.447764      3.989854     -0.772584      3.789753
      1.000000      0.000000      1.570796      1.944053      0.000000        -23.485944          6.040460     13.452099      3.989857     -0.772584      3.789753
