             t             r           psi            cs            qs                 p               sig             A             V            Q2             S
      0.000000      0.000000     -1.570796      0.625634      0.000000         -3.550529          2.837545     -0.000000      0.000000     -0.764540      3.354904
      0.009804      0.032889     -1.550137      0.637822      0.000000         -3.551988          2.805802      0.003399      0.000001     -0.764540      3.354904
      0.019608      0.065763     -1.528703      0.665519      0.000000         -3.559276          2.726574      0.013593      0.000009     -0.764540      3.354904
      0.029412      0.098607     -1.506338      0.694823      0.000000         -3.572194          2.649881      0.030578      0.000048     -0.764540      3.354904
      0.039216      0.131403     -1.482966      0.726838      0.000000         -3.591442          2.575648      0.054346      0.000154     -0.764540      3.354904
      0.049020      0.164129     -1.458489      0.762093      0.000000         -3.617821          2.503826      0.084885      0.000382     -0.764540      3.354904
      0.058824      0.196762     -1.432792      0.801121      0.000000         -3.652251          2.434394      0.122178      0.000806     -0.764540      3.354904
      0.068627      0.229276     -1.405742      0.844515      0.000000         -3.695796          2.367364      0.166203      0.001517     -0.764540      3.354904
      0.078431      0.261640     -1.377183      0.892942      0.000000         -3.749689          2.302785      0.216933      0.002633     -0.764540      3.354904
      0.088235      0.293817     -1.346938      0.947155      0.000000         -3.815347          2.240757      0.274332      0.004290     -0.764540      3.354904
      0.098039      0.325766     -1.314804      1.007988      0.000000         -3.894400          2.181432      0.338359      0.006652     -0.764540      3.354904
      0.107843      0.357438     -1.280548      1.076344      0.000000         -3.988710          2.125029      0.408960      0.009911     -0.764540      3.354904
      0.117647      0.388776     -1.243907      1.153167      0.000000         -4.100374          2.071849      0.486073      0.014287     -0.764540      3.354904
      0.127451      0.419713     -1.204587      1.239388      0.000000         -4.231723          2.022289      0.569622      0.020030     -0.764540      3.354904
      0.137255      0.450168     -1.162265      1.335827      0.000000         -4.385283          1.976864      0.659517      0.027422     -0.764540      3.354904
      0.147059      0.480047     -1.116595      1.443032      0.000000         -4.563681          1.936229      0.755648      0.036777     -0.764540      3.354904
      0.156863      0.509241     -1.067220      1.561051      0.000000         -4.769481          1.901206      0.857884      0.048435     -0.764540      3.354904
      0.166667      0.537617     -1.013795      1.689083      0.000000         -5.004886          1.872812      0.966072      0.062763     -0.764540      3.354904
      0.176471      0.565026     -0.956020      1.825036      0.000000         -5.271282          1.852282      1.080027      0.080139     -0.764540      3.354904
      0.186275      0.591294     -0.893694      1.965002      0.000000         -5.568569          1.841089      1.199532      0.100941     -0.764540      3.354904
      0.196078      0.616229     -0.826781      2.102742      0.000000         -5.894267          1.840944      1.324331      0.125520     -0.764540      3.354904
      0.205882      0.639622     -0.755492      2.229393      0.000000         -6.242474          1.853762      1.454127      0.154176     -0.764540      3.354904
      0.215686      0.661261     -0.680371      2.333681      0.000000         -6.602874          1.881578      1.588581      0.187117     -0.764540      3.354904
      0.225490      0.680940     -0.602360      2.402961      0.000000         -6.960199          1.926403      1.727307      0.224424     -0.764540      3.354904
      0.235294      0.698480     -0.522815      2.425224      0.000000         -7.294683          1.990008      1.869882      0.266024     -0.764540      3.354904
      0.245098      0.713753     -0.443436      2.391770      0.000000         -7.583972          2.073648      2.015849      0.311672     -0.764540      3.354904
      0.254902      0.726695     -0.366124      2.299714      0.000000         -7.806520          2.177793      2.164732      0.360966     -0.764540      3.354904
      0.264706      0.737321     -0.292754      2.153250      0.000000         -7.945772          2.301918      2.316049      0.413384     -0.764540      3.354904
      0.274510      0.745722     -0.224959      1.962999      0.000000         -7.993774          2.444436      2.469330      0.468334     -0.764540      3.354904
      0.284314      0.752057     -0.163943      1.743641      0.000000         -7.952875          2.602809      2.624131      0.525218     -0.764540      3.354904
      0.294118      0.756534     -0.110405      1.510835      0.000000         -7.834932          2.773815      2.780045      0.583478     -0.764540      3.354904
      0.303922      0.759386     -0.064550      1.278559      0.000000         -7.658494          2.953903      2.936712      0.642633     -0.764540      3.354904
      0.313725      0.760858     -0.026173      1.057545      0.000000         -7.445120          3.139544      3.093822      0.702289     -0.764540      3.354904
      0.323529      0.761184      0.005220      0.854865      0.000000         -7.216015          3.327515      3.251113      0.762141     -0.764540      3.354904
      0.333333      0.760583      0.030305      0.674311      0.000000         -6.989682          3.515075      3.408373      0.821963     -0.764540      3.354904
      0.343137      0.759252      0.049835      0.517158      0.000000         -6.780732          3.700042      3.565430      0.881593     -0.764540      3.354904
      0.352941      0.757359      0.064577      0.382967      0.000000         -6.599644          3.880792      3.722151      0.940918     -0.764540      3.354904
      0.362745      0.755051      0.075264      0.270269      0.000000         -6.453142          4.056199      3.878435      0.999866     -0.764540      3.354904
      0.372549      0.752450      0.082570      0.177076      0.000000         -6.344851          4.225561      4.034211      1.058391     -0.764540      3.354904
      0.382353      0.749656      0.087102      0.101218      0.000000         -6.276037          4.388513      4.189427      1.116470     -0.764540      3.354904
      0.392157      0.746752      0.089395      0.040551      0.000000         -6.246284          4.544944      4.344053      1.174090     -0.764540      3.354904
      0.401961      0.743802      0.089914     -0.006926      0.000000         -6.254051          4.694930      4.498074      1.231253     -0.764540      3.354904
      0.411765      0.740860      0.089064     -0.043020      0.000000         -6.297119          4.838677      4.651485      1.287966     -0.764540      3.354904
      0.421569      0.737962      0.087192     -0.069326      0.000000         -6.372909          4.976469      4.804292      1.344239     -0.764540      3.354904
      0.431373      0.735139      0.084596     -0.087235      0.000000         -6.478714          5.108644      4.956507      1.400089     -0.764540      3.354904
      0.441176      0.732409      0.081532     -0.097946      0.000000         -6.611853          5.235556      5.108148      1.455532     -0.764540      3.354904
      0.450980      0.729784      0.078220     -0.102487      0.000000         -6.769771          5.357568      5.259236      1.510585     -0.764540      3.354904
      0.460784      0.727270      0.074848     -0.101738      0.000000         -6.950099          5.475027      5.409793      1.565266     -0.764540      3.354904
      0.470588      0.724864      0.071577     -0.096445      0.000000         -7.150690          5.588261      5.559841      1.619592     -0.764540      3.354904
      0.480392      0.722563      0.068546     -0.087245      0.000000         -7.369630          5.697573      5.709403      1.673579     -0.764540      3.354904
      0.490196      0.720355      0.065875     -0.074674      0.000000         -7.605245          5.803230      5.858499      1.727240     -0.764540      3.354904
      0.500000      0.718227      0.063666     -0.059187      0.000000         -7.856095          5.905467      6.007148      1.780589     -0.764540      3.354904
      0.509804      0.716163      0.062009     -0.041162      0.000000         -8.120962          6.004481      6.155364      1.833633     -0.764540      3.354904
      0.519608      0.714144      0.060983     -0.020914      0.000000         -8.398838          6.100432      6.303158      1.886381     -0.764540      3.354904
      0.529412      0.712147      0.060655      0.001299      0.000000         -8.688914          6.193442      6.450538      1.938836     -0.764540      3.354904
      0.539216      0.710148      0.061087      0.025268      0.000000         -8.990561          6.283594      6.597505      1.990997     -0.764540      3.354904
      0.549020      0.708122      0.062335      0.050830      0.000000         -9.303311          6.370935      6.744056      2.042861     -0.764540      3.354904
      0.558824      0.706041      0.064447      0.077860      0.000000         -9.626845          6.455473      6.890184      2.094420     -0.764540      3.354904
      0.568627      0.703875      0.067472      0.106267      0.000000         -9.960969          6.537183      7.035873      2.145662     -0.764540      3.354904
      0.578431      0.701595      0.071452      0.135990      0.000000        -10.305595          6.616005      7.181104      2.196569     -0.764540      3.354904
      0.588235      0.699168      0.076431      0.166994      0.000000        -10.660716          6.691847      7.325849      2.247120     -0.764540      3.354904
      0.598039      0.696561      0.082451      0.199267      0.000000        -11.026381          6.764590      7.470074      2.297288     -0.764540      3.354904
      0.607843      0.693738      0.089554      0.232811      0.000000        -11.402669          6.834085      7.613739      2.347039     -0.764540      3.354904
      0.617647      0.690665      0.097780      0.267642      0.000000        -11.789656          6.900164      7.756795      2.396336     -0.764540      3.354904
      0.627451      0.687304      0.107174      0.303785      0.000000        -12.187383          6.962639      7.899187      2.445134     -0.764540      3.354904
      0.637255      0.683616      0.117779      0.341267      0.000000        -12.595824          7.021307      8.040851      2.493382     -0.764540      3.354904
      0.647059      0.679560      0.129638      0.380114      0.000000        -13.014846          7.075957      8.181716      2.541024     -0.764540      3.354904
      0.656863      0.675098      0.142799      0.420348      0.000000        -13.444181          7.126376      8.321701      2.587996     -0.764540      3.354904
      0.666667      0.670184      0.157305      0.461978      0.000000        -13.883387          7.172353      8.460718      2.634228     -0.764540      3.354904
      0.676471      0.664778      0.173204      0.505000      0.000000        -14.331822          7.213683      8.598670      2.679645     -0.764540      3.354904
      0.686275      0.658833      0.190540      0.549392      0.000000        -14.788619          7.250180      8.735449      2.724163     -0.764540      3.354904
      0.696078      0.652304      0.209359      0.595111      0.000000        -15.252670          7.281677      8.870941      2.767695     -0.764540      3.354904
      0.705882      0.645145      0.229702      0.642090      0.000000        -15.722616          7.308033      9.005018      2.810146     -0.764540      3.354904
      0.715686      0.637310      0.251610      0.690238      0.000000        -16.196852          7.329138      9.137547      2.851417     -0.764540      3.354904
      0.725490      0.628752      0.275119      0.739439      0.000000        -16.673539          7.344919      9.268384      2.891406     -0.764540      3.354904
      0.735294      0.619424      0.300262      0.789553      0.000000        -17.150633          7.355340      9.397372      2.930008     -0.764540      3.354904
      0.745098      0.609281      0.327066      0.840420      0.000000        -17.625914          7.360405      9.524350      2.967116     -0.764540      3.354904
      0.754902      0.598276      0.355553      0.891858      0.000000        -18.097042          7.360159      9.649143      3.002624     -0.764540      3.354904
      0.764706      0.586367      0.385739      0.943675      0.000000        -18.561601          7.354686      9.771569      3.036427     -0.764540      3.354904
      0.774510      0.573512      0.417632      0.995666      0.000000        -19.017165          7.344108      9.891437      3.068426     -0.764540      3.354904
      0.784314      0.559673      0.451236      1.047625      0.000000        -19.461354          7.328579     10.008547      3.098530     -0.764540      3.354904
      0.794118      0.544815      0.486545      1.099344      0.000000        -19.891896          7.308285     10.122693      3.126655     -0.764540      3.354904
      0.803922      0.528905      0.523549      1.150626      0.000000        -20.306678          7.283431     10.233659      3.152732     -0.764540      3.354904
      0.813725      0.511918      0.562229      1.201283      0.000000        -20.703794          7.254244     10.341227      3.176708     -0.764540      3.354904
      0.823529      0.493832      0.602563      1.251148      0.000000        -21.081583          7.220960     10.445171      3.198545     -0.764540      3.354904
      0.833333      0.474632      0.644522      1.300072      0.000000        -21.438654          7.183819     10.545263      3.218229     -0.764540      3.354904
      0.843137      0.454307      0.688074      1.347932      0.000000        -21.773899          7.143060     10.641270      3.235768     -0.764540      3.354904
      0.852941      0.432857      0.733180      1.394632      0.000000        -22.086502          7.098916     10.732961      3.251193     -0.764540      3.354904
      0.862745      0.410286      0.779802      1.440104      0.000000        -22.375923          7.051605     10.820103      3.264563     -0.764540      3.354904
      0.872549      0.386609      0.827900      1.484306      0.000000        -22.641891          7.001329     10.902466      3.275962     -0.764540      3.354904
      0.882353      0.361845      0.877430      1.527228      0.000000        -22.884377          6.948271     10.979822      3.285497     -0.764540      3.354904
      0.892157      0.336027      0.928351      1.568887      0.000000        -23.103567          6.892587     11.051952      3.293303     -0.764540      3.354904
      0.901961      0.309192      0.980621      1.609325      0.000000        -23.299832          6.834407     11.118640      3.299533     -0.764540      3.354904
      0.911765      0.281390      1.034203      1.648609      0.000000        -23.473692          6.773837     11.179682      3.304358     -0.764540      3.354904
      0.921569      0.252676      1.089059      1.686833      0.000000        -23.625792          6.710951     11.234882      3.307961     -0.764540      3.354904
      0.931373      0.223117      1.145157      1.724109      0.000000        -23.756862          6.645797     11.284060      3.310536     -0.764540      3.354904
      0.941176      0.192790      1.202467      1.760574      0.000000        -23.867697          6.578394     11.327049      3.312273     -0.764540      3.354904
      0.950980      0.161777      1.260964      1.796385      0.000000        -23.959129          6.508733     11.363697      3.313362     -0.764540      3.354904
      0.960784      0.130172      1.320632      1.831724      0.000000        -24.032004          6.436783     11.393874      3.313978     -0.764540      3.354904
      0.970588      0.098077      1.381457      1.866812      0.000000        -24.087174          6.362488     11.417467      3.314277     -0.764540      3.354904
      0.980392      0.065603      1.443436      1.901986      0.000000        -24.125481          6.285770     11.434386      3.314391     -0.764540      3.354904
      0.990196      0.032869      1.506587      1.938512      0.000000        -24.147766          6.206536     11.444564      3.314418     -0.764540      3.354904
      1.000000      0.000000      1.570796      1.955719      0.000000        -24.152316          6.174793     11.447962      3.314419     -0.764540      3.354904
