             t             r           psi            cs            qs                 p               sig             A             V            Q2             S
      0.000000      0.000000     -1.570796     -0.947421      0.000000        -97.427074         51.416973      0.000000      0.000000      0.098535      4.098124
      0.009804      0.040168     -1.532705     -0.949856      0.000000        -97.431964         51.336227      0.005071      0.000002      0.098535      4.098124
      0.019608      0.080277     -1.494456     -0.954153      0.000000        -97.452618         51.178097      0.020275      0.000031      0.098535      4.098124
      0.029412      0.120269     -1.456032     -0.958556      0.000000        -97.489374         51.023251      0.045592      0.000157      0.098535      4.098124
      0.039216      0.160084     -1.417428     -0.963182      0.000000        -97.544342         50.871131      0.080983      0.000495      0.098535      4.098124
      0.049020      0.199661     -1.378632     -0.968099      0.000000        -97.619989         50.721191      0.126396      0.001206      0.098535      4.098124
      0.058824      0.238940     -1.339631     -0.973377      0.000000        -97.719234         50.572906      0.181765      0.002492      0.098535      4.098124
      0.068627      0.277859     -1.300410     -0.979094      0.000000        -97.845554         50.425767      0.247004      0.004595      0.098535      4.098124
      0.078431      0.316355     -1.260948     -0.985341      0.000000        -98.003104         50.279290      0.322016      0.007797      0.098535      4.098124
      0.088235      0.354367     -1.221224     -0.992224      0.000000        -98.196868         50.133012      0.406687      0.012408      0.098535      4.098124
      0.098039      0.391829     -1.181208     -0.999869      0.000000        -98.432837         49.986503      0.500886      0.018772      0.098535      4.098124
      0.107843      0.428679     -1.140867     -1.008423      0.000000        -98.718237         49.839370      0.604465      0.027254      0.098535      4.098124
      0.117647      0.464850     -1.100161     -1.018063      0.000000        -99.061796         49.691270      0.717263      0.038239      0.098535      4.098124
      0.127451      0.500276     -1.059043     -1.029002      0.000000        -99.474090         49.541922      0.839099      0.052124      0.098535      4.098124
      0.137255      0.534888     -1.017454     -1.041494      0.000000        -99.967941         49.391135      0.969778      0.069314      0.098535      4.098124
      0.147059      0.568616     -0.975328     -1.055844      0.000000       -100.558909         49.238839      1.109083      0.090215      0.098535      4.098124
      0.156863      0.601388     -0.932582     -1.072420      0.000000       -101.265852         49.085138      1.256784      0.115227      0.098535      4.098124
      0.166667      0.633129     -0.889118     -1.091662      0.000000       -102.111537         48.930376      1.412630      0.144735      0.098535      4.098124
      0.176471      0.663758     -0.844818     -1.114090      0.000000       -103.123245         48.775247      1.576350      0.179106      0.098535      4.098124
      0.186275      0.693194     -0.799544     -1.140309      0.000000       -104.333203         48.620942      1.747653      0.218678      0.098535      4.098124
      0.196078      0.721345     -0.753129     -1.171001      0.000000       -105.778546         48.469367      1.926227      0.263752      0.098535      4.098124
      0.205882      0.748117     -0.705378     -1.206887      0.000000       -107.500185         48.323452      2.111735      0.314586      0.098535      4.098124
      0.215686      0.773405     -0.656070     -1.248634      0.000000       -109.539446         48.187589      2.303817      0.371381      0.098535      4.098124
      0.225490      0.797095     -0.604959     -1.296671      0.000000       -111.930495         48.068232      2.502083      0.434271      0.098535      4.098124
      0.235294      0.819062     -0.551793     -1.350830      0.000000       -114.685301         47.974681      2.706115      0.503311      0.098535      4.098124
      0.245098      0.839172     -0.496349     -1.409713      0.000000       -117.766544         47.920017      2.915461      0.578460      0.098535      4.098124
      0.254902      0.857280     -0.438498     -1.469730      0.000000       -121.043798         47.922020      3.129634      0.659558      0.098535      4.098124
      0.264706      0.873241     -0.378325     -1.523816      0.000000       -124.233083         48.003600      3.348111      0.746312      0.098535      4.098124
      0.274510      0.886919     -0.316285     -1.560331      0.000000       -126.836265         48.191843      3.570331      0.838268      0.098535      4.098124
      0.284314      0.898207     -0.253393     -1.563277      0.000000       -128.129144         48.514389      3.795704      0.934805      0.098535      4.098124
      0.294118      0.907060     -0.191348     -1.515581      0.000000       -127.278043         48.992244      4.023619      1.035148      0.098535      4.098124
      0.303922      0.913521     -0.132443     -1.405999      0.000000       -123.632830         49.630255      4.253466      1.138408      0.098535      4.098124
      0.313725      0.917741     -0.079177     -1.236607      0.000000       -117.093375         50.409884      4.484656      1.243674      0.098535      4.098124
      0.323529      0.919978     -0.033647     -1.024809      0.000000       -108.282527         51.290141      4.716655      1.350104      0.098535      4.098124
      0.333333      0.920563      0.002958     -0.796960      0.000000        -98.339422         52.218036      4.949002      1.457012      0.098535      4.098124
      0.343137      0.919862      0.030518     -0.578174      0.000000        -88.471480         53.142791      5.181327      1.563898      0.098535      4.098124
      0.352941      0.918223      0.049770     -0.385357      0.000000        -79.584189         54.026124      5.413350      1.670434      0.098535      4.098124
      0.362745      0.915959      0.061935     -0.226013      0.000000        -72.158504         54.845379      5.644875      1.776434      0.098535      4.098124
      0.372549      0.913326      0.068388     -0.100675      0.000000        -66.321278         55.591322      5.875776      1.881806      0.098535      4.098124
      0.382353      0.910527      0.070437     -0.006063      0.000000        -61.980621         56.263938      6.105988      1.986519      0.098535      4.098124
      0.392157      0.907714      0.069223      0.062548      0.000000        -58.943178         56.868486      6.335488      2.090585      0.098535      4.098124
      0.401961      0.905000      0.065694      0.109967      0.000000        -56.989101         57.412661      6.564290      2.194035      0.098535      4.098124
      0.411765      0.902460      0.060613      0.140485      0.000000        -55.910750         57.904838      6.792426      2.296913      0.098535      4.098124
      0.421569      0.900145      0.054584      0.157688      0.000000        -55.528285         58.353124      7.019949      2.399274      0.098535      4.098124
      0.431373      0.898082      0.048081      0.164473      0.000000        -55.692922         58.764909      7.246920      2.501173      0.098535      4.098124
      0.441176      0.896284      0.041476      0.163148      0.000000        -56.284620         59.146708      7.473402      2.602667      0.098535      4.098124
      0.450980      0.894748      0.035055      0.155538      0.000000        -57.207827         59.504144      7.699464      2.703811      0.098535      4.098124
      0.460784      0.893462      0.029042      0.143083      0.000000        -58.387039         59.841999      7.925170      2.804660      0.098535      4.098124
      0.470588      0.892407      0.023607      0.126925      0.000000        -59.762868         60.164295      8.150582      2.905261      0.098535      4.098124
      0.480392      0.891556      0.018881      0.107966      0.000000        -61.288867         60.474362      8.375753      3.005661      0.098535      4.098124
      0.490196      0.890879      0.014960      0.086916      0.000000        -62.929085         60.774905      8.600732      3.105898      0.098535      4.098124
      0.500000      0.890342      0.011917      0.064327      0.000000        -64.656271         61.068057      8.825558      3.206004      0.098535      4.098124
      0.509804      0.889909      0.009806      0.040613      0.000000        -66.450597         61.355413      9.050263      3.306005      0.098535      4.098124
      0.519608      0.889541      0.008665      0.016071      0.000000        -68.298795         61.638059      9.274868      3.405919      0.098535      4.098124
      0.529412      0.889199      0.008523     -0.009113      0.000000        -70.193574         61.916587      9.499384      3.505754      0.098535      4.098124
      0.539216      0.888842      0.009404     -0.034855      0.000000        -72.133210         62.191107      9.723812      3.605511      0.098535      4.098124
      0.549020      0.888429      0.011331     -0.061165      0.000000        -74.121199         62.461260      9.948144      3.705182      0.098535      4.098124
      0.558824      0.887918      0.014328     -0.088144      0.000000        -76.165868         62.726228     10.172361      3.804746      0.098535      4.098124
      0.568627      0.887263      0.018425     -0.115968      0.000000        -78.279832         62.984754     10.396431      3.904176      0.098535      4.098124
      0.578431      0.886422      0.023661     -0.144882      0.000000        -80.479201         63.235177     10.620313      4.003430      0.098535      4.098124
      0.588235      0.885346      0.030086     -0.175175      0.000000        -82.782482         63.475478     10.843955      4.102457      0.098535      4.098124
      0.598039      0.883988      0.037760     -0.207162      0.000000        -85.209103         63.703341     11.067290      4.201192      0.098535      4.098124
      0.607843      0.882295      0.046759     -0.241154      0.000000        -87.777600         63.916243     11.290241      4.299556      0.098535      4.098124
      0.617647      0.880213      0.057169     -0.277424      0.000000        -90.503506         64.111561     11.512717      4.397457      0.098535      4.098124
      0.627451      0.877684      0.069085     -0.316177      0.000000        -93.397122         64.286695     11.734613      4.494785      0.098535      4.098124
      0.637255      0.874645      0.082610     -0.357514      0.000000        -96.461358         64.439208     11.955806      4.591413      0.098535      4.098124
      0.647059      0.871031      0.097847     -0.401404      0.000000        -99.689960         64.566973     12.176162      4.687195      0.098535      4.098124
      0.656863      0.866771      0.114897     -0.447669      0.000000       -103.066396         64.668310     12.395524      4.781965      0.098535      4.098124
      0.666667      0.861794      0.133848     -0.495980      0.000000       -106.563679         64.742107     12.613723      4.875537      0.098535      4.098124
      0.676471      0.856022      0.154773     -0.545860      0.000000       -110.145276         64.787902     12.830567      4.967702      0.098535      4.098124
      0.686275      0.849380      0.177723     -0.596720      0.000000       -113.767110         64.805930     13.045845      5.058231      0.098535      4.098124
      0.696078      0.841791      0.202726     -0.647891      0.000000       -117.380438         64.797112     13.259329      5.146872      0.098535      4.098124
      0.705882      0.833177      0.229780     -0.698672      0.000000       -120.935256         64.762991     13.470768      5.233360      0.098535      4.098124
      0.715686      0.823465      0.258854     -0.748379      0.000000       -124.383765         64.705634     13.679897      5.317413      0.098535      4.098124
      0.725490      0.812585      0.289893     -0.796392      0.000000       -127.683430         64.627489     13.886427      5.398740      0.098535      4.098124
      0.735294      0.800475      0.322819     -0.842186      0.000000       -130.799278         64.531244     14.090057      5.477047      0.098535      4.098124
      0.745098      0.787076      0.357532     -0.885352      0.000000       -133.705241         64.419672     14.290469      5.552045      0.098535      4.098124
      0.754902      0.772338      0.393922     -0.925610      0.000000       -136.384521         64.295502     14.487330      5.623454      0.098535      4.098124
      0.764706      0.756222      0.431869     -0.962801      0.000000       -138.829116         64.161310     14.680297      5.691013      0.098535      4.098124
      0.774510      0.738695      0.471247     -0.996876      0.000000       -141.038745         64.019446     14.869018      5.754492      0.098535      4.098124
      0.784314      0.719735      0.511932     -1.027879      0.000000       -143.019414         63.871976     15.053134      5.813691      0.098535      4.098124
      0.794118      0.699329      0.553803     -1.055924      0.000000       -144.781867         63.720671     15.232282      5.868453      0.098535      4.098124
      0.803922      0.677475      0.596744     -1.081179      0.000000       -146.340100         63.566996     15.406095      5.918669      0.098535      4.098124
      0.813725      0.654177      0.640647     -1.103842      0.000000       -147.710051         63.412129     15.574209      5.964282      0.098535      4.098124
      0.823529      0.629452      0.685412     -1.124131      0.000000       -148.908526         63.256982     15.736261      6.005289      0.098535      4.098124
      0.833333      0.603322      0.730948     -1.142270      0.000000       -149.952375         63.102233     15.891893      6.041741      0.098535      4.098124
      0.843137      0.575820      0.777173     -1.158477      0.000000       -150.857899         62.948351     16.040755      6.073749      0.098535      4.098124
      0.852941      0.546986      0.824015     -1.172964      0.000000       -151.640455         62.795629     16.182505      6.101476      0.098535      4.098124
      0.862745      0.516866      0.871407     -1.185929      0.000000       -152.314225         62.644213     16.316813      6.125134      0.098535      4.098124
      0.872549      0.485514      0.919292     -1.197554      0.000000       -152.892097         62.494121     16.443361      6.144984      0.098535      4.098124
      0.882353      0.452991      0.967621     -1.208005      0.000000       -153.385646         62.345268     16.561845      6.161324      0.098535      4.098124
      0.892157      0.419361      1.016348     -1.217433      0.000000       -153.805163         62.197483     16.671977      6.174484      0.098535      4.098124
      0.901961      0.384698      1.065436     -1.225974      0.000000       -154.159731         62.050523     16.773488      6.184818      0.098535      4.098124
      0.911765      0.349077      1.114852     -1.233750      0.000000       -154.457315         61.904082     16.866126      6.192694      0.098535      4.098124
      0.921569      0.312579      1.164566     -1.240867      0.000000       -154.704867         61.757805     16.949659      6.198486      0.098535      4.098124
      0.931373      0.275290      1.214555     -1.247425      0.000000       -154.908429         61.611292     17.023876      6.202562      0.098535      4.098124
      0.941176      0.237299      1.264797     -1.253510      0.000000       -155.073240         61.464105     17.088590      6.205273      0.098535      4.098124
      0.950980      0.198699      1.315276     -1.259200      0.000000       -155.203828         61.315775     17.143635      6.206948      0.098535      4.098124
      0.960784      0.159585      1.365976     -1.264569      0.000000       -155.304102         61.165801     17.188868      6.207884      0.098535      4.098124
      0.970588      0.120056      1.416887     -1.269681      0.000000       -155.377436         61.013660     17.224172      6.208333      0.098535      4.098124
      0.980392      0.080214      1.467999     -1.274607      0.000000       -155.426749         60.858805     17.249456      6.208502      0.098535      4.098124
      0.990196      0.040160      1.519308     -1.279475      0.000000       -155.454592         60.700672     17.264653      6.208541      0.098535      4.098124
      1.000000      0.000000      1.570796     -1.282262      0.000000       -155.461206         60.619926     17.269723      6.208543      0.098535      4.098124
