             t             r           psi            cs            qs                 p               sig             A             V            Q2             S
      0.000000      0.000000     -1.570796     -0.758074      0.000000         -9.980281          6.582655      0.000000      0.000000      0.192569      4.038690
      0.009804      0.039589     -1.540666     -0.769268      0.000000         -9.983568          6.524259      0.004925      0.000001      0.192569      4.038690
      0.019608      0.079142     -1.509801     -0.789877      0.000000         -9.997632          6.408264      0.019695      0.000024      0.192569      4.038690
      0.029412      0.118618     -1.478100     -0.811631      0.000000        -10.022709          6.295747      0.044297      0.000121      0.192569      4.038690
      0.039216      0.157977     -1.445504     -0.835152      0.000000        -10.060302          6.186451      0.078706      0.000385      0.192569      4.038690
      0.049020      0.197172     -1.411936     -0.860830      0.000000        -10.112168          6.080156      0.122887      0.000947      0.192569      4.038690
      0.058824      0.236152     -1.377301     -0.889083      0.000000        -10.180377          5.976693      0.176794      0.001979      0.192569      4.038690
      0.068627      0.274865     -1.341489     -0.920393      0.000000        -10.267379          5.875951      0.240366      0.003693      0.192569      4.038690
      0.078431      0.313248     -1.304368     -0.955316      0.000000        -10.376072          5.777890      0.313530      0.006343      0.192569      4.038690
      0.088235      0.351237     -1.265781     -0.994499      0.000000        -10.509878          5.682556      0.396195      0.010226      0.192569      4.038690
      0.098039      0.388757     -1.225547     -1.038688      0.000000        -10.672829          5.590109      0.488254      0.015679      0.192569      4.038690
      0.107843      0.425725     -1.183450     -1.088726      0.000000        -10.869636          5.500846      0.589581      0.023084      0.192569      4.038690
      0.117647      0.462047     -1.139241     -1.145549      0.000000        -11.105751          5.415241      0.700027      0.032858      0.192569      4.038690
      0.127451      0.497617     -1.092632     -1.210157      0.000000        -11.387370          5.333999      0.819418      0.045457      0.192569      4.038690
      0.137255      0.532312     -1.043293     -1.283542      0.000000        -11.721326          5.258119      0.947551      0.061373      0.192569      4.038690
      0.147059      0.565992     -0.990861     -1.366558      0.000000        -12.114794          5.188980      1.084194      0.081117      0.192569      4.038690
      0.156863      0.598496     -0.934942     -1.459680      0.000000        -12.574642          5.128443      1.229072      0.105222      0.192569      4.038690
      0.166667      0.629640     -0.875139     -1.562614      0.000000        -13.106213          5.078978      1.381872      0.134212      0.192569      4.038690
      0.176471      0.659211     -0.811090     -1.673692      0.000000        -13.711252          5.043795      1.542229      0.168592      0.192569      4.038690
      0.186275      0.686972     -0.742541     -1.789042      0.000000        -14.384666          5.026958      1.709722      0.208803      0.192569      4.038690
      0.196078      0.712667     -0.669451     -1.901607      0.000000        -15.110008          5.033434      1.883871      0.255183      0.192569      4.038690
      0.205882      0.736024     -0.592134     -2.000346      0.000000        -15.854207          5.068984      2.064127      0.307914      0.192569      4.038690
      0.215686      0.756782     -0.511422     -2.070269      0.000000        -16.563341          5.139774      2.249876      0.366958      0.192569      4.038690
      0.225490      0.774716     -0.428797     -2.094206      0.000000        -17.162966          5.251597      2.440441      0.432019      0.192569      4.038690
      0.235294      0.789672     -0.346395     -2.056831      0.000000        -17.567268          5.408705      2.635100      0.502518      0.192569      4.038690
      0.245098      0.801607     -0.266836     -1.950128      0.000000        -17.698741          5.612459      2.833104      0.577633      0.192569      4.038690
      0.254902      0.810603     -0.192838     -1.777658      0.000000        -17.513173          5.860306      3.033708      0.656380      0.192569      4.038690
      0.264706      0.816873     -0.126733     -1.554733      0.000000        -17.017823          6.145626      3.236206      0.737738      0.192569      4.038690
      0.274510      0.820730     -0.070087     -1.303921      0.000000        -16.271720          6.458679      3.439956      0.820765      0.192569      4.038690
      0.284314      0.822550     -0.023535     -1.048427      0.000000        -15.367593          6.788338      3.644404      0.904676      0.192569      4.038690
      0.294118      0.822724      0.013125     -0.806824      0.000000        -14.405925          7.123909      3.849092      0.988874      0.192569      4.038690
      0.303922      0.821630      0.040699     -0.590878      0.000000        -13.473545          7.456463      4.053658      1.072944      0.192569      4.038690
      0.313725      0.819607      0.060329     -0.406001      0.000000        -12.632846          7.779432      4.257830      1.156613      0.192569      4.038690
      0.323529      0.816944      0.073272     -0.252975      0.000000        -11.920692          8.088601      4.461413      1.239722      0.192569      4.038690
      0.333333      0.813882      0.080756     -0.129804      0.000000        -11.352894          8.381743      4.664280      1.322187      0.192569      4.038690
      0.343137      0.810613      0.083901     -0.033151      0.000000        -10.930415          8.658129      4.866356      1.403976      0.192569      4.038690
      0.352941      0.807290      0.083682      0.040726      0.000000        -10.645067          8.918061      5.067609      1.485090      0.192569      4.038690
      0.362745      0.804027      0.080928      0.095456      0.000000        -10.483830          9.162491      5.268040      1.565555      0.192569      4.038690
      0.372549      0.800912      0.076332      0.134319      0.000000        -10.431771          9.392733      5.467677      1.645406      0.192569      4.038690
      0.382353      0.798005      0.070463      0.160158      0.000000        -10.473825          9.610275      5.666564      1.724691      0.192569      4.038690
      0.392157      0.795347      0.063789      0.175386      0.000000        -10.595778          9.816644      5.864758      1.803458      0.192569      4.038690
      0.401961      0.792963      0.056688      0.182029      0.000000        -10.784742         10.013328      6.062324      1.881763      0.192569      4.038690
      0.411765      0.790862      0.049465      0.181775      0.000000        -11.029311         10.201733      6.259332      1.959657      0.192569      4.038690
      0.421569      0.789046      0.042365      0.176032      0.000000        -11.319554         10.383152      6.455853      2.037194      0.192569      4.038690
      0.431373      0.787504      0.035582      0.165973      0.000000        -11.646921         10.558759      6.651957      2.114425      0.192569      4.038690
      0.441176      0.786222      0.029266      0.152576      0.000000        -12.004109         10.729600      6.847710      2.191398      0.192569      4.038690
      0.450980      0.785179      0.023533      0.136655      0.000000        -12.384932         10.896600      7.043174      2.268157      0.192569      4.038690
      0.460784      0.784350      0.018469      0.118887      0.000000        -12.784194         11.060559      7.238406      2.344744      0.192569      4.038690
      0.470588      0.783707      0.014135      0.099830      0.000000        -13.197587         11.222161      7.433455      2.421195      0.192569      4.038690
      0.480392      0.783221      0.010574      0.079939      0.000000        -13.621599         11.381975      7.628364      2.497540      0.192569      4.038690
      0.490196      0.782859      0.007811      0.059575      0.000000        -14.053451         11.540460      7.823169      2.573806      0.192569      4.038690
      0.500000      0.782591      0.005859      0.039018      0.000000        -14.491042         11.697966      8.017896      2.650013      0.192569      4.038690
      0.509804      0.782385      0.004721      0.018472      0.000000        -14.932913         11.854738      8.212564      2.726174      0.192569      4.038690
      0.519608      0.782207      0.004394     -0.001931      0.000000        -15.378219         12.010921      8.407186      2.802299      0.192569      4.038690
      0.529412      0.782026      0.004871     -0.022122      0.000000        -15.826705         12.166555      8.601763      2.878389      0.192569      4.038690
      0.539216      0.781811      0.006143     -0.042094      0.000000        -16.278690         12.321585      8.796292      2.954441      0.192569      4.038690
      0.549020      0.781529      0.008202     -0.061895      0.000000        -16.735042         12.475856      8.990760      3.030445      0.192569      4.038690
      0.558824      0.781151      0.011043     -0.081622      0.000000        -17.197158         12.629122      9.185146      3.106383      0.192569      4.038690
      0.568627      0.780644      0.014667     -0.101420      0.000000        -17.666925         12.781045      9.379423      3.182233      0.192569      4.038690
      0.578431      0.779979      0.019078     -0.121472      0.000000        -18.146678         12.931203      9.573554      3.257966      0.192569      4.038690
      0.588235      0.779123      0.024292     -0.141994      0.000000        -18.639141         13.079089      9.767497      3.333544      0.192569      4.038690
      0.598039      0.778045      0.030332     -0.163228      0.000000        -19.147349         13.224125      9.961201      3.408925      0.192569      4.038690
      0.607843      0.776710      0.037231     -0.185433      0.000000        -19.674558         13.365660     10.154604      3.484058      0.192569      4.038690
      0.617647      0.775085      0.045033     -0.208879      0.000000        -20.224128         13.502990     10.347641      3.558885      0.192569      4.038690
      0.627451      0.773133      0.053792     -0.233833      0.000000        -20.799393         13.635360     10.540233      3.633341      0.192569      4.038690
      0.637255      0.770814      0.063574     -0.260554      0.000000        -21.403506         13.761980     10.732294      3.707350      0.192569      4.038690
      0.647059      0.768087      0.074452     -0.289282      0.000000        -22.039273         13.882040     10.923729      3.780828      0.192569      4.038690
      0.656863      0.764908      0.086511     -0.320223      0.000000        -22.708976         13.994729     11.114431      3.853681      0.192569      4.038690
      0.666667      0.761228      0.099842     -0.353545      0.000000        -23.414188         14.099248     11.304280      3.925806      0.192569      4.038690
      0.676471      0.756997      0.114541     -0.389364      0.000000        -24.155594         14.194836     11.493146      3.997085      0.192569      4.038690
      0.686275      0.752159      0.130709     -0.427735      0.000000        -24.932840         14.280790     11.680885      4.067390      0.192569      4.038690
      0.696078      0.746656      0.148447     -0.468648      0.000000        -25.744397         14.356484     11.867339      4.136582      0.192569      4.038690
      0.705882      0.740425      0.167854     -0.512020      0.000000        -26.587486         14.421396     12.052335      4.204507      0.192569      4.038690
      0.715686      0.733403      0.189024     -0.557695      0.000000        -27.458057         14.475120     12.235683      4.270998      0.192569      4.038690
      0.725490      0.725523      0.212045     -0.605442      0.000000        -28.350835         14.517391     12.417180      4.335877      0.192569      4.038690
      0.735294      0.716714      0.236993     -0.654966      0.000000        -29.259450         14.548086     12.596601      4.398955      0.192569      4.038690
      0.745098      0.706907      0.263931     -0.705913      0.000000        -30.176632         14.567239     12.773709      4.460032      0.192569      4.038690
      0.754902      0.696032      0.292908     -0.757882      0.000000        -31.094474         14.575034     12.948245      4.518901      0.192569      4.038690
      0.764706      0.684019      0.323955     -0.810445      0.000000        -32.004742         14.571802     13.119936      4.575353      0.192569      4.038690
      0.774510      0.670802      0.357089     -0.863157      0.000000        -32.899204         14.558003     13.288490      4.629178      0.192569      4.038690
      0.784314      0.656318      0.392305     -0.915581      0.000000        -33.769962         14.534211     13.453599      4.680171      0.192569      4.038690
      0.794118      0.640508      0.429584     -0.967298      0.000000        -34.609751         14.501085     13.614941      4.728139      0.192569      4.038690
      0.803922      0.623320      0.468891     -1.017926      0.000000        -35.412186         14.459349     13.772179      4.772906      0.192569      4.038690
      0.813725      0.604709      0.510175     -1.067132      0.000000        -36.171943         14.409761     13.924965      4.814319      0.192569      4.038690
      0.823529      0.584638      0.553375     -1.114638      0.000000        -36.884869         14.353086     14.072940      4.852259      0.192569      4.038690
      0.833333      0.563082      0.598418     -1.160228      0.000000        -37.548008         14.290075     14.215738      4.886642      0.192569      4.038690
      0.843137      0.540024      0.645226     -1.203745      0.000000        -38.159572         14.221442     14.352986      4.917426      0.192569      4.038690
      0.852941      0.515459      0.693714     -1.245097      0.000000        -38.718849         14.147847     14.484310      4.944619      0.192569      4.038690
      0.862745      0.489395      0.743796     -1.284244      0.000000        -39.226074         14.069884     14.609336      4.968278      0.192569      4.038690
      0.872549      0.461849      0.795384     -1.321198      0.000000        -39.682282         13.988070     14.727693      4.988513      0.192569      4.038690
      0.882353      0.432855      0.848393     -1.356014      0.000000        -40.089142         13.902842     14.839016      5.005487      0.192569      4.038690
      0.892157      0.402456      0.902740     -1.388783      0.000000        -40.448803         13.814553     14.942951      5.019411      0.192569      4.038690
      0.901961      0.370710      0.958346     -1.419627      0.000000        -40.763744         13.723472     15.039153      5.030541      0.192569      4.038690
      0.911765      0.337685      1.015137     -1.448688      0.000000        -41.036648         13.629788     15.127297      5.039169      0.192569      4.038690
      0.921569      0.303463      1.073046     -1.476126      0.000000        -41.270288         13.533610     15.207074      5.045616      0.192569      4.038690
      0.931373      0.268137      1.132012     -1.502117      0.000000        -41.467440         13.434975     15.278198      5.050222      0.192569      4.038690
      0.941176      0.231811      1.191982     -1.526842      0.000000        -41.630812         13.333853     15.340407      5.053329      0.192569      4.038690
      0.950980      0.194601      1.252908     -1.550493      0.000000        -41.762995         13.230148     15.393466      5.055275      0.192569      4.038690
      0.960784      0.156632      1.314754     -1.573265      0.000000        -41.866428         13.123712     15.437171      5.056374      0.192569      4.038690
      0.970588      0.118039      1.377486     -1.595367      0.000000        -41.943377         13.014342     15.471349      5.056908      0.192569      4.038690
      0.980392      0.078967      1.441085     -1.617042      0.000000        -41.995937         12.901796     15.495863      5.057109      0.192569      4.038690
      0.990196      0.039567      1.505541     -1.638859      0.000000        -42.026048         12.785793     15.510613      5.057157      0.192569      4.038690
      1.000000     -0.000000      1.570796     -1.651288      0.000000        -42.033186         12.727397     15.515536      5.057160      0.192569      4.038690
