             t             r           psi            cs            qs                 p               sig             A             V            Q2             S
      0.000000      0.000000     -1.570796      0.822579      0.000000         -8.198866          4.983637     -0.000000      0.000000     -0.725670      2.686384
      0.009804      0.026335     -1.549115      0.827611      0.000000         -8.199706          4.967059      0.002179      0.000000     -0.725670      2.686384
      0.019608      0.052658     -1.527086      0.845000      0.000000         -8.205832          4.899509      0.008715      0.000005     -0.725670      2.686384
      0.029412      0.078954     -1.504606      0.862152      0.000000         -8.216507          4.833600      0.019605      0.000025     -0.725670      2.686384
      0.039216      0.105212     -1.481666      0.880041      0.000000         -8.232119          4.769278      0.034844      0.000081     -0.725670      2.686384
      0.049020      0.131414     -1.458242      0.898880      0.000000         -8.253092          4.706498      0.054423      0.000199     -0.725670      2.686384
      0.058824      0.157547     -1.434309      0.918811      0.000000         -8.279888          4.645221      0.078333      0.000415     -0.725670      2.686384
      0.068627      0.183593     -1.409834      0.939969      0.000000         -8.313017          4.585423      0.106561      0.000774     -0.725670      2.686384
      0.078431      0.209534     -1.384784      0.962496      0.000000         -8.353044          4.527089      0.139090      0.001328     -0.725670      2.686384
      0.088235      0.235352     -1.359122      0.986542      0.000000         -8.400592          4.470218      0.175902      0.002140     -0.725670      2.686384
      0.098039      0.261026     -1.332804      1.012270      0.000000         -8.456348          4.414825      0.216974      0.003279     -0.725670      2.686384
      0.107843      0.286534     -1.305785      1.039854      0.000000         -8.521070          4.360943      0.262282      0.004826     -0.725670      2.686384
      0.117647      0.311853     -1.278013      1.069480      0.000000         -8.595589          4.308622      0.311796      0.006869     -0.725670      2.686384
      0.127451      0.336958     -1.249432      1.101343      0.000000         -8.680811          4.257939      0.365482      0.009505     -0.725670      2.686384
      0.137255      0.361821     -1.219979      1.135647      0.000000         -8.777720          4.208995      0.423303      0.012840     -0.725670      2.686384
      0.147059      0.386414     -1.189589      1.172597      0.000000         -8.887376          4.161920      0.485216      0.016989     -0.725670      2.686384
      0.156863      0.410703     -1.158189      1.212397      0.000000         -9.010907          4.116880      0.551174      0.022075     -0.725670      2.686384
      0.166667      0.434655     -1.125700      1.255237      0.000000         -9.149496          4.074084      0.621124      0.028227     -0.725670      2.686384
      0.176471      0.458232     -1.092042      1.301281      0.000000         -9.304357          4.033781      0.695008      0.035582     -0.725670      2.686384
      0.186275      0.481393     -1.057127      1.350645      0.000000         -9.476703          3.996277      0.772759      0.044282     -0.725670      2.686384
      0.196078      0.504093     -1.020868      1.403377      0.000000         -9.667691          3.961938      0.854305      0.054475     -0.725670      2.686384
      0.205882      0.526284     -0.983176      1.459422      0.000000         -9.878346          3.931195      0.939566      0.066309     -0.725670      2.686384
      0.215686      0.547914     -0.943967      1.518574      0.000000        -10.109458          3.904556      1.028454      0.079934     -0.725670      2.686384
      0.225490      0.568925     -0.903163      1.580433      0.000000        -10.361443          3.882614      1.120871      0.095498     -0.725670      2.686384
      0.235294      0.589257     -0.860701      1.644336      0.000000        -10.634164          3.866048      1.216709      0.113142     -0.725670      2.686384
      0.245098      0.608846     -0.816539      1.709296      0.000000        -10.926713          3.855633      1.315851      0.132998     -0.725670      2.686384
      0.254902      0.627622     -0.770668      1.773928      0.000000        -11.237147          3.852235      1.418169      0.155182     -0.725670      2.686384
      0.264706      0.645515     -0.723118      1.836403      0.000000        -11.562210          3.856806      1.523522      0.179792     -0.725670      2.686384
      0.274510      0.662454     -0.673976      1.894412      0.000000        -11.897056          3.870364      1.631757      0.206899     -0.725670      2.686384
      0.284314      0.678366     -0.623394      1.945195      0.000000        -12.235031          3.893972      1.742712      0.236541     -0.725670      2.686384
      0.294118      0.693183     -0.571605      1.985635      0.000000        -12.567581          3.928685      1.856210      0.268720     -0.725670      2.686384
      0.303922      0.706842     -0.518922      2.012448      0.000000        -12.884378          3.975499      1.972065      0.303394     -0.725670      2.686384
      0.313725      0.719290     -0.465748      2.022469      0.000000        -13.173735          4.035273      2.090081      0.340478     -0.725670      2.686384
      0.323529      0.730486     -0.412562      2.013015      0.000000        -13.423379          4.108644      2.210053      0.379840     -0.725670      2.686384
      0.333333      0.740405     -0.359902      1.982277      0.000000        -13.621540          4.195945      2.331773      0.421307     -0.725670      2.686384
      0.343137      0.749038     -0.308339      1.929652      0.000000        -13.758264          4.297126      2.455028      0.464669     -0.725670      2.686384
      0.352941      0.756397     -0.258444      1.855950      0.000000        -13.826720          4.411704      2.579606      0.509690     -0.725670      2.686384
      0.362745      0.762513     -0.210745      1.763395      0.000000        -13.824254          4.538744      2.705298      0.556117     -0.725670      2.686384
      0.372549      0.767435     -0.165694      1.655420      0.000000        -13.752940          4.676890      2.831903      0.603691     -0.725670      2.686384
      0.382353      0.771225     -0.123645      1.536286      0.000000        -13.619488          4.824428      2.959227      0.652161     -0.725670      2.686384
      0.392157      0.773957     -0.084829      1.410615      0.000000        -13.434540          4.979388      3.087090      0.701289     -0.725670      2.686384
      0.401961      0.775716     -0.049359      1.282940      0.000000        -13.211507          5.139661      3.215324      0.750861     -0.725670      2.686384
      0.411765      0.776585     -0.017233      1.157329      0.000000        -12.965199          5.303116      3.343774      0.800684     -0.725670      2.686384
      0.421569      0.776652      0.011650      1.037156      0.000000        -12.710496          5.467710      3.472300      0.850594     -0.725670      2.686384
      0.431373      0.775999      0.037469      0.924996      0.000000        -12.461257          5.631561      3.600776      0.900451     -0.725670      2.686384
      0.441176      0.774704      0.060460      0.822630      0.000000        -12.229555          5.793013      3.729090      0.950137     -0.725670      2.686384
      0.450980      0.772838      0.080896      0.731131      0.000000        -12.025265          5.950654      3.857142      0.999556     -0.725670      2.686384
      0.460784      0.770467      0.099071      0.650987      0.000000        -11.855938          6.103329      3.984842      1.048628     -0.725670      2.686384
      0.470588      0.767646      0.115286      0.582229      0.000000        -11.726898          6.250126      4.112112      1.097287     -0.725670      2.686384
      0.480392      0.764423      0.129837      0.524561      0.000000        -11.641480          6.390355      4.238881      1.145479     -0.725670      2.686384
      0.490196      0.760838      0.143010      0.477463      0.000000        -11.601330          6.523517      4.365087      1.193157     -0.725670      2.686384
      0.500000      0.756925      0.155074      0.440281      0.000000        -11.606730          6.649279      4.490672      1.240281     -0.725670      2.686384
      0.509804      0.752710      0.166282      0.412288      0.000000        -11.656894          6.767442      4.615584      1.286818     -0.725670      2.686384
      0.519608      0.748212      0.176865      0.392733      0.000000        -11.750242          6.877914      4.739774      1.332735     -0.725670      2.686384
      0.529412      0.743446      0.187037      0.380871      0.000000        -11.884619          6.980687      4.863199      1.378003     -0.725670      2.686384
      0.539216      0.738420      0.196989      0.375987      0.000000        -12.057481          7.075820      4.985812      1.422594     -0.725670      2.686384
      0.549020      0.733137      0.206897      0.377404      0.000000        -12.266030          7.163417      5.107573      1.466480     -0.725670      2.686384
      0.558824      0.727598      0.216918      0.384491      0.000000        -12.507323          7.243621      5.228439      1.509632     -0.725670      2.686384
      0.568627      0.721799      0.227194      0.396662      0.000000        -12.778347          7.316597      5.348366      1.552022     -0.725670      2.686384
      0.578431      0.715731      0.237852      0.413381      0.000000        -13.076078          7.382529      5.467312      1.593621     -0.725670      2.686384
      0.588235      0.709384      0.249004      0.434153      0.000000        -13.397513          7.441615      5.585230      1.634396     -0.725670      2.686384
      0.598039      0.702745      0.260752      0.458523      0.000000        -13.739698          7.494057      5.702074      1.674315     -0.725670      2.686384
      0.607843      0.695799      0.273184      0.486075      0.000000        -14.099749          7.540067      5.817795      1.713345     -0.725670      2.686384
      0.617647      0.688527      0.286380      0.516424      0.000000        -14.474853          7.579855      5.932339      1.751447     -0.725670      2.686384
      0.627451      0.680913      0.300408      0.549214      0.000000        -14.862287          7.613639      6.045652      1.788586     -0.725670      2.686384
      0.637255      0.672934      0.315328      0.584117      0.000000        -15.259414          7.641634      6.157675      1.824722     -0.725670      2.686384
      0.647059      0.664570      0.331192      0.620826      0.000000        -15.663693          7.664059      6.268346      1.859814     -0.725670      2.686384
      0.656863      0.655798      0.348043      0.659057      0.000000        -16.072683          7.681133      6.377600      1.893821     -0.725670      2.686384
      0.666667      0.646597      0.365918      0.698543      0.000000        -16.484048          7.693075      6.485367      1.926701     -0.725670      2.686384
      0.676471      0.636943      0.384847      0.739037      0.000000        -16.895566          7.700107      6.591574      1.958412     -0.725670      2.686384
      0.686275      0.626815      0.404853      0.780306      0.000000        -17.305130          7.702450      6.696145      1.988912     -0.725670      2.686384
      0.696078      0.616189      0.425954      0.822134      0.000000        -17.710762          7.700325      6.798998      2.018160     -0.725670      2.686384
      0.705882      0.605043      0.448162      0.864321      0.000000        -18.110616          7.693952      6.900051      2.046116     -0.725670      2.686384
      0.715686      0.593357      0.471483      0.906681      0.000000        -18.502987          7.683550      6.999215      2.072744     -0.725670      2.686384
      0.725490      0.581112      0.495920      0.949043      0.000000        -18.886318          7.669337      7.096399      2.098010     -0.725670      2.686384
      0.735294      0.568287      0.521472      0.991250      0.000000        -19.259205          7.651525      7.191508      2.121885     -0.725670      2.686384
      0.745098      0.554866      0.548131      1.033162      0.000000        -19.620396          7.630325      7.284447      2.144342     -0.725670      2.686384
      0.754902      0.540834      0.575889      1.074653      0.000000        -19.968802          7.605940      7.375114      2.165363     -0.725670      2.686384
      0.764706      0.526177      0.604733      1.115611      0.000000        -20.303491          7.578567      7.463408      2.184935     -0.725670      2.686384
      0.774510      0.510883      0.634647      1.155941      0.000000        -20.623685          7.548397      7.549223      2.203053     -0.725670      2.686384
      0.784314      0.494944      0.665615      1.195561      0.000000        -20.928762          7.515610      7.632455      2.219718     -0.725670      2.686384
      0.794118      0.478353      0.697616      1.234406      0.000000        -21.218244          7.480376      7.712995      2.234942     -0.725670      2.686384
      0.803922      0.461105      0.730629      1.272423      0.000000        -21.491794          7.442857      7.790735      2.248746     -0.725670      2.686384
      0.813725      0.443201      0.764632      1.309573      0.000000        -21.749204          7.403199      7.865567      2.261157     -0.725670      2.686384
      0.823529      0.424642      0.799602      1.345833      0.000000        -21.990385          7.361540      7.937382      2.272217     -0.725670      2.686384
      0.833333      0.405432      0.835515      1.381191      0.000000        -22.215357          7.318003      8.006071      2.281973     -0.725670      2.686384
      0.843137      0.385580      0.872347      1.415646      0.000000        -22.424238          7.272697      8.071529      2.290484     -0.725670      2.686384
      0.852941      0.365096      0.910075      1.449211      0.000000        -22.617229          7.225718      8.133648      2.297817     -0.725670      2.686384
      0.862745      0.343996      0.948675      1.481907      0.000000        -22.794603          7.177150      8.192327      2.304047     -0.725670      2.686384
      0.872549      0.322297      0.988126      1.513768      0.000000        -22.956694          7.127061      8.247465      2.309257     -0.725670      2.686384
      0.882353      0.300021      1.028405      1.544834      0.000000        -23.103886          7.075506      8.298964      2.313536     -0.725670      2.686384
      0.892157      0.277192      1.069492      1.575158      0.000000        -23.236599          7.022527      8.346730      2.316978     -0.725670      2.686384
      0.901961      0.253838      1.111369      1.604797      0.000000        -23.355285          6.968152      8.390675      2.319679     -0.725670      2.686384
      0.911765      0.229991      1.154018      1.633818      0.000000        -23.460411          6.912398      8.430713      2.321739     -0.725670      2.686384
      0.921569      0.205685      1.197424      1.662295      0.000000        -23.552458          6.855267      8.466767      2.323255     -0.725670      2.686384
      0.931373      0.180959      1.241574      1.690309      0.000000        -23.631911          6.796751      8.498764      2.324324     -0.725670      2.686384
      0.941176      0.155854      1.286457      1.717950      0.000000        -23.699254          6.736832      8.526637      2.325037     -0.725670      2.686384
      0.950980      0.130415      1.332064      1.745317      0.000000        -23.754963          6.675480      8.550327      2.325479     -0.725670      2.686384
      0.960784      0.104690      1.378389      1.772525      0.000000        -23.799506          6.612656      8.569784      2.325726     -0.725670      2.686384
      0.970588      0.078730      1.425430      1.799728      0.000000        -23.833340          6.548314      8.584963      2.325846     -0.725670      2.686384
      0.980392      0.052590      1.473190      1.827230      0.000000        -23.856914          6.482397      8.595830      2.325891     -0.725670      2.686384
      0.990196      0.026327      1.521692      1.856715      0.000000        -23.870673          6.414844      8.602361      2.325901     -0.725670      2.686384
      1.000000      0.000000      1.570796      1.865550      0.000000        -23.872577          6.398266      8.604540      2.325902     -0.725670      2.686384
