             t             r           psi            cs            qs                 p               sig             A             V            Q2             S
      0.000000      0.000000     -1.570796      0.938934      0.000000       -303.951985        161.860223      0.000000      0.000000     -0.121550      9.879441
      0.009804      0.096724     -1.479732      0.942021      0.000000       -303.993326        161.508788      0.029452      0.000065     -0.121550      9.879441
      0.019608      0.192643     -1.388298      0.946079      0.000000       -304.143496        161.078790      0.117563      0.001030     -0.121550      9.879441
      0.029412      0.286952     -1.296440      0.950853      0.000000       -304.441846        160.654593      0.263600      0.005149     -0.121550      9.879441
      0.039216      0.378845     -1.204067      0.956801      0.000000       -304.952134        160.225449      0.466335      0.015987     -0.121550      9.879441
      0.049020      0.467519     -1.111034      0.964613      0.000000       -305.777220        159.779896      0.724056      0.038133     -0.121550      9.879441
      0.058824      0.552178     -1.017112      0.975403      0.000000       -307.088823        159.305132      1.034559      0.076824     -0.121550      9.879441
      0.068627      0.632025     -0.921928      0.991073      0.000000       -309.185672        158.786200      1.395160      0.137505     -0.121550      9.879441
      0.078431      0.706250     -0.824861      1.015069      0.000000       -312.613765        158.205174      1.802685      0.225358     -0.121550      9.879441
      0.088235      0.774005     -0.724818      1.054042      0.000000       -318.429525        157.541259      2.253457      0.344820     -0.121550      9.879441
      0.098039      0.834339     -0.619769      1.121626      0.000000       -328.800525        156.775990      2.743257      0.499130     -0.121550      9.879441
      0.107843      0.886068     -0.505719      1.246626      0.000000       -348.320477        155.922058      3.267226      0.689881     -0.121550      9.879441
      0.117647      0.927479     -0.374749      1.480408      0.000000       -385.385000        155.161175      3.819643      0.916480     -0.121550      9.879441
      0.127451      0.955877     -0.215950      1.782380      0.000000       -435.795218        155.405737      4.393468      1.174907     -0.121550      9.879441
      0.137255      0.968462     -0.050429      1.435083      0.000000       -391.777695        158.850120      4.979832      1.454681     -0.121550      9.879441
      0.147059      0.968287      0.036621      0.386641      0.000000       -233.367084        164.493543      5.569584      1.740345     -0.121550      9.879441
      0.156863      0.963980      0.044118     -0.128717      0.000000       -153.172338        168.758998      6.157578      2.024120     -0.121550      9.879441
      0.166667      0.960554      0.025251     -0.219378      0.000000       -140.940251        171.594714      6.743092      2.305605     -0.121550      9.879441
      0.176471      0.959075      0.006266     -0.160736      0.000000       -153.272293        173.794966      7.327115      2.585799     -0.121550      9.879441
      0.186275      0.959082     -0.004952     -0.071189      0.000000       -170.825991        175.844345      7.910729      2.865637     -0.121550      9.879441
      0.196078      0.959773     -0.008179     -0.000917      0.000000       -185.275264        177.984826      8.494594      3.145711     -0.121550      9.879441
      0.205882      0.960502     -0.006338      0.032688      0.000000       -193.602563        180.298539      9.078916      3.426222     -0.121550      9.879441
      0.215686      0.960950     -0.002881      0.034639      0.000000       -196.515506        182.759057      9.663605      3.707090     -0.121550      9.879441
      0.225490      0.961085     -0.000130      0.020973      0.000000       -196.680681        185.292001     10.248467      3.988128     -0.121550      9.879441
      0.235294      0.961024      0.001153      0.006133      0.000000       -196.601010        187.831334     10.833344      4.269180     -0.121550      9.879441
      0.245098      0.960900      0.001251     -0.002970      0.000000       -197.524251        190.344465     11.418159      4.550173     -0.121550      9.879441
      0.254902      0.960800      0.000783     -0.005801      0.000000       -199.576571        192.827902     12.002904      4.831097     -0.121550      9.879441
      0.264706      0.960750      0.000253     -0.004720      0.000000       -202.348880        195.292289     12.587602      5.111977     -0.121550      9.879441
      0.274510      0.960744     -0.000090     -0.002334      0.000000       -205.368639        197.750106     13.172284      5.392843     -0.121550      9.879441
      0.284314      0.960760     -0.000212     -0.000317      0.000000       -208.323229        200.209656     13.756971      5.673712     -0.121550      9.879441
      0.294118      0.960780     -0.000184      0.000730      0.000000       -211.095200        202.674053     14.341669      5.954592     -0.121550      9.879441
      0.303922      0.960794     -0.000098      0.000921      0.000000       -213.702624        205.142813     14.926378      6.235483     -0.121550      9.879441
      0.313725      0.960800     -0.000020      0.000647      0.000000       -216.218811        207.613991     15.511092      6.516379     -0.121550      9.879441
      0.323529      0.960799      0.000024      0.000268      0.000000       -218.713606        210.085735     16.095809      6.797277     -0.121550      9.879441
      0.333333      0.960796      0.000035     -0.000010      0.000000       -221.227794        212.556966     16.680523      7.078173     -0.121550      9.879441
      0.343137      0.960793      0.000027     -0.000135      0.000000       -223.772828        215.027380     17.265236      7.359067     -0.121550      9.879441
      0.352941      0.960791      0.000013     -0.000142      0.000000       -226.342162        217.497150     17.849947      7.639960     -0.121550      9.879441
      0.362745      0.960791      0.000001     -0.000091      0.000000       -228.923427        219.966603     18.434658      7.920853     -0.121550      9.879441
      0.372549      0.960791     -0.000005     -0.000032      0.000000       -231.506277        222.436015     19.019368      8.201745     -0.121550      9.879441
      0.382353      0.960791     -0.000006      0.000007      0.000000       -234.085237        224.905530     19.604079      8.482637     -0.121550      9.879441
      0.392157      0.960792     -0.000004      0.000023      0.000000       -236.659184        227.375178     20.188790      8.763530     -0.121550      9.879441
      0.401961      0.960792     -0.000002      0.000022      0.000000       -239.229461        229.844923     20.773501      9.044423     -0.121550      9.879441
      0.411765      0.960792     -0.000000      0.000013      0.000000       -241.798070        232.314712     21.358212      9.325316     -0.121550      9.879441
      0.421569      0.960792      0.000001      0.000004      0.000000       -244.366583        234.784504     21.942924      9.606209     -0.121550      9.879441
      0.431373      0.960792      0.000001     -0.000002      0.000000       -246.935786        237.254277     22.527635      9.887102     -0.121550      9.879441
      0.441176      0.960792      0.000001     -0.000004      0.000000       -249.505803        239.724029     23.112346     10.167995     -0.121550      9.879441
      0.450980      0.960792      0.000000     -0.000003      0.000000       -252.076398        242.193765     23.697057     10.448888     -0.121550      9.879441
      0.460784      0.960792     -0.000000     -0.000002      0.000000       -254.647248        244.663495     24.281769     10.729780     -0.121550      9.879441
      0.470588      0.960792     -0.000000     -0.000001      0.000000       -257.218105        247.133225     24.866480     11.010673     -0.121550      9.879441
      0.480392      0.960792     -0.000000      0.000000      0.000000       -259.788846        249.602957     25.451191     11.291566     -0.121550      9.879441
      0.490196      0.960792     -0.000000      0.000001      0.000000       -262.359454        252.072693     26.035902     11.572459     -0.121550      9.879441
      0.500000      0.960792     -0.000000      0.000001      0.000000       -264.929967        254.542432     26.620613     11.853352     -0.121550      9.879441
      0.509804      0.960792     -0.000000      0.000000      0.000000       -267.500437        257.012172     27.205325     12.134245     -0.121550      9.879441
      0.519608      0.960792      0.000000      0.000000      0.000000       -270.070905        259.481912     27.790036     12.415138     -0.121550      9.879441
      0.529412      0.960792      0.000000     -0.000000      0.000000       -272.641391        261.951651     28.374747     12.696031     -0.121550      9.879441
      0.539216      0.960792      0.000000     -0.000000      0.000000       -275.211899        264.421390     28.959458     12.976924     -0.121550      9.879441
      0.549020      0.960792      0.000000     -0.000000      0.000000       -277.782423        266.891128     29.544169     13.257816     -0.121550      9.879441
      0.558824      0.960792      0.000000     -0.000000      0.000000       -280.352956        269.360867     30.128881     13.538709     -0.121550      9.879441
      0.568627      0.960792     -0.000000     -0.000000      0.000000       -282.923490        271.830605     30.713592     13.819602     -0.121550      9.879441
      0.578431      0.960792     -0.000000      0.000000      0.000000       -285.494022        274.300343     31.298303     14.100495     -0.121550      9.879441
      0.588235      0.960792     -0.000000      0.000000      0.000000       -288.064552        276.770081     31.883014     14.381388     -0.121550      9.879441
      0.598039      0.960792      0.000000      0.000000      0.000000       -290.635082        279.239819     32.467725     14.662281     -0.121550      9.879441
      0.607843      0.960792      0.000000      0.000000      0.000000       -293.205617        281.709558     33.052437     14.943174     -0.121550      9.879441
      0.617647      0.960792      0.000000      0.000000      0.000000       -295.776163        284.179295     33.637148     15.224067     -0.121550      9.879441
      0.627451      0.960792      0.000000      0.000000      0.000000       -298.346734        286.649032     34.221859     15.504960     -0.121550      9.879441
      0.637255      0.960792      0.000000      0.000001      0.000000       -300.917351        289.118768     34.806570     15.785852     -0.121550      9.879441
      0.647059      0.960792      0.000000      0.000001      0.000000       -303.488061        291.588502     35.391281     16.066745     -0.121550      9.879441
      0.656863      0.960792      0.000000      0.000003      0.000000       -306.058949        294.058231     35.975992     16.347638     -0.121550      9.879441
      0.666667      0.960792      0.000001      0.000005      0.000000       -308.630188        296.527950     36.560704     16.628531     -0.121550      9.879441
      0.676471      0.960792      0.000001      0.000010      0.000000       -311.202111        298.997651     37.145415     16.909424     -0.121550      9.879441
      0.686275      0.960792      0.000003      0.000019      0.000000       -313.775366        301.467317     37.730126     17.190317     -0.121550      9.879441
      0.696078      0.960791      0.000005      0.000036      0.000000       -316.351214        303.936915     38.314837     17.471209     -0.121550      9.879441
      0.705882      0.960790      0.000010      0.000070      0.000000       -318.932093        306.406379     38.899547     17.752101     -0.121550      9.879441
      0.715686      0.960789      0.000020      0.000135      0.000000       -321.522724        308.875584     39.484257     18.032993     -0.121550      9.879441
      0.725490      0.960786      0.000038      0.000259      0.000000       -324.132217        311.344290     40.068966     18.313884     -0.121550      9.879441
      0.735294      0.960781      0.000074      0.000498      0.000000       -326.778118        313.812031     40.653672     18.594772     -0.121550      9.879441
      0.745098      0.960771      0.000142      0.000956      0.000000       -329.494138        316.277913     41.238374     18.875656     -0.121550      9.879441
      0.754902      0.960752      0.000272      0.001831      0.000000       -332.344846        318.740220     41.823067     19.156531     -0.121550      9.879441
      0.764706      0.960715      0.000522      0.003498      0.000000       -335.453354        321.195678     42.407744     19.437391     -0.121550      9.879441
      0.774510      0.960643      0.000997      0.006661      0.000000       -339.052788        323.638056     42.992389     19.718220     -0.121550      9.879441
      0.784314      0.960508      0.001901      0.012631      0.000000       -343.579426        326.055605     43.576973     19.998990     -0.121550      9.879441
      0.794118      0.960249      0.003610      0.023789      0.000000       -349.832751        328.426463     44.161440     20.279649     -0.121550      9.879441
      0.803922      0.959761      0.006809      0.044309      0.000000       -359.221991        330.710932     44.745689     20.560093     -0.121550      9.879441
      0.813725      0.958844      0.012711      0.080987      0.000000       -374.054083        332.840059     45.329522     20.840130     -0.121550      9.879441
      0.823529      0.957148      0.023327      0.143401      0.000000       -397.590308        334.703474     45.912584     21.119396     -0.121550      9.879441
      0.833333      0.954078      0.041645      0.241343      0.000000       -433.150529        336.149274     46.494232     21.397212     -0.121550      9.879441
      0.843137      0.948717      0.071324      0.377255      0.000000       -481.479279        337.021430     47.073372     21.672345     -0.121550      9.879441
      0.852941      0.939807      0.115522      0.537320      0.000000       -537.662665        337.245637     47.648239     21.942690     -0.121550      9.879441
      0.862745      0.925896      0.175296      0.693974      0.000000       -592.093220        336.903337     48.216237     22.204977     -0.121550      9.879441
      0.872549      0.905603      0.249047      0.823130      0.000000       -636.525942        336.199433     48.773891     22.454770     -0.121550      9.879441
      0.882353      0.877863      0.333587      0.916770      0.000000       -668.383074        335.347697     49.316973     22.686912     -0.121550      9.879441
      0.892157      0.842029      0.425642      0.979656      0.000000       -689.486523        334.491448     49.840732     22.896301     -0.121550      9.879441
      0.901961      0.797852      0.522652      1.020522      0.000000       -702.956106        333.698352     50.340149     23.078700     -0.121550      9.879441
      0.911765      0.745399      0.622870      1.046989      0.000000       -711.467717        332.987932     50.810152     23.231355     -0.121550      9.879441
      0.921569      0.684984      0.725177      1.064374      0.000000       -716.869447        332.356703     51.245790     23.353353     -0.121550      9.879441
      0.931373      0.617108      0.828872      1.076068      0.000000       -720.330500        331.792610     51.642362     23.445695     -0.121550      9.879441
      0.941176      0.542421      0.933512      1.084167      0.000000       -722.567734        331.281611     51.995517     23.511131     -0.121550      9.879441
      0.950980      0.461690      1.038817      1.089965      0.000000       -724.018887        330.810140     52.301340     23.553795     -0.121550      9.879441
      0.960784      0.375779      1.144606      1.094270      0.000000       -724.953700        330.365714     52.556410     23.578683     -0.121550      9.879441
      0.970588      0.285629      1.250762      1.097604      0.000000       -725.540870        329.936828     52.757857     23.591056     -0.121550      9.879441
      0.980392      0.192244      1.357208      1.100311      0.000000       -725.887643        329.512636     52.903405     23.595818     -0.121550      9.879441
      0.990196      0.096673      1.463896      1.102634      0.000000       -726.063329        329.082619     52.991401     23.596943     -0.121550      9.879441
      1.000000     -0.000000      1.570796      1.104416      0.000000       -726.111885        328.731181     53.020846     23.597019     -0.121550      9.879441
