             t             r           psi            cs            qs                 p               sig             A             V            Q2             S
      0.000000      0.000000     -1.570796     -0.958252      0.000000       -407.160835        212.449869      0.000000     -0.000000      0.038551      7.940933
      0.009804      0.077780     -1.496140     -0.960075      0.000000       -407.186848        212.183989      0.019032      0.000028      0.038551      7.940933
      0.019608      0.155126     -1.421302     -0.962517      0.000000       -407.280793        211.835389      0.076023      0.000440      0.038551      7.940933
      0.029412      0.231603     -1.346264     -0.965242      0.000000       -407.459998        211.493198      0.170654      0.002208      0.038551      7.940933
      0.039216      0.306778     -1.270998     -0.968404      0.000000       -407.751026        211.151939      0.302393      0.006894      0.038551      7.940933
      0.049020      0.380220     -1.195463     -0.972206      0.000000       -408.192162        210.805966      0.470498      0.016567      0.038551      7.940933
      0.058824      0.451502     -1.119597     -0.976933      0.000000       -408.839666        210.449311      0.674017      0.033690      0.038551      7.940933
      0.068627      0.520202     -1.043315     -0.983002      0.000000       -409.777954        210.075472      0.911791      0.060982      0.038551      7.940933
      0.078431      0.585904     -0.966489     -0.991038      0.000000       -411.136811        209.677163      1.182453      0.101261      0.038551      7.940933
      0.088235      0.648193     -0.888930     -1.002025      0.000000       -413.121448        209.246033      1.484437      0.157285      0.038551      7.940933
      0.098039      0.706654     -0.810352     -1.017557      0.000000       -416.066806        208.772471      1.815970      0.231578      0.038551      7.940933
      0.107843      0.760861     -0.730305     -1.040320      0.000000       -420.538825        208.245816      2.175077      0.326274      0.038551      7.940933
      0.117647      0.810368     -0.648063     -1.075007      0.000000       -427.527473        207.655993      2.559570      0.442963      0.038551      7.940933
      0.127451      0.854671     -0.562400     -1.130025      0.000000       -438.809318        206.999806      2.967029      0.582550      0.038551      7.940933
      0.137255      0.893165     -0.471209     -1.220157      0.000000       -457.528447        206.302424      3.394766      0.745119      0.038551      7.940933
      0.147059      0.925040     -0.370947     -1.366514      0.000000       -488.308010        205.688171      3.839753      0.929751      0.038551      7.940933
      0.156863      0.949166     -0.256977     -1.563423      0.000000       -530.915175        205.591185      4.298491      1.134187      0.038551      7.940933
      0.166667      0.964193     -0.131034     -1.609899      0.000000       -546.348241        207.095662      4.766854      1.354062      0.038551      7.940933
      0.176471      0.969867     -0.021620     -1.102324      0.000000       -450.281359        211.087309      5.240235      1.582395      0.038551      7.940933
      0.186275      0.968982      0.034818     -0.376410      0.000000       -303.977942        215.924797      5.714618      1.812375      0.038551      7.940933
      0.196078      0.965640      0.045713      0.038336      0.000000       -218.897427        219.740072      6.187821      2.041046      0.038551      7.940933
      0.205882      0.962393      0.035891      0.182183      0.000000       -190.468705        222.451835      6.659348      2.268112      0.038551      7.940933
      0.215686      0.960184      0.020719      0.193636      0.000000       -190.288299        224.500468      7.129523      2.493983      0.038551      7.940933
      0.225490      0.959122      0.007131      0.150290      0.000000       -201.866084        226.230240      7.598904      2.719161      0.038551      7.940933
      0.235294      0.958963     -0.002270      0.090532      0.000000       -216.978014        227.856453      8.068000      2.944087      0.038551      7.940933
      0.245098      0.959356     -0.007078      0.034805      0.000000       -231.237509        229.508111      8.537168      3.169080      0.038551      7.940933
      0.254902      0.959966     -0.008082     -0.006016      0.000000       -242.281161        231.253681      9.006593      3.394316      0.038551      7.940933
      0.264706      0.960550     -0.006631     -0.028147      0.000000       -249.244152        233.114074      9.476318      3.619840      0.038551      7.940933
      0.274510      0.960972     -0.004135     -0.033595      0.000000       -252.516907        235.074598      9.946292      3.845607      0.038551      7.940933
      0.284314      0.961196     -0.001689     -0.027962      0.000000       -253.302165        237.100834     10.416424      4.071528      0.038551      7.940933
      0.294118      0.961253      0.000097     -0.017585      0.000000       -253.001093        239.155343     10.886622      4.297514      0.038551      7.940933
      0.303922      0.961202      0.001055     -0.007344      0.000000       -252.716789        241.209418     11.356820      4.523499      0.038551      7.940933
      0.313725      0.961107      0.001313      0.000142      0.000000       -253.056025        243.247304     11.826979      4.749447      0.038551      7.940933
      0.323529      0.961010      0.001123      0.004207      0.000000       -254.183572        245.264611     12.297090      4.975348      0.038551      7.940933
      0.333333      0.960937      0.000734      0.005381      0.000000       -255.985192        247.264217     12.767159      5.201209      0.038551      7.940933
      0.343137      0.960896      0.000333      0.004682      0.000000       -258.228617        249.252168     13.237200      5.427044      0.038551      7.940933
      0.352941      0.960882      0.000027      0.003129      0.000000       -260.676497        251.234711     13.707228      5.652865      0.038551      7.940933
      0.362745      0.960888     -0.000152      0.001488      0.000000       -263.146808        253.216660     14.177254      5.878686      0.038551      7.940933
      0.372549      0.960903     -0.000215      0.000204      0.000000       -265.532240        255.200855     14.647286      6.104511      0.038551      7.940933
      0.382353      0.960919     -0.000197     -0.000564      0.000000       -267.793226        257.188343     15.117326      6.330345      0.038551      7.940933
      0.392157      0.960933     -0.000139     -0.000856      0.000000       -269.937902        259.178904     15.587373      6.556185      0.038551      7.940933
      0.401961      0.960941     -0.000073     -0.000811      0.000000       -271.999293        261.171664     16.057425      6.782030      0.038551      7.940933
      0.411765      0.960944     -0.000017     -0.000589      0.000000       -274.016369        263.165594     16.527480      7.007879      0.038551      7.940933
      0.421569      0.960944      0.000018     -0.000321      0.000000       -276.021925        265.159828     16.997536      7.233727      0.038551      7.940933
      0.431373      0.960942      0.000034     -0.000093      0.000000       -278.037286        267.153802     17.467591      7.459576      0.038551      7.940933
      0.441176      0.960939      0.000034      0.000058      0.000000       -280.072150        269.147263     17.937645      7.685423      0.038551      7.940933
      0.450980      0.960937      0.000027      0.000129      0.000000       -282.127333        271.140187     18.407698      7.911268      0.038551      7.940933
      0.460784      0.960935      0.000016      0.000139      0.000000       -284.198446        273.132690     18.877750      8.137113      0.038551      7.940933
      0.470588      0.960934      0.000006      0.000111      0.000000       -286.279211        275.124939     19.347801      8.362957      0.038551      7.940933
      0.480392      0.960934     -0.000001      0.000069      0.000000       -288.363774        277.117088     19.817852      8.588801      0.038551      7.940933
      0.490196      0.960934     -0.000005      0.000029      0.000000       -290.447902        279.109248     20.287903      8.814645      0.038551      7.940933
      0.500000      0.960935     -0.000006     -0.000000      0.000000       -292.529285        281.101480     20.757954      9.040490      0.038551      7.940933
      0.509804      0.960935     -0.000005     -0.000017      0.000000       -294.607244        283.093803     21.228005      9.266334      0.038551      7.940933
      0.519608      0.960936     -0.000003     -0.000023      0.000000       -296.682191        285.086206     21.698057      9.492179      0.038551      7.940933
      0.529412      0.960936     -0.000002     -0.000021      0.000000       -298.755066        287.078663     22.168109      9.718023      0.038551      7.940933
      0.539216      0.960936     -0.000000     -0.000015      0.000000       -300.826895        289.071147     22.638160      9.943868      0.038551      7.940933
      0.549020      0.960936      0.000001     -0.000009      0.000000       -302.898523        291.063637     23.108212     10.169713      0.038551      7.940933
      0.558824      0.960936      0.000001     -0.000003      0.000000       -304.970505        293.056118     23.578264     10.395558      0.038551      7.940933
      0.568627      0.960936      0.000001     -0.000000      0.000000       -307.043123        295.048582     24.048315     10.621402      0.038551      7.940933
      0.578431      0.960936      0.000001      0.000000      0.000000       -309.116464        297.041027     24.518367     10.847247      0.038551      7.940933
      0.588235      0.960935      0.000001     -0.000002      0.000000       -311.190538        299.033452     24.988419     11.073092      0.038551      7.940933
      0.598039      0.960935      0.000002     -0.000007      0.000000       -313.265391        301.025857     25.458470     11.298936      0.038551      7.940933
      0.607843      0.960935      0.000002     -0.000015      0.000000       -315.341227        303.018236     25.928522     11.524781      0.038551      7.940933
      0.617647      0.960935      0.000004     -0.000027      0.000000       -317.418546        305.010576     26.398573     11.750625      0.038551      7.940933
      0.627451      0.960935      0.000007     -0.000048      0.000000       -319.498332        307.002850     26.868624     11.976469      0.038551      7.940933
      0.637255      0.960934      0.000012     -0.000082      0.000000       -321.582349        308.995013     27.338675     12.202313      0.038551      7.940933
      0.647059      0.960933      0.000020     -0.000139      0.000000       -323.673641        310.986984     27.808726     12.428157      0.038551      7.940933
      0.656863      0.960931      0.000034     -0.000235      0.000000       -325.777387        312.978626     28.278775     12.654000      0.038551      7.940933
      0.666667      0.960927      0.000059     -0.000398      0.000000       -327.902355        314.969708     28.748824     12.879841      0.038551      7.940933
      0.676471      0.960921      0.000099     -0.000673      0.000000       -330.063358        316.959838     29.218870     13.105681      0.038551      7.940933
      0.686275      0.960911      0.000168     -0.001136      0.000000       -332.285402        318.948355     29.688912     13.331516      0.038551      7.940933
      0.696078      0.960894      0.000284     -0.001917      0.000000       -334.610607        320.934145     30.158948     13.557346      0.038551      7.940933
      0.705882      0.960864      0.000480     -0.003228      0.000000       -337.109723        322.915330     30.628972     13.783164      0.038551      7.940933
      0.715686      0.960815      0.000810     -0.005425      0.000000       -339.901048        324.888764     31.098978     14.008965      0.038551      7.940933
      0.725490      0.960733      0.001363     -0.009096      0.000000       -343.180991        326.849192     31.568952     14.234735      0.038551      7.940933
      0.735294      0.960594      0.002289     -0.015199      0.000000       -347.272007        328.787906     32.038873     14.460454      0.038551      7.940933
      0.745098      0.960360      0.003832     -0.025269      0.000000       -352.693869        330.690645     32.508706     14.686087      0.038551      7.940933
      0.754902      0.959971      0.006387     -0.041697      0.000000       -360.259334        332.534484     32.978389     14.911575      0.038551      7.940933
      0.764706      0.959324      0.010580     -0.068018      0.000000       -371.175567        334.283690     33.447823     15.136819      0.038551      7.940933
      0.774510      0.958257      0.017358     -0.109018      0.000000       -387.081772        335.885309     33.916847     15.361655      0.038551      7.940933
      0.784314      0.956519      0.028079     -0.170198      0.000000       -409.861709        337.267117     34.385197     15.585811      0.038551      7.940933
      0.794118      0.953738      0.044500     -0.255935      0.000000       -440.997857        338.343452     34.852460     15.808839      0.038551      7.940933
      0.803922      0.949395      0.068572     -0.366174      0.000000       -480.413696        339.035316     35.318005     16.030024      0.038551      7.940933
      0.813725      0.942829      0.101963     -0.493425      0.000000       -525.429893        339.303534     35.780911     16.248266      0.038551      7.940933
      0.823529      0.933288      0.145477     -0.623598      0.000000       -571.091831        339.176392     36.239909     16.461977      0.038551      7.940933
      0.833333      0.920015      0.198745     -0.741850      0.000000       -612.247276        338.746077     36.693356     16.669054      0.038551      7.940933
      0.843137      0.902348      0.260429     -0.838906      0.000000       -645.749908        338.132251     37.139261     16.866971      0.038551      7.940933
      0.852941      0.879784      0.328761     -0.912801      0.000000       -671.025220        337.441237     37.575343     17.052995      0.038551      7.940933
      0.862745      0.851997      0.402030     -0.966456      0.000000       -689.179302        336.745691     37.999119     17.224468      0.038551      7.940933
      0.872549      0.818832      0.478838     -1.004484      0.000000       -701.874739        336.085246     38.407991     17.379078      0.038551      7.940933
      0.882353      0.780272      0.558141     -1.031246      0.000000       -710.657721        335.476247     38.799319     17.515089      0.038551      7.940933
      0.892157      0.736419      0.639205     -1.050162      0.000000       -716.729017        334.921554     39.170484     17.631488      0.038551      7.940933
      0.901961      0.687463      0.721517     -1.063686      0.000000       -720.944788        334.417339     39.518941     17.728057      0.038551      7.940933
      0.911765      0.633672      0.804730     -1.073510      0.000000       -723.891231        333.957010     39.842255     17.805383      0.038551      7.940933
      0.921569      0.575374      0.888602     -1.080780      0.000000       -725.963157        333.533204     40.138140     17.864789      0.038551      7.940933
      0.931373      0.512950      0.972966     -1.086272      0.000000       -727.425705        333.138675     40.404482     17.908223      0.038551      7.940933
      0.941176      0.446823      1.057707     -1.090515      0.000000       -728.457748        332.766611     40.639366     17.938094      0.038551      7.940933
      0.950980      0.377454      1.142741     -1.093874      0.000000       -729.180998        332.410674     40.841090     17.957080      0.038551      7.940933
      0.960784      0.305336      1.228012     -1.096608      0.000000       -729.679129        332.064923     41.008189     17.967927      0.038551      7.940933
      0.970588      0.230985      1.313477     -1.098901      0.000000       -730.010288        331.723693     41.139442     17.973230      0.038551      7.940933
      0.980392      0.154940      1.399108     -1.100890      0.000000       -730.215308        331.381486     41.233890     17.975245      0.038551      7.940933
      0.990196      0.077757      1.484885     -1.102683      0.000000       -730.323194        331.032877     41.290838     17.975718      0.038551      7.940933
      1.000000      0.000000      1.570796     -1.104030      0.000000       -730.353140        330.766996     41.309867     17.975749      0.038551      7.940933
