             t             r           psi            cs            qs                 p               sig             A             V            Q2             S
      0.000000      0.000000     -1.570796     -0.977664      0.000000       -764.134714        390.796003      0.000000      0.000000      0.031377      3.372365
      0.009804      0.033057     -1.538471     -0.977929      0.000000       -764.137843        390.733653      0.003434      0.000001      0.031377      3.372365
      0.019608      0.066079     -1.506128     -0.978496      0.000000       -764.153281        390.578950      0.013732      0.000015      0.031377      3.372365
      0.029412      0.099032     -1.473768     -0.979060      0.000000       -764.180527        390.426515      0.030883      0.000074      0.031377      3.372365
      0.039216      0.131881     -1.441388     -0.979642      0.000000       -764.220881        390.275924      0.054870      0.000234      0.031377      3.372365
      0.049020      0.164592     -1.408989     -0.980247      0.000000       -764.275808        390.126750      0.085667      0.000569      0.031377      3.372365
      0.058824      0.197131     -1.376569     -0.980883      0.000000       -764.346990        389.978563      0.123242      0.001176      0.031377      3.372365
      0.068627      0.229462     -1.344128     -0.981555      0.000000       -764.436375        389.830932      0.167555      0.002169      0.031377      3.372365
      0.078431      0.261553     -1.311663     -0.982270      0.000000       -764.546228        389.683421      0.218561      0.003681      0.031377      3.372365
      0.088235      0.293368     -1.279175     -0.983036      0.000000       -764.679193        389.535585      0.276204      0.005863      0.031377      3.372365
      0.098039      0.324874     -1.246660     -0.983862      0.000000       -764.838363        389.386974      0.340426      0.008879      0.031377      3.372365
      0.107843      0.356038     -1.214116     -0.984758      0.000000       -765.027374        389.237124      0.411158      0.012907      0.031377      3.372365
      0.117647      0.386826     -1.181542     -0.985735      0.000000       -765.250508        389.085557      0.488325      0.018138      0.031377      3.372365
      0.127451      0.417205     -1.148934     -0.986808      0.000000       -765.512831        388.931779      0.571846      0.024772      0.031377      3.372365
      0.137255      0.447143     -1.116288     -0.987993      0.000000       -765.820360        388.775273      0.661632      0.033014      0.031377      3.372365
      0.147059      0.476606     -1.083601     -0.989309      0.000000       -766.180264        388.615497      0.757589      0.043077      0.031377      3.372365
      0.156863      0.505563     -1.050869     -0.990777      0.000000       -766.601132        388.451880      0.859615      0.055177      0.031377      3.372365
      0.166667      0.533982     -1.018085     -0.992426      0.000000       -767.093295        388.283811      0.967601      0.069528      0.031377      3.372365
      0.176471      0.561832     -0.985242     -0.994288      0.000000       -767.669246        388.110643      1.081432      0.086345      0.031377      3.372365
      0.186275      0.589081     -0.952335     -0.996402      0.000000       -768.344169        387.931676      1.200986      0.105837      0.031377      3.372365
      0.196078      0.615698     -0.919352     -0.998816      0.000000       -769.136628        387.746159      1.326136      0.128207      0.031377      3.372365
      0.205882      0.641654     -0.886284     -1.001588      0.000000       -770.069452        387.553277      1.456747      0.153649      0.031377      3.372365
      0.215686      0.666917     -0.853118     -1.004792      0.000000       -771.170890        387.352149      1.592679      0.182346      0.031377      3.372365
      0.225490      0.691458     -0.819837     -1.008517      0.000000       -772.476130        387.141820      1.733784      0.214467      0.031377      3.372365
      0.235294      0.715247     -0.786423     -1.012877      0.000000       -774.029307        386.921258      1.879910      0.250166      0.031377      3.372365
      0.245098      0.738253     -0.752852     -1.018013      0.000000       -775.886168        386.689357      2.030896      0.289579      0.031377      3.372365
      0.254902      0.760448     -0.719096     -1.024109      0.000000       -778.117642        386.444942      2.186579      0.332823      0.031377      3.372365
      0.264706      0.781800     -0.685120     -1.031395      0.000000       -780.814627        386.186798      2.346785      0.379993      0.031377      3.372365
      0.274510      0.802279     -0.650879     -1.040172      0.000000       -784.094432        385.913712      2.511336      0.431162      0.031377      3.372365
      0.284314      0.821853     -0.616318     -1.050829      0.000000       -788.109420        385.624566      2.680048      0.486378      0.031377      3.372365
      0.294118      0.840490     -0.581367     -1.063873      0.000000       -793.058490        385.318491      2.852730      0.545664      0.031377      3.372365
      0.303922      0.858155     -0.545936     -1.079969      0.000000       -799.202001        384.995149      3.029183      0.609013      0.031377      3.372365
      0.313725      0.874810     -0.509911     -1.099983      0.000000       -806.880189        384.655217      3.209201      0.676394      0.031377      3.372365
      0.323529      0.890416     -0.473145     -1.125033      0.000000       -816.533413        384.301221      3.392572      0.747743      0.031377      3.372365
      0.333333      0.904926     -0.435448     -1.156522      0.000000       -828.717554        383.938979      3.579071      0.822965      0.031377      3.372365
      0.343137      0.918290     -0.396580     -1.196109      0.000000       -844.095277        383.580077      3.768466      0.901934      0.031377      3.372365
      0.352941      0.930447     -0.356247     -1.245469      0.000000       -863.353884        383.246037      3.960513      0.984484      0.031377      3.372365
      0.362745      0.941326     -0.314105     -1.305555      0.000000       -886.935616        382.975118      4.154954      1.070410      0.031377      3.372365
      0.372549      0.950848     -0.269815     -1.374738      0.000000       -914.349708        382.832469      4.351516      1.159459      0.031377      3.372365
      0.382353      0.958921     -0.223185     -1.444935      0.000000       -942.720019        382.922382      4.549907      1.251318      0.031377      3.372365
      0.392157      0.965456     -0.174478     -1.495578      0.000000       -964.479475        383.394412      4.749817      1.345600      0.031377      3.372365
      0.401961      0.970386     -0.124909     -1.489783      0.000000       -965.770748        384.421124      4.950918      1.441842      0.031377      3.372365
      0.411765      0.973709     -0.077062     -1.385571      0.000000       -930.363300        386.119065      5.152876      1.539505      0.031377      3.372365
      0.421569      0.975533     -0.034540     -1.169846      0.000000       -852.345464        388.433507      5.355365      1.638034      0.031377      3.372365
      0.431373      0.976086     -0.000490     -0.884014      0.000000       -746.426950        391.103786      5.558096      1.736939      0.031377      3.372365
      0.441176      0.975672      0.023932     -0.598942      0.000000       -639.347960        393.788258      5.760837      1.835860      0.031377      3.372365
      0.450980      0.974599      0.039716     -0.367111      0.000000       -551.695403        396.229248      5.963418      1.934584      0.031377      3.372365
      0.460784      0.973119      0.048992     -0.205744      0.000000       -490.772448        398.310695      6.165730      2.032999      0.031377      3.372365
      0.470588      0.971408      0.054035     -0.109021      0.000000       -454.804586        400.020578      6.367708      2.131056      0.031377      3.372365
      0.480392      0.969573      0.056763     -0.063330      0.000000       -438.746069        401.395684      6.569316      2.228736      0.031377      3.372365
      0.490196      0.967665      0.058637     -0.055318      0.000000       -437.484719        402.485669      6.770536      2.326027      0.031377      3.372365
      0.500000      0.965695      0.060718     -0.074367      0.000000       -446.890205        403.336829      6.971352      2.422917      0.031377      3.372365
      0.509804      0.963642      0.063766     -0.112636      0.000000       -463.880867        403.987097      7.171751      2.519391      0.031377      3.372365
      0.519608      0.961465      0.068315     -0.164410      0.000000       -486.193733        404.465987      7.371712      2.615420      0.031377      3.372365
      0.529412      0.959108      0.074739     -0.225429      0.000000       -512.129630        404.796297      7.571203      2.710962      0.031377      3.372365
      0.539216      0.956504      0.083286     -0.292370      0.000000       -540.354093        404.996164      7.770180      2.805959      0.031377      3.372365
      0.549020      0.953582      0.094107     -0.362511      0.000000       -569.766096        405.080936      7.968584      2.900333      0.031377      3.372365
      0.558824      0.950265      0.107267     -0.433538      0.000000       -599.425997        405.064613      8.166341      2.993986      0.031377      3.372365
      0.568627      0.946477      0.122762     -0.503474      0.000000       -628.528193        404.960779      8.363362      3.086799      0.031377      3.372365
      0.578431      0.942143      0.140529     -0.570668      0.000000       -656.401862        404.783019      8.559541      3.178630      0.031377      3.372365
      0.588235      0.937192      0.160453     -0.633827      0.000000       -682.523183        404.544900      8.754756      3.269318      0.031377      3.372365
      0.598039      0.931558      0.182386     -0.692035      0.000000       -706.525128        404.259657      8.948873      3.358685      0.031377      3.372365
      0.607843      0.925180      0.206153     -0.744751      0.000000       -728.196201        403.939740      9.141743      3.446536      0.031377      3.372365
      0.617647      0.918006      0.231569     -0.791772      0.000000       -747.465805        403.596391      9.333206      3.532664      0.031377      3.372365
      0.627451      0.909990      0.258447     -0.833180      0.000000       -764.378977        403.239326      9.523092      3.616858      0.031377      3.372365
      0.637255      0.901094      0.286604     -0.869264      0.000000       -779.065823        402.876589      9.711222      3.698903      0.031377      3.372365
      0.647059      0.891288      0.315873     -0.900449      0.000000       -791.711060        402.514554      9.897411      3.778584      0.031377      3.372365
      0.656863      0.880546      0.346098     -0.927234      0.000000       -802.527554        402.158047     10.081465      3.855696      0.031377      3.372365
      0.666667      0.868851      0.377143     -0.950138      0.000000       -811.735788        401.810538     10.263189      3.930041      0.031377      3.372365
      0.676471      0.856191      0.408888     -0.969669      0.000000       -819.549547        401.474371     10.442383      4.001438      0.031377      3.372365
      0.686275      0.842559      0.441230     -0.986300      0.000000       -826.167057        401.150986     10.618847      4.069720      0.031377      3.372365
      0.696078      0.827952      0.474080     -1.000458      0.000000       -831.766392        400.841125     10.792378      4.134742      0.031377      3.372365
      0.705882      0.812373      0.507362     -1.012518      0.000000       -836.503897        400.545008     10.962773      4.196382      0.031377      3.372365
      0.715686      0.795826      0.541013     -1.022805      0.000000       -840.514573        400.262480     11.129831      4.254540      0.031377      3.372365
      0.725490      0.778322      0.574979     -1.031598      0.000000       -843.913580        399.993123     11.293352      4.309140      0.031377      3.372365
      0.735294      0.759871      0.609214     -1.039132      0.000000       -846.798312        399.736347     11.453138      4.360137      0.031377      3.372365
      0.745098      0.740489      0.643679     -1.045607      0.000000       -849.250643        399.491453     11.608994      4.407507      0.031377      3.372365
      0.754902      0.720193      0.678344     -1.051188      0.000000       -851.339125        399.257681     11.760729      4.451256      0.031377      3.372365
      0.764706      0.699002      0.713181     -1.056016      0.000000       -853.121021        399.034247     11.908154      4.491416      0.031377      3.372365
      0.774510      0.676939      0.748166     -1.060206      0.000000       -854.644107        398.820364     12.051086      4.528043      0.031377      3.372365
      0.784314      0.654026      0.783281     -1.063858      0.000000       -855.948236        398.615259     12.189346      4.561219      0.031377      3.372365
      0.794118      0.630289      0.818508     -1.067051      0.000000       -857.066673        398.418183     12.322760      4.591048      0.031377      3.372365
      0.803922      0.605756      0.853835     -1.069855      0.000000       -858.027207        398.228413     12.451160      4.617656      0.031377      3.372365
      0.813725      0.580454      0.889249     -1.072327      0.000000       -858.853096        398.045262     12.574383      4.641188      0.031377      3.372365
      0.823529      0.554414      0.924739     -1.074515      0.000000       -859.563838        397.868074     12.692273      4.661808      0.031377      3.372365
      0.833333      0.527666      0.960298     -1.076460      0.000000       -860.175811        397.696224     12.804679      4.679692      0.031377      3.372365
      0.843137      0.500245      0.995918     -1.078197      0.000000       -860.702807        397.529117     12.911458      4.695032      0.031377      3.372365
      0.852941      0.472182      1.031592     -1.079755      0.000000       -861.156468        397.366187     13.012473      4.708026      0.031377      3.372365
      0.862745      0.443513      1.067315     -1.081158      0.000000       -861.546639        397.206891     13.107595      4.718883      0.031377      3.372365
      0.872549      0.414275      1.103082     -1.082428      0.000000       -861.881672        397.050711     13.196702      4.727812      0.031377      3.372365
      0.882353      0.384503      1.138889     -1.083583      0.000000       -862.168667        396.897144     13.279679      4.735027      0.031377      3.372365
      0.892157      0.354235      1.174732     -1.084639      0.000000       -862.413673        396.745708     13.356419      4.740738      0.031377      3.372365
      0.901961      0.323510      1.210609     -1.085610      0.000000       -862.621857        396.595932     13.426823      4.745151      0.031377      3.372365
      0.911765      0.292367      1.246517     -1.086508      0.000000       -862.797641        396.447358     13.490800      4.748466      0.031377      3.372365
      0.921569      0.260845      1.282454     -1.087342      0.000000       -862.944819        396.299538     13.548267      4.750870      0.031377      3.372365
      0.931373      0.228985      1.318417     -1.088123      0.000000       -863.066653        396.152028     13.599151      4.752542      0.031377      3.372365
      0.941176      0.196829      1.354405     -1.088858      0.000000       -863.165952        396.004393     13.643384      4.753642      0.031377      3.372365
      0.950980      0.164416      1.390417     -1.089554      0.000000       -863.245141        395.856201     13.680910      4.754315      0.031377      3.372365
      0.960784      0.131791      1.426451     -1.090219      0.000000       -863.306321        395.707022     13.711680      4.754688      0.031377      3.372365
      0.970588      0.098993      1.462507     -1.090859      0.000000       -863.351316        395.556428     13.735654      4.754866      0.031377      3.372365
      0.980392      0.066067      1.498584     -1.091480      0.000000       -863.381723        395.403992     13.752801      4.754932      0.031377      3.372365
      0.990196      0.033055      1.534681     -1.092105      0.000000       -863.398963        395.249289     13.763097      4.754947      0.031377      3.372365
      1.000000     -0.000000      1.570796     -1.092398      0.000000       -863.402459        395.186938     13.766531      4.754948      0.031377      3.372365
