             t             r           psi            cs            qs                 p               sig             A             V            Q2             S
      0.000000     -0.000000     -1.570796      0.946109      0.000000       -336.171566        177.660014      0.000000      0.000000     -0.121463      9.266293
      0.009804      0.090734     -1.484751      0.948727      0.000000       -336.207739        177.335481      0.025912      0.000051     -0.121463      9.266293
      0.019608      0.180795     -1.398409      0.952177      0.000000       -336.338630        176.931183      0.103454      0.000804     -0.121463      9.266293
      0.029412      0.269508     -1.311732      0.956163      0.000000       -336.595202        176.533140      0.232052      0.004023     -0.121463      9.266293
      0.039216      0.356200     -1.224656      0.961012      0.000000       -337.026474        176.132549      0.410741      0.012515     -0.121463      9.266293
      0.049020      0.440202     -1.137083      0.967195      0.000000       -337.708646        175.720139      0.638179      0.029925     -0.121463      9.266293
      0.058824      0.520849     -1.048862      0.975435      0.000000       -338.763581        175.285760      0.912639      0.060470     -0.121463      9.266293
      0.068627      0.597483     -0.959758      0.986903      0.000000       -340.392795        174.817836      1.232019      0.108627     -0.121463      9.266293
      0.078431      0.669443     -0.869393      1.003593      0.000000       -342.943040        174.302748      1.593840      0.178789     -0.121463      9.266293
      0.088235      0.736056     -0.777149      1.029079      0.000000       -347.039146        173.724471      1.995242      0.274907     -0.121463      9.266293
      0.098039      0.796606     -0.681953      1.070123      0.000000       -353.865317        173.065766      2.432971      0.400151     -0.121463      9.266293
      0.107843      0.850283     -0.581853      1.140124      0.000000       -365.770840        172.316039      2.903344      0.556588     -0.121463      9.266293
      0.117647      0.896064     -0.473143      1.265580      0.000000       -387.428159        171.506618      3.402159      0.744866     -0.121463      9.266293
      0.127451      0.932480     -0.348987      1.485949      0.000000       -426.070459        170.857899      3.924518      0.963776     -0.121463      9.266293
      0.137255      0.957327     -0.201695      1.733227      0.000000       -472.168412        171.284898      4.464484      1.209255     -0.121463      9.266293
      0.147059      0.968579     -0.051827      1.400682      0.000000       -424.735641        174.663498      5.014789      1.472241     -0.121463      9.266293
      0.156863      0.968800      0.032316      0.458402      0.000000       -268.335548        180.082720      5.568082      1.740321     -0.121463      9.266293
      0.166667      0.964895      0.045666     -0.074319      0.000000       -177.187932        184.381884      6.120014      2.006916     -0.121463      9.266293
      0.176471      0.961330      0.030840     -0.209660      0.000000       -155.458779        187.283915      6.669696      2.271380     -0.121463      9.266293
      0.186275      0.959389      0.012338     -0.182956      0.000000       -162.807695        189.466504      7.217791      2.534462     -0.121463      9.266293
      0.196078      0.958925     -0.000981     -0.107484      0.000000       -179.024076        191.397995      7.765222      2.796965     -0.121463      9.266293
      0.205882      0.959351     -0.007267     -0.033716      0.000000       -195.004573        193.336524      8.312673      3.059490     -0.121463      9.266293
      0.215686      0.960072     -0.007871      0.015405      0.000000       -206.534630        195.404226      8.860476      3.322347     -0.121463      9.266293
      0.225490      0.960688     -0.005384      0.034720      0.000000       -212.570503        197.624886      9.408674      3.585585     -0.121463      9.266293
      0.235294      0.961032     -0.002244      0.031700      0.000000       -214.404341        199.958230      9.957149      3.849093     -0.121463      9.266293
      0.245098      0.961121      0.000077      0.018713      0.000000       -214.313398        202.342050     10.505744      4.112719     -0.121463      9.266293
      0.254902      0.961056      0.001162      0.005743      0.000000       -214.198087        204.726506     11.054340      4.376346     -0.121463      9.266293
      0.264706      0.960940      0.001268     -0.002484      0.000000       -214.990378        207.087277     11.602881      4.639919     -0.121463      9.266293
      0.274510      0.960841      0.000870     -0.005530      0.000000       -216.798085        209.421381     12.151357      4.903431     -0.121463      9.266293
      0.284314      0.960785      0.000370     -0.005052      0.000000       -219.309464        211.736892     12.699789      5.166900     -0.121463      9.266293
      0.294118      0.960770     -0.000003     -0.003058      0.000000       -222.129635        214.044216     13.248202      5.430351     -0.121463      9.266293
      0.303922      0.960779     -0.000185     -0.001027      0.000000       -224.960799        216.351247     13.796613      5.693800     -0.121463      9.266293
      0.313725      0.960798     -0.000211      0.000319      0.000000       -227.653385        218.661957     14.345034      5.957258     -0.121463      9.266293
      0.323529      0.960815     -0.000151      0.000869      0.000000       -230.181164        220.977036     14.893465      6.220726     -0.121463      9.266293
      0.333333      0.960825     -0.000070      0.000842      0.000000       -232.587586        223.295329     15.441903      6.484202     -0.121463      9.266293
      0.343137      0.960829     -0.000006      0.000543      0.000000       -234.935620        225.615168     15.990346      6.747681     -0.121463      9.266293
      0.352941      0.960827      0.000027      0.000212      0.000000       -237.276348        227.935201     16.538789      7.011161     -0.121463      9.266293
      0.362745      0.960824      0.000035     -0.000023      0.000000       -239.637603        230.254690     17.087230      7.274639     -0.121463      9.266293
      0.372549      0.960821      0.000027     -0.000131      0.000000       -242.026330        232.573452     17.635670      7.538116     -0.121463      9.266293
      0.382353      0.960820      0.000014     -0.000142      0.000000       -244.436815        234.891638     18.184109      7.801592     -0.121463      9.266293
      0.392157      0.960819      0.000003     -0.000100      0.000000       -246.858978        237.209515     18.732546      8.065066     -0.121463      9.266293
      0.401961      0.960819     -0.000004     -0.000046      0.000000       -249.283912        239.527318     19.280984      8.328541     -0.121463      9.266293
      0.411765      0.960819     -0.000006     -0.000004      0.000000       -251.706232        241.845191     19.829422      8.592016     -0.121463      9.266293
      0.421569      0.960820     -0.000005      0.000018      0.000000       -254.124081        244.163182     20.377860      8.855491     -0.121463      9.266293
      0.431373      0.960820     -0.000003      0.000024      0.000000       -256.537975        246.481278     20.926298      9.118966     -0.121463      9.266293
      0.441176      0.960820     -0.000001      0.000019      0.000000       -258.949456        248.799437     21.474736      9.382441     -0.121463      9.266293
      0.450980      0.960820      0.000000      0.000010      0.000000       -261.360080        251.117620     22.023175      9.645917     -0.121463      9.266293
      0.460784      0.960820      0.000001      0.000003      0.000000       -263.770915        253.435796     22.571613      9.909392     -0.121463      9.266293
      0.470588      0.960820      0.000001     -0.000002      0.000000       -266.182435        255.753955     23.120052     10.172867     -0.121463      9.266293
      0.480392      0.960820      0.000001     -0.000004      0.000000       -268.594666        258.072095     23.668490     10.436343     -0.121463      9.266293
      0.490196      0.960820      0.000000     -0.000003      0.000000       -271.007397        260.390221     24.216928     10.699818     -0.121463      9.266293
      0.500000      0.960820      0.000000     -0.000002      0.000000       -273.420363        262.708342     24.765367     10.963293     -0.121463      9.266293
      0.509804      0.960820     -0.000000     -0.000001      0.000000       -275.833353        265.026461     25.313805     11.226769     -0.121463      9.266293
      0.519608      0.960820     -0.000000      0.000000      0.000000       -278.246253        267.344583     25.862243     11.490244     -0.121463      9.266293
      0.529412      0.960820     -0.000000      0.000001      0.000000       -280.659031        269.662709     26.410682     11.753719     -0.121463      9.266293
      0.539216      0.960820     -0.000000      0.000001      0.000000       -283.071708        271.980836     26.959120     12.017195     -0.121463      9.266293
      0.549020      0.960820     -0.000000      0.000000      0.000000       -285.484327        274.298966     27.507558     12.280670     -0.121463      9.266293
      0.558824      0.960820      0.000000      0.000000      0.000000       -287.896929        276.617096     28.055997     12.544145     -0.121463      9.266293
      0.568627      0.960820      0.000000      0.000000      0.000000       -290.309540        278.935226     28.604435     12.807620     -0.121463      9.266293
      0.578431      0.960820      0.000000      0.000000      0.000000       -292.722174        281.253355     29.152873     13.071096     -0.121463      9.266293
      0.588235      0.960820      0.000000      0.000000      0.000000       -295.134836        283.571483     29.701312     13.334571     -0.121463      9.266293
      0.598039      0.960820      0.000000      0.000000      0.000000       -297.547527        285.889611     30.249750     13.598046     -0.121463      9.266293
      0.607843      0.960820      0.000000      0.000000      0.000000       -299.960255        288.207737     30.798188     13.861522     -0.121463      9.266293
      0.617647      0.960820      0.000000      0.000001      0.000000       -302.373040        290.525862     31.346627     14.124997     -0.121463      9.266293
      0.627451      0.960820      0.000000      0.000002      0.000000       -304.785929        292.843985     31.895065     14.388472     -0.121463      9.266293
      0.637255      0.960820      0.000000      0.000003      0.000000       -307.199014        295.162102     32.443503     14.651947     -0.121463      9.266293
      0.647059      0.960820      0.000001      0.000006      0.000000       -309.612469        297.480209     32.991942     14.915423     -0.121463      9.266293
      0.656863      0.960820      0.000002      0.000011      0.000000       -312.026622        299.798298     33.540380     15.178898     -0.121463      9.266293
      0.666667      0.960820      0.000003      0.000020      0.000000       -314.442081        302.116353     34.088818     15.442373     -0.121463      9.266293
      0.676471      0.960819      0.000005      0.000037      0.000000       -316.859980        304.434342     34.637256     15.705848     -0.121463      9.266293
      0.686275      0.960819      0.000010      0.000069      0.000000       -319.282426        306.752212     35.185694     15.969323     -0.121463      9.266293
      0.696078      0.960817      0.000019      0.000128      0.000000       -321.713330        309.069857     35.734131     16.232797     -0.121463      9.266293
      0.705882      0.960815      0.000035      0.000236      0.000000       -324.159941        311.387086     36.282567     16.496270     -0.121463      9.266293
      0.715686      0.960811      0.000064      0.000436      0.000000       -326.635670        313.703545     36.831002     16.759742     -0.121463      9.266293
      0.725490      0.960803      0.000119      0.000805      0.000000       -329.165274        316.018576     37.379432     17.023210     -0.121463      9.266293
      0.735294      0.960788      0.000220      0.001481      0.000000       -331.794342        318.330970     37.927857     17.286672     -0.121463      9.266293
      0.745098      0.960760      0.000405      0.002721      0.000000       -334.606517        320.638505     38.476270     17.550122     -0.121463      9.266293
      0.754902      0.960709      0.000745      0.004986      0.000000       -337.754471        322.937113     39.024661     17.813552     -0.121463      9.266293
      0.764706      0.960616      0.001367      0.009108      0.000000       -341.514548        325.219386     39.573012     18.076944     -0.121463      9.266293
      0.774510      0.960446      0.002499      0.016559      0.000000       -346.379919        327.471971     40.121290     18.340265     -0.121463      9.266293
      0.784314      0.960135      0.004552      0.029889      0.000000       -353.209106        329.671161     40.669435     18.603456     -0.121463      9.266293
      0.794118      0.959570      0.008233      0.053313      0.000000       -363.431104        331.776034     41.217337     18.866411     -0.121463      9.266293
      0.803922      0.958554      0.014736      0.093264      0.000000       -379.234764        333.719303     41.764800     19.128933     -0.121463      9.266293
      0.813725      0.956751      0.025933      0.158105      0.000000       -403.471327        335.399544     42.311478     19.390668     -0.121463      9.266293
      0.823529      0.953622      0.044453      0.255418      0.000000       -438.707178        336.685929     42.856781     19.650980     -0.121463      9.266293
      0.833333      0.948364      0.073354      0.385728      0.000000       -485.035176        337.453171     43.399734     19.908771     -0.121463      9.266293
      0.843137      0.939917      0.115162      0.536297      0.000000       -537.932343        337.648422     43.938831     20.162230     -0.121463      9.266293
      0.852941      0.927079      0.170704      0.683983      0.000000       -589.324887        337.342759     44.471912     20.408633     -0.121463      9.266293
      0.862745      0.908699      0.238716      0.808340      0.000000       -632.199698        336.704898     44.996133     20.644347     -0.121463      9.266293
      0.872549      0.883865      0.316615      0.901422      0.000000       -663.964669        335.915865     45.508057     20.865139     -0.121463      9.266293
      0.882353      0.851988      0.401633      0.966103      0.000000       -685.768491        335.105142     46.003815     21.066733     -0.121463      9.266293
      0.892157      0.812794      0.491502      1.009453      0.000000       -700.155051        334.340519     46.479296     21.245412     -0.121463      9.266293
      0.901961      0.766272      0.584604      1.038252      0.000000       -709.515400        333.646597     46.930309     21.398510     -0.121463      9.266293
      0.911765      0.712618      0.679858      1.057542      0.000000       -715.609722        333.025068     47.352718     21.524724     -0.121463      9.266293
      0.921569      0.652187      0.776566      1.070700      0.000000       -719.607104        332.467805     47.742547     21.624239     -0.121463      9.266293
      0.931373      0.585461      0.874277      1.079891      0.000000       -722.251956        331.963529     48.096060     21.698675     -0.121463      9.266293
      0.941176      0.513025      0.972696      1.086489      0.000000       -724.012606        331.500682     48.409825     21.750887     -0.121463      9.266293
      0.950980      0.435545      1.071631      1.091371      0.000000       -725.184676        331.068408     48.680771     21.784634     -0.121463      9.266293
      0.960784      0.353758      1.170955      1.095108      0.000000       -725.956800        330.656704     48.906225     21.804180     -0.121463      9.266293
      0.970588      0.268456      1.270581      1.098079      0.000000       -726.451036        330.256261     49.083953     21.813843     -0.121463      9.266293
      0.980392      0.180478      1.370452      1.100545      0.000000       -726.747507        329.858210     49.212187     21.817546     -0.121463      9.266293
      0.990196      0.090694      1.470531      1.102696      0.000000       -726.899586        329.453897     49.289644     21.818418     -0.121463      9.266293
      1.000000      0.000000      1.570796      1.104340      0.000000       -726.941756        329.129363     49.315550     21.818477     -0.121463      9.266293
