             t             r           psi            cs            qs                 p               sig             A             V            Q2             S
      0.000000     -0.000000     -1.570796     -0.962253      0.000000       -224.433940        116.619032      0.000000      0.000000      0.064258      4.419192
      0.009804      0.043313     -1.529090     -0.963607      0.000000       -224.440281        116.517124      0.005896      0.000003      0.064258      4.419192
      0.019608      0.086550     -1.487292     -0.965861      0.000000       -224.466026        116.331117      0.023575      0.000043      0.064258      4.419192
      0.029412      0.129636     -1.445396     -0.968182      0.000000       -224.512128        116.148688      0.053004      0.000215      0.064258      4.419192
      0.039216      0.172495     -1.403397     -0.970632      0.000000       -224.581552        115.969004      0.094134      0.000677      0.064258      4.419192
      0.049020      0.215051     -1.361288     -0.973251      0.000000       -224.677828        115.791241      0.146890      0.001647      0.064258      4.419192
      0.058824      0.257226     -1.319061     -0.976084      0.000000       -224.805225        115.614581      0.211182      0.003396      0.064258      4.419192
      0.068627      0.298945     -1.276705     -0.979181      0.000000       -224.968936        115.438210      0.286894      0.006249      0.064258      4.419192
      0.078431      0.340131     -1.234209     -0.982605      0.000000       -225.175307        115.261319      0.373892      0.010578      0.064258      4.419192
      0.088235      0.380708     -1.191556     -0.986426      0.000000       -225.432136        115.083095      0.472021      0.016793      0.064258      4.419192
      0.098039      0.420599     -1.148727     -0.990733      0.000000       -225.749049        114.902728      0.581104      0.025338      0.064258      4.419192
      0.107843      0.459729     -1.105700     -0.995633      0.000000       -226.137989        114.719402      0.700944      0.036680      0.064258      4.419192
      0.117647      0.498021     -1.062445     -1.001257      0.000000       -226.613860        114.532304      0.831324      0.051306      0.064258      4.419192
      0.127451      0.535397     -1.018927     -1.007769      0.000000       -227.195359        114.340627      0.972005      0.069709      0.064258      4.419192
      0.137255      0.571782     -0.975105     -1.015376      0.000000       -227.906082        114.143583      1.122727      0.092380      0.064258      4.419192
      0.147059      0.607097     -0.930924     -1.024336      0.000000       -228.775979        113.940425      1.283211      0.119802      0.064258      4.419192
      0.156863      0.641264     -0.886321     -1.034978      0.000000       -229.843253        113.730496      1.453153      0.152437      0.064258      4.419192
      0.166667      0.674203     -0.841212     -1.047723      0.000000       -231.156862        113.513292      1.632231      0.190718      0.064258      4.419192
      0.176471      0.705830     -0.795497     -1.063109      0.000000       -232.779704        113.288591      1.820099      0.235040      0.064258      4.419192
      0.186275      0.736061     -0.749045     -1.081825      0.000000       -234.792580        113.056645      2.016389      0.285749      0.064258      4.419192
      0.196078      0.764803     -0.701695     -1.104746      0.000000       -237.298741        112.818506      2.220707      0.343136      0.064258      4.419192
      0.205882      0.791961     -0.653242     -1.132963      0.000000       -240.428235        112.576567      2.432637      0.407423      0.064258      4.419192
      0.215686      0.817430     -0.603428     -1.167793      0.000000       -244.339742        112.335429      2.651732      0.478757      0.064258      4.419192
      0.225490      0.841092     -0.551935     -1.210687      0.000000       -249.214080        112.103326      2.877517      0.557200      0.064258      4.419192
      0.235294      0.862818     -0.498385     -1.262947      0.000000       -255.226064        111.894383      3.109483      0.642709      0.064258      4.419192
      0.245098      0.882460     -0.442358     -1.324953      0.000000       -262.466798        111.732053      3.347083      0.735131      0.064258      4.419192
      0.254902      0.899853     -0.383466     -1.394464      0.000000       -270.765927        111.653866      3.589728      0.834169      0.064258      4.419192
      0.264706      0.914818     -0.321529     -1.463419      0.000000       -279.348856        111.716575      3.836782      0.939365      0.064258      4.419192
      0.274510      0.927181     -0.256926     -1.513456      0.000000       -286.332867        111.997859      4.087559      1.050059      0.064258      4.419192
      0.284314      0.936804     -0.191106     -1.513456      0.000000       -288.386352        112.585716      4.341330      1.165372      0.064258      4.419192
      0.294118      0.943652     -0.127033     -1.427556      0.000000       -281.447524        113.545042      4.597342      1.284224      0.064258      4.419192
      0.303922      0.947860     -0.068913     -1.238900      0.000000       -263.208450        114.867770      4.854855      1.405431      0.064258      4.419192
      0.313725      0.949761     -0.020835     -0.971493      0.000000       -235.708882        116.447726      5.113188      1.527878      0.064258      4.419192
      0.323529      0.949844      0.014925     -0.680156      0.000000       -204.682348        118.119306      5.371780      1.650694      0.064258      4.419192
      0.333333      0.948645      0.038509     -0.416111      0.000000       -175.941665        119.731764      5.630208      1.773310      0.064258      4.419192
      0.343137      0.946657      0.051764     -0.205495      0.000000       -152.757583        121.194930      5.888192      1.895426      0.064258      4.419192
      0.352941      0.944275      0.057142     -0.051794      0.000000       -135.838060        122.478270      6.145574      2.016917      0.064258      4.419192
      0.362745      0.941788      0.056961      0.052892      0.000000       -124.477871        123.588573      6.402287      2.137762      0.064258      4.419192
      0.372549      0.939395      0.053110      0.119385      0.000000       -117.528369        124.549233      6.658333      2.257994      0.064258      4.419192
      0.382353      0.937220      0.047024      0.157557      0.000000       -113.883335        125.387849      6.913754      2.377672      0.064258      4.419192
      0.392157      0.935338      0.039752      0.175254      0.000000       -112.638720        126.130508      7.168622      2.496870      0.064258      4.419192
      0.401961      0.933783      0.032048      0.178371      0.000000       -113.104335        126.799807      7.423022      2.615665      0.064258      4.419192
      0.411765      0.932560      0.024444      0.171260      0.000000       -114.766929        127.414585      7.677044      2.734137      0.064258      4.419192
      0.421569      0.931658      0.017309      0.157137      0.000000       -117.246426        127.990305      7.930778      2.852362      0.064258      4.419192
      0.431373      0.931050      0.010894      0.138413      0.000000       -120.258993        128.539585      8.184306      2.970409      0.064258      4.419192
      0.441176      0.930702      0.005355      0.116924      0.000000       -123.589530        129.072688      8.437705      3.088344      0.064258      4.419192
      0.450980      0.930572      0.000781      0.094094      0.000000       -127.072526        129.597917      8.691040      3.206223      0.064258      4.419192
      0.460784      0.930620     -0.002795      0.071032      0.000000       -130.579464        130.121903      8.944365      3.324093      0.064258      4.419192
      0.470588      0.930800     -0.005383      0.048601      0.000000       -134.011079        130.649796      9.197722      3.441991      0.064258      4.419192
      0.480392      0.931072     -0.007025      0.027446      0.000000       -137.293080        131.185398      9.451141      3.559947      0.064258      4.419192
      0.490196      0.931396     -0.007786      0.008014      0.000000       -140.374217        131.731237      9.704642      3.677978      0.064258      4.419192
      0.500000      0.931735     -0.007748     -0.009442      0.000000       -143.225742        132.288629      9.958235      3.796093      0.064258      4.419192
      0.509804      0.932057     -0.006997     -0.024858      0.000000       -145.841513        132.857723     10.211918      3.914293      0.064258      4.419192
      0.519608      0.932333     -0.005622     -0.038356      0.000000       -148.238072        133.437561     10.465683      4.032571      0.064258      4.419192
      0.529412      0.932536     -0.003697     -0.050237      0.000000       -150.454240        134.026143     10.719513      4.150911      0.064258      4.419192
      0.539216      0.932646     -0.001285     -0.060968      0.000000       -152.549935        134.620519     10.973387      4.269292      0.064258      4.419192
      0.549020      0.932641      0.001578     -0.071157      0.000000       -154.604125        135.216883     11.227276      4.387687      0.064258      4.419192
      0.558824      0.932503      0.004883     -0.081530      0.000000       -156.711965        135.810677     11.481145      4.506063      0.064258      4.419192
      0.568627      0.932211      0.008657     -0.092902      0.000000       -158.981228        136.396691     11.734957      4.624384      0.064258      4.419192
      0.578431      0.931745      0.012960     -0.106138      0.000000       -161.528149        136.969162     11.988665      4.742604      0.064258      4.419192
      0.588235      0.931079      0.017893     -0.122124      0.000000       -164.472639        137.521863     12.242221      4.860675      0.064258      4.419192
      0.598039      0.930184      0.023595     -0.141722      0.000000       -167.932715        138.048199     12.495564      4.978537      0.064258      4.419192
      0.607843      0.929022      0.030237     -0.165726      0.000000       -172.017847        138.541328     12.748629      5.096122      0.064258      4.419192
      0.617647      0.927548      0.038028     -0.194813      0.000000       -176.820954        138.994325     13.001336      5.213349      0.064258      4.419192
      0.627451      0.925707      0.047199     -0.229474      0.000000       -182.409039        139.400410     13.253593      5.330122      0.064258      4.419192
      0.637255      0.923436      0.057997     -0.269953      0.000000       -188.812950        139.753265     13.505291      5.446323      0.064258      4.419192
      0.647059      0.920658      0.070674     -0.316183      0.000000       -196.017573        140.047426     13.756305      5.561813      0.064258      4.419192
      0.656863      0.917287      0.085471     -0.367731      0.000000       -203.954506        140.278733     14.006483      5.676424      0.064258      4.419192
      0.666667      0.913227      0.102603     -0.423790      0.000000       -212.499780        140.444764     14.255653      5.789956      0.064258      4.419192
      0.676471      0.908376      0.122241     -0.483204      0.000000       -221.478790        140.545189     14.503612      5.902174      0.064258      4.419192
      0.686275      0.902624      0.144501     -0.544555      0.000000       -230.679295        140.581938     14.750130      6.012805      0.064258      4.419192
      0.696078      0.895861      0.169433     -0.606290      0.000000       -239.871142        140.559136     14.994948      6.121540      0.064258      4.419192
      0.705882      0.887977      0.197020     -0.666875      0.000000       -248.829252        140.482791     15.237774      6.228032      0.064258      4.419192
      0.715686      0.878866      0.227182     -0.724939      0.000000       -257.355220        140.360265     15.478289      6.331905      0.064258      4.419192
      0.725490      0.868429      0.259784     -0.779388      0.000000       -265.293334        140.199654     15.716146      6.432758      0.064258      4.419192
      0.735294      0.856580      0.294653     -0.829457      0.000000       -272.538599        140.009151     15.950972      6.530178      0.064258      4.419192
      0.745098      0.843242      0.331588     -0.874721      0.000000       -279.036725        139.796514     16.182370      6.623750      0.064258      4.419192
      0.754902      0.828353      0.370377     -0.915059      0.000000       -284.777886        139.568687     16.409928      6.713068      0.064258      4.419192
      0.764706      0.811863      0.410809     -0.950585      0.000000       -289.786927        139.331577     16.633216      6.797752      0.064258      4.419192
      0.774510      0.793739      0.452681     -0.981585      0.000000       -294.112611        139.089986     16.851793      6.877459      0.064258      4.419192
      0.784314      0.773959      0.495804     -1.008449      0.000000       -297.817752        138.847650     17.065212      6.951894      0.064258      4.419192
      0.794118      0.752516      0.540010     -1.031613      0.000000       -300.971238        138.607342     17.273019      7.020820      0.064258      4.419192
      0.803922      0.729412      0.585147     -1.051525      0.000000       -303.642238        138.371017     17.474763      7.084067      0.064258      4.419192
      0.813725      0.704663      0.631085     -1.068617      0.000000       -305.896415        138.139955     17.669993      7.141537      0.064258      4.419192
      0.823529      0.678296      0.677709     -1.083283      0.000000       -307.793761        137.914904     17.858265      7.193208      0.064258      4.419192
      0.833333      0.650346      0.724922     -1.095881      0.000000       -309.387616        137.696201     18.039143      7.239136      0.064258      4.419192
      0.843137      0.620856      0.772642     -1.106723      0.000000       -310.724484        137.483872     18.212202      7.279449      0.064258      4.419192
      0.852941      0.589879      0.820799     -1.116079      0.000000       -311.844331        137.277714     18.377029      7.314353      0.064258      4.419192
      0.862745      0.557475      0.869334     -1.124182      0.000000       -312.781156        137.077357     18.533228      7.344116      0.064258      4.419192
      0.872549      0.523710      0.918195     -1.131229      0.000000       -313.563665        136.882310     18.680419      7.369068      0.064258      4.419192
      0.882353      0.488656      0.967343     -1.137387      0.000000       -314.215973        136.692001     18.818241      7.389589      0.064258      4.419192
      0.892157      0.452390      1.016740     -1.142799      0.000000       -314.758267        136.505795     18.946354      7.406102      0.064258      4.419192
      0.901961      0.414997      1.066358     -1.147584      0.000000       -315.207411        136.323015     19.064440      7.419056      0.064258      4.419192
      0.911765      0.376562      1.116172     -1.151843      0.000000       -315.577474        136.142954     19.172202      7.428919      0.064258      4.419192
      0.921569      0.337178      1.166160     -1.155663      0.000000       -315.880190        135.964881     19.269370      7.436163      0.064258      4.419192
      0.931373      0.296941      1.216305     -1.159117      0.000000       -316.125345        135.788045     19.355699      7.441255      0.064258      4.419192
      0.941176      0.255949      1.266594     -1.162268      0.000000       -316.321104        135.611679     19.430969      7.444639      0.064258      4.419192
      0.950980      0.214303      1.317013     -1.165171      0.000000       -316.474282        135.435003     19.494989      7.446728      0.064258      4.419192
      0.960784      0.172109      1.367554     -1.167873      0.000000       -316.590580        135.257221     19.547595      7.447893      0.064258      4.419192
      0.970588      0.129472      1.418208     -1.170417      0.000000       -316.674768        135.077523     19.588652      7.448452      0.064258      4.419192
      0.980392      0.086501      1.468970     -1.172843      0.000000       -316.730861        134.895086     19.618055      7.448661      0.064258      4.419192
      0.990196      0.043307      1.519835     -1.175213      0.000000       -316.762269        134.709078     19.635727      7.448710      0.064258      4.419192
      1.000000      0.000000      1.570796     -1.176646      0.000000       -316.770021        134.607169     19.641623      7.448713      0.064258      4.419192
