             t             r           psi            cs            qs                 p               sig             A             V            Q2             S
      0.000000      0.000000     -1.570796     -0.988502      0.000000      -2052.664207       1038.269921      0.000000      0.000000      0.018607      4.377834
      0.009804      0.042907     -1.528368     -0.988672      0.000000      -2052.670913       1038.159053      0.005786      0.000003      0.018607      4.377834
      0.019608      0.085737     -1.485928     -0.988957      0.000000      -2052.698388       1037.953716      0.023135      0.000042      0.018607      4.377834
      0.029412      0.128412     -1.443476     -0.989250      0.000000      -2052.747661       1037.751724      0.052014      0.000212      0.018607      4.377834
      0.039216      0.170856     -1.401011     -0.989558      0.000000      -2052.821956       1037.552097      0.092373      0.000668      0.018607      4.377834
      0.049020      0.212992     -1.358532     -0.989887      0.000000      -2052.925125       1037.353843      0.144138      0.001623      0.018607      4.377834
      0.058824      0.254744     -1.316039     -0.990241      0.000000      -2053.061835       1037.155955      0.207215      0.003343      0.018607      4.377834
      0.068627      0.296037     -1.273529     -0.990628      0.000000      -2053.237782       1036.957402      0.281492      0.006146      0.018607      4.377834
      0.078431      0.336795     -1.231003     -0.991055      0.000000      -2053.459958       1036.757120      0.366834      0.010393      0.018607      4.377834
      0.088235      0.376944     -1.188457     -0.991530      0.000000      -2053.736998       1036.554002      0.463087      0.016480      0.018607      4.377834
      0.098039      0.416412     -1.145889     -0.992066      0.000000      -2054.079626       1036.346878      0.570077      0.024835      0.018607      4.377834
      0.107843      0.455127     -1.103297     -0.992676      0.000000      -2054.501246       1036.134503      0.687610      0.035909      0.018607      4.377834
      0.117647      0.493018     -1.060676     -0.993377      0.000000      -2055.018739       1035.915534      0.815475      0.050165      0.018607      4.377834
      0.127451      0.530015     -1.018024     -0.994189      0.000000      -2055.653527       1035.688500      0.953438      0.068072      0.018607      4.377834
      0.137255      0.566051     -0.975333     -0.995139      0.000000      -2056.433027       1035.451776      1.101251      0.090094      0.018607      4.377834
      0.147059      0.601059     -0.932599     -0.996263      0.000000      -2057.392668       1035.203538      1.258644      0.116685      0.018607      4.377834
      0.156863      0.634974     -0.889811     -0.997605      0.000000      -2058.578698       1034.941723      1.425332      0.148274      0.018607      4.377834
      0.166667      0.667732     -0.846960     -0.999224      0.000000      -2060.052172       1034.663967      1.601012      0.185265      0.018607      4.377834
      0.176471      0.699271     -0.804033     -1.001199      0.000000      -2061.894690       1034.367538      1.785363      0.228018      0.018607      4.377834
      0.186275      0.729530     -0.761011     -1.003636      0.000000      -2064.216773       1034.049253      1.978047      0.276851      0.018607      4.377834
      0.196078      0.758451     -0.717872     -1.006681      0.000000      -2067.170318       1033.705379      2.178713      0.332028      0.018607      4.377834
      0.205882      0.785975     -0.674586     -1.010539      0.000000      -2070.967432       1033.331523      2.386991      0.393753      0.018607      4.377834
      0.215686      0.812046     -0.631112     -1.015499      0.000000      -2075.909443       1032.922520      2.602496      0.462166      0.018607      4.377834
      0.225490      0.836606     -0.587394     -1.021979      0.000000      -2082.432427       1032.472338      2.824830      0.537338      0.018607      4.377834
      0.235294      0.859598     -0.543355     -1.030599      0.000000      -2091.179920       1031.974077      3.053577      0.619264      0.018607      4.377834
      0.245098      0.880966     -0.498884     -1.042287      0.000000      -2103.120696       1031.420222      3.288306      0.707865      0.018607      4.377834
      0.254902      0.900647     -0.453821     -1.058471      0.000000      -2119.740564       1030.803530      3.528572      0.802983      0.018607      4.377834
      0.264706      0.918575     -0.407929     -1.081367      0.000000      -2143.349497       1030.119490      3.773911      0.904380      0.018607      4.377834
      0.274510      0.934673     -0.360852     -1.114414      0.000000      -2177.536659       1029.372640      4.023839      1.011736      0.018607      4.377834
      0.284314      0.948848     -0.312051     -1.162725      0.000000      -2227.661029       1028.592372      4.277852      1.124648      0.018607      4.377834
      0.294118      0.960981     -0.260733     -1.232673      0.000000      -2300.484518       1027.871841      4.535415      1.242620      0.018607      4.377834
      0.303922      0.970917     -0.205886     -1.326510      0.000000      -2398.819611       1027.458502      4.795958      1.365049      0.018607      4.377834
      0.313725      0.978461     -0.146846     -1.419016      0.000000      -2497.884642       1027.923635      5.058862      1.491190      0.018607      4.377834
      0.323529      0.983434     -0.085548     -1.405441      0.000000      -2491.740466       1030.254864      5.323457      1.620102      0.018607      4.377834
      0.333333      0.985871     -0.030055     -1.131225      0.000000      -2220.493843       1035.147826      5.589046      1.750657      0.018607      4.377834
      0.343137      0.986259      0.008587     -0.658376      0.000000      -1741.819463       1041.589231      5.854999      1.881785      0.018607      4.377834
      0.352941      0.985422      0.027410     -0.244135      0.000000      -1318.507161       1047.642417      6.120873      2.012822      0.018607      4.377834
      0.362745      0.984110      0.031967      0.005437      0.000000      -1063.150222       1052.426204      6.386443      2.143525      0.018607      4.377834
      0.372549      0.982788      0.028802      0.125253      0.000000       -941.819318       1056.043014      6.651650      2.273871      0.018607      4.377834
      0.382353      0.981685      0.022311      0.167812      0.000000       -900.643248       1058.843304      6.916527      2.403910      0.018607      4.377834
      0.392157      0.980884      0.014994      0.168115      0.000000       -903.295868       1061.129555      7.181147      2.533718      0.018607      4.377834
      0.401961      0.980390      0.008192      0.146331      0.000000       -928.778088       1063.117162      7.445593      2.663368      0.018607      4.377834
      0.411765      0.980164      0.002580      0.114147      0.000000       -964.941535       1064.954684      7.709943      2.792932      0.018607      4.377834
      0.421569      0.980148     -0.001562      0.078769      0.000000      -1004.324452       1066.745359      7.974261      2.922466      0.018607      4.377834
      0.431373      0.980276     -0.004204      0.044952      0.000000      -1042.016569       1068.560764      8.238596      3.052017      0.018607      4.377834
      0.441176      0.980489     -0.005489      0.015902      0.000000      -1074.710096       1070.448075      8.502979      3.181612      0.018607      4.377834
      0.450980      0.980732     -0.005666     -0.006420      0.000000      -1100.370977       1072.433714      8.767423      3.311269      0.018607      4.377834
      0.460784      0.980964     -0.005046     -0.021222      0.000000      -1118.167107       1074.525784      9.031933      3.440989      0.018607      4.377834
      0.470588      0.981158     -0.003948     -0.028809      0.000000      -1128.404760       1076.717013      9.296501      3.570767      0.018607      4.377834
      0.480392      0.981300     -0.002659     -0.030385      0.000000      -1132.331370       1078.988918      9.561114      3.700590      0.018607      4.377834
      0.490196      0.981387     -0.001401     -0.027711      0.000000      -1131.788076       1081.316890      9.825758      3.830443      0.018607      4.377834
      0.500000      0.981423     -0.000314     -0.022712      0.000000      -1128.800296       1083.675165     10.090418      3.960313      0.018607      4.377834
      0.509804      0.981417      0.000541     -0.017150      0.000000      -1125.229398       1086.040634     10.355082      4.090187      0.018607      4.377834
      0.519608      0.981380      0.001170     -0.012426      0.000000      -1122.569709       1088.394858     10.619741      4.220055      0.018607      4.377834
      0.529412      0.981319      0.001634     -0.009554      0.000000      -1121.906789       1090.724329     10.884385      4.349910      0.018607      4.377834
      0.539216      0.981240      0.002027     -0.009230      0.000000      -1124.002087       1093.019332     11.149011      4.479746      0.018607      4.377834
      0.549020      0.981144      0.002470     -0.011993      0.000000      -1129.453012       1095.271960     11.413614      4.609558      0.018607      4.377834
      0.558824      0.981026      0.003108     -0.018398      0.000000      -1138.885790       1097.473639     11.678187      4.739343      0.018607      4.377834
      0.568627      0.980872      0.004112     -0.029198      0.000000      -1153.152576       1099.612435     11.942725      4.869091      0.018607      4.377834
      0.578431      0.980664      0.005693     -0.045509      0.000000      -1173.509618       1101.670271     12.207214      4.998792      0.018607      4.377834
      0.588235      0.980372      0.008120     -0.068920      0.000000      -1201.741122       1103.620259     12.471636      5.128425      0.018607      4.377834
      0.598039      0.979950      0.011741     -0.101497      0.000000      -1240.160486       1105.424625     12.735964      5.257962      0.018607      4.377834
      0.607843      0.979340      0.016997     -0.145570      0.000000      -1291.374965       1107.034213     13.000154      5.387358      0.018607      4.377834
      0.617647      0.978460      0.024431     -0.203202      0.000000      -1357.680442       1108.391197     13.264145      5.516544      0.018607      4.377834
      0.627451      0.977204      0.034648     -0.275284      0.000000      -1440.046976       1109.436776     13.527850      5.645423      0.018607      4.377834
      0.637255      0.975438      0.048250     -0.360500      0.000000      -1536.952808       1110.124296     13.791152      5.773853      0.018607      4.377834
      0.647059      0.973008      0.065724     -0.454739      0.000000      -1643.732762       1110.434725     14.053891      5.901638      0.018607      4.377834
      0.656863      0.969742      0.087323     -0.551621      0.000000      -1753.183825       1110.387409     14.315866      6.028515      0.018607      4.377834
      0.666667      0.965464      0.113012     -0.644183      0.000000      -1857.480445       1110.038960     14.576828      6.154149      0.018607      4.377834
      0.676471      0.960009      0.142477     -0.726862      0.000000      -1950.407634       1109.469467     14.836482      6.278134      0.018607      4.377834
      0.686275      0.953231      0.175220     -0.796654      0.000000      -2028.653936       1108.763133     15.094488      6.400003      0.018607      4.377834
      0.696078      0.945010      0.210670     -0.853066      0.000000      -2091.735762       1107.992602     15.350475      6.519246      0.018607      4.377834
      0.705882      0.935254      0.248273     -0.897304      0.000000      -2141.068047       1107.211562     15.604039      6.635330      0.018607      4.377834
      0.715686      0.923899      0.287548     -0.931352      0.000000      -2178.921083       1106.454647     15.854758      6.747721      0.018607      4.377834
      0.725490      0.910899      0.328104     -0.957306      0.000000      -2207.678519       1105.741172     16.102194      6.855901      0.018607      4.377834
      0.735294      0.896231      0.369635     -0.977038      0.000000      -2229.454925       1105.079762     16.345900      6.959389      0.018607      4.377834
      0.745098      0.879886      0.411906     -0.992069      0.000000      -2245.967960       1104.472327     16.585424      7.057745      0.018607      4.377834
      0.754902      0.861868      0.454743     -1.003581      0.000000      -2258.545400       1103.916954     16.820314      7.150591      0.018607      4.377834
      0.764706      0.842189      0.498016     -1.012462      0.000000      -2268.185588       1103.409795     17.050121      7.237612      0.018607      4.377834
      0.774510      0.820872      0.541625     -1.019371      0.000000      -2275.628476       1102.946209     17.274400      7.318563      0.018607      4.377834
      0.784314      0.797947      0.585497     -1.024797      0.000000      -2281.419298       1102.521419     17.492712      7.393274      0.018607      4.377834
      0.794118      0.773449      0.629577     -1.029098      0.000000      -2285.959625       1102.130855     17.704629      7.461651      0.018607      4.377834
      0.803922      0.747419      0.673823     -1.032540      0.000000      -2289.546127       1101.770305     17.909732      7.523676      0.018607      4.377834
      0.813725      0.719903      0.718201     -1.035320      0.000000      -2292.399122       1101.435982     18.107614      7.579406      0.018607      4.377834
      0.823529      0.690951      0.762687     -1.037587      0.000000      -2294.683309       1101.124513     18.297881      7.628970      0.018607      4.377834
      0.833333      0.660617      0.807262     -1.039451      0.000000      -2296.522717       1100.832915     18.480153      7.672563      0.018607      4.377834
      0.843137      0.628960      0.851909     -1.040999      0.000000      -2298.011471       1100.558554     18.654065      7.710446      0.018607      4.377834
      0.852941      0.596040      0.896617     -1.042294      0.000000      -2299.221569       1100.299098     18.819268      7.742931      0.018607      4.377834
      0.862745      0.561922      0.941376     -1.043388      0.000000      -2300.208507       1100.052475     18.975430      7.770381      0.018607      4.377834
      0.872549      0.526673      0.986179     -1.044319      0.000000      -2301.015396       1099.816836     19.122237      7.793197      0.018607      4.377834
      0.882353      0.490362      1.031019     -1.045119      0.000000      -2301.675965       1099.590515     19.259394      7.811811      0.018607      4.377834
      0.892157      0.453062      1.075890     -1.045811      0.000000      -2302.216794       1099.371998     19.386624      7.826677      0.018607      4.377834
      0.901961      0.414847      1.120790     -1.046416      0.000000      -2302.658967       1099.159900     19.503670      7.838257      0.018607      4.377834
      0.911765      0.375794      1.165714     -1.046949      0.000000      -2303.019314       1098.952934     19.610296      7.847018      0.018607      4.377834
      0.921569      0.335981      1.210659     -1.047424      0.000000      -2303.311351       1098.749899     19.706285      7.853416      0.018607      4.377834
      0.931373      0.295488      1.255624     -1.047850      0.000000      -2303.545987       1098.549655     19.791445      7.857888      0.018607      4.377834
      0.941176      0.254396      1.300606     -1.048236      0.000000      -2303.732077       1098.351115     19.865602      7.860846      0.018607      4.377834
      0.950980      0.212790      1.345604     -1.048591      0.000000      -2303.876841       1098.153228     19.928607      7.862664      0.018607      4.377834
      0.960784      0.170752      1.390616     -1.048920      0.000000      -2303.986191       1097.954972     19.980331      7.863675      0.018607      4.377834
      0.970588      0.128368      1.435643     -1.049229      0.000000      -2304.064997       1097.755342     20.020671      7.864158      0.018607      4.377834
      0.980392      0.085724      1.480682     -1.049522      0.000000      -2304.117293       1097.553349     20.049543      7.864339      0.018607      4.377834
      0.990196      0.042905      1.525733     -1.049809      0.000000      -2304.146466       1097.348011     20.066890      7.864381      0.018607      4.377834
      1.000000     -0.000000      1.570796     -1.049980      0.000000      -2304.153589       1097.237143     20.072676      7.864383      0.018607      4.377834
